 #  1.  time
 #  2.  Total Energy
 #  3.  Total dE/dt
 #  4.  Drive 1 term
 #  5.  Heat sources (nonlocal)
 #  6.  Collisional Dissipation
 #  7.  hyp_v dissipation
 #  8.  hyp_z dissipation
 #  9.  hyp_x/y dissipation
 #  10. nonlinearity
 #  11. [Poisson err]_z,vpar
 #  12. curvature + remaining terms (if any)
 #  13. (abs(10)+abs(11)+abs(12))/abs(4): test for conservation
 #  14. change in energy: (E(t)-E(t_last_energy_calc))/(dt*istep_energy)
#        1           2           3           4           5           6           7           8           9          10          11          12          13          14
  0.0000E+00  1.5345E-01 -3.8966E-02  0.0000E+00  0.0000E+00  6.1497E-05 -1.9269E-07 -3.9028E-02  0.0000E+00  0.0000E+00 -4.5797E-16 -3.4694E-17  0.0000E+00  3.6800E+00
  4.1700E-02  2.4925E+00  6.6707E+01  6.7592E+01  0.0000E+00 -7.9633E-01 -1.2858E-03 -8.8166E-02  0.0000E+00  0.0000E+00 -4.1633E-17 -2.2204E-15  3.3466E-17  5.6093E+01
  8.3400E-02  7.4477E+00  2.2320E+02  2.2881E+02  0.0000E+00 -5.5074E+00 -9.2835E-03 -9.0491E-02  0.0000E+00  0.0000E+00  5.5372E-15 -3.5527E-15  3.9728E-17  1.1883E+02
  1.2510E-01  2.4665E+01  7.9129E+02  8.1534E+02  0.0000E+00 -2.3977E+01 -3.3966E-02 -4.2519E-02  0.0000E+00  0.0000E+00  2.7117E-14 -2.8422E-14  6.8117E-17  4.1289E+02
  1.6680E-01  1.0833E+02  4.1039E+03  4.2019E+03  0.0000E+00 -9.7520E+01 -1.0124E-01 -4.2296E-01  0.0000E+00  0.0000E+00  9.9365E-15  4.2577E-14  1.2498E-17  2.0064E+03
  2.0850E-01  5.7899E+02  2.4108E+04  2.4599E+04  0.0000E+00 -4.8613E+02 -3.5805E-01 -3.8387E+00  0.0000E+00  0.0000E+00  2.3803E-13 -4.5475E-13  2.8163E-17  1.1287E+04
  2.5020E-01  3.3352E+03  1.3963E+05  1.4256E+05  0.0000E+00 -2.9131E+03 -1.8548E+00 -1.7406E+01  0.0000E+00  0.0000E+00  1.9895E-13 -1.0914E-11  7.7954E-17  6.6095E+04
  2.9190E-01  1.8551E+04  7.4847E+05  7.6607E+05  0.0000E+00 -1.7510E+04 -1.1222E+01 -7.4958E+01  0.0000E+00  0.0000E+00 -3.3111E-12 -1.8190E-11  2.8067E-17  3.6489E+05
  3.3360E-01  9.6318E+04  3.7316E+06  3.8283E+06  0.0000E+00 -9.6271E+04 -6.4010E+01 -4.0849E+02  0.0000E+00  0.0000E+00  1.3415E-11  1.4552E-10  4.1515E-17  1.8649E+06
  3.7530E-01  4.7265E+05  1.7809E+07  1.8297E+07  0.0000E+00 -4.8513E+05 -3.3027E+02 -2.4994E+03  0.0000E+00  0.0000E+00 -4.2473E-10 -2.0373E-09  1.3455E-16  9.0248E+06
  4.1700E-01  2.2484E+06  8.3732E+07  8.6070E+07  0.0000E+00 -2.3224E+06 -1.5894E+03 -1.4481E+04  0.0000E+00  0.0000E+00  4.3110E-10  0.0000E+00  5.0087E-18  4.2583E+07
  4.5870E-01  1.0622E+07  3.9646E+08  4.0751E+08  0.0000E+00 -1.0964E+07 -7.4582E+03 -7.5416E+04  0.0000E+00  0.0000E+00 -3.3615E-09 -1.8626E-08  5.3957E-17  2.0080E+08
  5.0040E-01  5.0759E+07  1.9167E+09  1.9695E+09  0.0000E+00 -5.2424E+07 -3.5325E+04 -3.6121E+05  0.0000E+00  0.0000E+00 -2.4971E-08  2.2352E-08  2.4028E-17  9.6252E+08
  5.4210E-01  2.4802E+08  9.5148E+09  9.7736E+09  0.0000E+00 -2.5701E+08 -1.7188E+05 -1.6626E+06  0.0000E+00  0.0000E+00 -1.3527E-07 -6.8545E-07  8.3974E-17  4.7305E+09
  5.8380E-01  1.2437E+09  4.8479E+10  4.9781E+10  0.0000E+00 -1.2937E+09 -8.6142E+05 -7.6398E+06  0.0000E+00  0.0000E+00 -9.7044E-07 -3.3379E-06  8.6545E-17  2.3876E+10
  6.2550E-01  6.3892E+09  2.5246E+11  2.5916E+11  0.0000E+00 -6.6563E+09 -4.4217E+06 -3.5845E+07  0.0000E+00  0.0000E+00 -7.9721E-07  1.2398E-05  5.0914E-17  1.2339E+11
  6.6720E-01  3.3476E+10  1.3364E+12  1.3714E+12  0.0000E+00 -3.4812E+10 -2.3073E+07 -1.7312E+08  0.0000E+00  0.0000E+00  9.4175E-06  1.2207E-04  9.5877E-17  6.4956E+11
  7.0890E-01  1.7793E+11  7.1540E+12  7.3391E+12  0.0000E+00 -1.8418E+11 -1.2171E+08 -8.6046E+08  0.0000E+00  0.0000E+00 -1.5175E-04 -2.4414E-04  5.3943E-17  3.4642E+12
  7.5060E-01  9.5495E+11  3.8570E+13  3.9558E+13  0.0000E+00 -9.8282E+11 -6.4709E+08 -4.3853E+09  0.0000E+00  0.0000E+00  2.0409E-04  7.0801E-03  1.8414E-16  1.8634E+13
  7.9230E-01  5.1557E+12  2.0878E+14  2.1408E+14  0.0000E+00 -5.2782E+12 -3.4632E+09 -2.2823E+10  0.0000E+00  0.0000E+00 -9.9945E-04  1.3672E-02  6.8532E-17  1.0074E+14
  8.3400E-01  2.7917E+13  1.1316E+15  1.1602E+15  0.0000E+00 -2.8476E+13 -1.8637E+10 -1.2081E+11  0.0000E+00  0.0000E+00  1.2161E-02 -3.1235E-02  3.7404E-17  5.4584E+14
  8.7570E-01  1.5124E+14  6.1283E+15  6.2830E+15  0.0000E+00 -1.5400E+14 -1.0068E+11 -6.4778E+11  0.0000E+00  0.0000E+00 -7.0679E-02 -6.8750E-01  1.2067E-16  2.9574E+15
  9.1740E-01  8.1823E+14  3.3114E+16  3.3951E+16  0.0000E+00 -8.3302E+14 -5.4462E+11 -3.5040E+12  0.0000E+00  0.0000E+00 -8.4863E-01  1.1250E+00  5.8131E-17  1.5995E+16
  9.5910E-01  4.4157E+15  1.7841E+17  1.8293E+17  0.0000E+00 -4.4987E+15 -2.9437E+12 -1.9043E+13  0.0000E+00  0.0000E+00 -7.7344E-01  1.0500E+01  6.1626E-17  8.6271E+16
  1.0008E+00  2.3763E+16  9.5851E+17  9.8286E+17  0.0000E+00 -2.4233E+16 -1.5874E+13 -1.0358E+14  0.0000E+00  0.0000E+00 -1.2109E+01  8.0000E+00  2.0460E-17  4.6396E+17
  1.0425E+00  1.2755E+17  5.1378E+18  5.2687E+18  0.0000E+00 -1.3018E+17 -8.5356E+13 -5.6233E+14  0.0000E+00  0.0000E+00 -1.0075E+02 -3.5200E+02  8.5933E-17  2.4888E+18
  1.0842E+00  6.8329E+17  2.7499E+19  2.8200E+19  0.0000E+00 -6.9778E+17 -4.5781E+14 -3.0418E+15  0.0000E+00  0.0000E+00 -2.5650E+02 -2.5600E+02  1.8174E-17  1.3327E+19
  1.1259E+00  3.6561E+18  1.4706E+20  1.5082E+20  0.0000E+00 -3.7348E+18 -2.4512E+15 -1.6389E+16  0.0000E+00  0.0000E+00 -2.4400E+02 -4.8128E+04  3.2073E-16  7.1291E+19
  1.1676E+00  1.9552E+19  7.8633E+20  8.0641E+20  0.0000E+00 -1.9977E+19 -1.3112E+16 -8.7996E+16  0.0000E+00  0.0000E+00 -1.3552E+04  3.2768E+04  5.7440E-17  3.8120E+20
  1.2093E+00  1.0455E+20  4.2048E+21  4.3122E+21  0.0000E+00 -1.0683E+20 -7.0120E+16 -4.7132E+17  0.0000E+00  0.0000E+00 -9.5744E+04 -1.3107E+05  5.2599E-17  2.0383E+21
  1.2510E+00  5.5914E+20  2.2490E+22  2.3065E+22  0.0000E+00 -5.7139E+20 -3.7503E+17 -2.5210E+18  0.0000E+00  0.0000E+00  5.5398E+05  5.2429E+05  4.6750E-17  1.0901E+22
  1.2927E+00  2.9910E+21  1.2033E+23  1.2340E+23  0.0000E+00 -3.0568E+21 -2.0062E+18 -1.3477E+19  0.0000E+00  0.0000E+00 -8.7245E+05 -9.4372E+06  8.3547E-17  5.8318E+22
  1.3344E+00  1.6004E+22  6.4393E+23  6.6037E+23  0.0000E+00 -1.6356E+22 -1.0735E+19 -7.2043E+19  0.0000E+00  0.0000E+00 -4.8660E+06 -7.1303E+07  1.1534E-16  3.1206E+23
  1.3761E+00  8.5652E+22  3.4466E+24  3.5346E+24  0.0000E+00 -8.7538E+22 -5.7450E+19 -3.8520E+20  0.0000E+00  0.0000E+00 -3.0474E+07  1.5099E+08  5.1340E-17  1.6702E+24
  1.4178E+00  4.5848E+23  1.8451E+25  1.8922E+25  0.0000E+00 -4.6856E+23 -3.0750E+20 -2.0602E+21  0.0000E+00  0.0000E+00 -9.5158E+07  9.3926E+08  5.4667E-17  8.9407E+24
  1.4595E+00  2.4545E+24  9.8787E+25  1.0131E+26  0.0000E+00 -2.5083E+24 -1.6461E+21 -1.1022E+22  0.0000E+00  0.0000E+00 -2.2943E+09 -1.6643E+10  1.8693E-16  4.7867E+25
  1.5000E+00  1.2522E+25  5.0401E+26  5.1687E+26  0.0000E+00 -1.2796E+25 -8.3971E+21 -5.6202E+22  0.0000E+00  0.0000E+00 -4.3956E+09 -4.2950E+10  9.1599E-17  1.9741E+27
