 #  1.  time
 #  2.  Total Energy
 #  3.  Total dE/dt
 #  4.  Drive 1 term
 #  5.  Heat sources (nonlocal)
 #  6.  Collisional Dissipation
 #  7.  hyp_v dissipation
 #  8.  hyp_z dissipation
 #  9.  hyp_x/y dissipation
 #  10. nonlinearity
 #  11. [Poisson err]_z,vpar
 #  12. curvature + remaining terms (if any)
 #  13. (abs(10)+abs(11)+abs(12))/abs(4): test for conservation
 #  14. change in energy: (E(t)-E(t_last_energy_calc))/(dt*istep_energy)
#        1           2           3           4           5           6           7           8           9          10          11          12          13          14
  0.0000E+00  1.0262E-01 -1.7446E-01  0.0000E+00  0.0000E+00  8.6457E-08 -8.3164E-08 -1.7446E-01  0.0000E+00  0.0000E+00 -2.2204E-16  2.7756E-17  0.0000E+00  3.9777E+00
  2.5800E-02  4.6096E+00  9.3990E+02  9.4344E+02  0.0000E+00 -3.4566E+00 -4.2056E-03 -8.1713E-02  0.0000E+00  0.0000E+00 -3.3029E-14  1.1724E-13  1.5928E-16  1.7469E+02
  5.1600E-02  8.3736E+02  1.8245E+05  1.8306E+05  0.0000E+00 -5.9497E+02 -4.0328E-01 -1.0037E+01  0.0000E+00  0.0000E+00 -8.6509E-13 -2.5466E-11  1.4384E-16  3.2277E+04
  7.7400E-02  1.4916E+05  3.2449E+07  3.2555E+07  0.0000E+00 -1.0386E+05 -6.9805E+01 -2.0699E+03  0.0000E+00  0.0000E+00 -1.7280E-10  2.0082E-09  6.6994E-17  5.7491E+06
  1.0320E-01  2.7426E+07  5.6449E+09  5.6637E+09  0.0000E+00 -1.8426E+07 -1.2904E+04 -3.5779E+05  0.0000E+00  0.0000E+00 -4.2241E-07 -3.4273E-07  1.3510E-16  1.0572E+09
  1.2900E-01  5.3616E+09  1.0325E+12  1.0361E+12  0.0000E+00 -3.5088E+09 -2.6406E+06 -5.0861E+07  0.0000E+00  0.0000E+00 -7.6145E-06 -1.4973E-04  1.5187E-16  2.0675E+11
  1.5480E-01  1.0886E+12  2.0608E+14  2.0680E+14  0.0000E+00 -7.0970E+11 -5.4539E+08 -6.7395E+09  0.0000E+00  0.0000E+00 -5.2338E-03  3.8208E-02  2.1007E-16  4.1984E+13
  1.8060E-01  2.1830E+14  4.2976E+16  4.3121E+16  0.0000E+00 -1.4409E+14 -1.0601E+11 -1.1720E+12  0.0000E+00  0.0000E+00  5.9131E-01  6.5312E+00  1.6517E-16  8.4190E+15
  2.0640E-01  4.1815E+16  8.7223E+18  8.7505E+18  0.0000E+00 -2.7924E+16 -1.8973E+13 -2.9206E+14  0.0000E+00  0.0000E+00  1.1925E+02  1.2000E+02  2.7341E-17  1.6123E+18
  2.3220E-01  7.6556E+18  1.6574E+21  1.6626E+21  0.0000E+00 -5.1003E+18 -3.2232E+15 -7.3604E+16  0.0000E+00  0.0000E+00  3.8352E+04 -2.0275E+05  1.4502E-16  2.9511E+20
  2.5800E-01  1.3837E+21  2.9690E+23  2.9782E+23  0.0000E+00 -9.0233E+20 -5.6067E+17 -1.5423E+19  0.0000E+00  0.0000E+00  1.8063E+06  1.5991E+07  5.9758E-17  5.3337E+22
  2.8380E-01  2.5825E+23  5.2590E+25  5.2756E+25  0.0000E+00 -1.6332E+23 -1.0706E+20 -2.5792E+21  0.0000E+00  0.0000E+00 -5.2219E+08 -1.1207E+10  2.2233E-16  9.9559E+24
  3.0960E-01  5.0739E+25  9.8058E+27  9.8377E+27  0.0000E+00 -3.1504E+25 -2.2085E+22 -3.5183E+23  0.0000E+00  0.0000E+00 -1.7703E+11  1.7867E+12  1.9961E-16  1.9566E+27
  3.3540E-01  1.0235E+28  1.9646E+30  1.9711E+30  0.0000E+00 -6.3765E+27 -4.5422E+24 -4.6199E+25  0.0000E+00  0.0000E+00 -8.4439E+12 -5.2777E+13  3.1060E-17  3.9472E+29
  3.6120E-01  4.5444E+00  9.0584E+02  9.0873E+02  0.0000E+00 -2.8731E+00 -1.9582E-03 -1.9322E-02  0.0000E+00  0.0000E+00 -1.3444E-14  2.4958E-13  2.8944E-16 -3.9669E+29
  3.8700E-01  8.6568E+02  1.8118E+05  1.8174E+05  0.0000E+00 -5.5279E+02 -3.4918E-01 -5.1010E+00  0.0000E+00  0.0000E+00 -5.1825E-12 -4.0927E-12  5.1037E-17  3.3377E+04
  4.1280E-01  1.5910E+05  3.4196E+07  3.4298E+07  0.0000E+00 -1.0103E+05 -5.9823E+01 -1.2852E+03  0.0000E+00  0.0000E+00  5.6252E-10  1.9209E-09  7.2405E-17  6.1329E+06
  4.3860E-01  2.9100E+07  6.1644E+09  6.1827E+09  0.0000E+00 -1.8073E+07 -1.0620E+04 -2.6258E+05  0.0000E+00  0.0000E+00 -2.9639E-07  2.2203E-06  4.0705E-16  1.1217E+09
  4.6440E-01  5.4940E+09  1.1105E+12  1.1139E+12  0.0000E+00 -3.3247E+09 -2.0649E+06 -4.2412E+07  0.0000E+00  0.0000E+00 -4.3675E-05 -1.0681E-04  1.3510E-16  2.1182E+11
  4.9020E-01  1.0818E+12  2.1015E+14  2.1080E+14  0.0000E+00 -6.4742E+11 -4.2724E+08 -5.6052E+09  0.0000E+00  0.0000E+00  3.9043E-03  1.8921E-02  1.0828E-16  4.1719E+13
  5.1600E-01  2.1667E+14  4.2115E+16  4.2246E+16  0.0000E+00 -1.3069E+14 -8.7154E+10 -7.4823E+11  0.0000E+00  0.0000E+00 -4.0015E-01  5.1250E+00  1.3078E-16  8.3563E+15
  5.4180E-01  4.2620E+16  8.5790E+18  8.6053E+18  0.0000E+00 -2.6089E+16 -1.6650E+13 -1.5208E+14  0.0000E+00  0.0000E+00 -3.0094E+02  1.5200E+02  5.2635E-17  1.6435E+18
  5.6760E-01  8.0881E+18  1.6948E+21  1.6998E+21  0.0000E+00 -4.9887E+18 -2.9675E+15 -4.1536E+16  0.0000E+00  0.0000E+00 -4.3440E+04 -1.8637E+05  1.3520E-16  3.1184E+20
  5.9340E-01  1.4934E+21  3.1852E+23  3.1944E+23  0.0000E+00 -9.1394E+20 -5.1485E+17 -1.0298E+19  0.0000E+00  0.0000E+00 -1.4868E+07 -6.5274E+07  2.5088E-16  5.7570E+22
  6.1920E-01  2.7608E+23  5.7843E+25  5.8011E+25  0.0000E+00 -1.6542E+23 -9.3334E+19 -2.0415E+21  0.0000E+00  0.0000E+00  5.4133E+08  5.4023E+09  1.0246E-16  1.0643E+25
  6.4500E-01  5.2581E+25  1.0577E+28  1.0609E+28  0.0000E+00 -3.0860E+25 -1.8392E+22 -3.1949E+23  0.0000E+00  0.0000E+00 -1.2261E+11 -1.2971E+12  1.3383E-16  2.0273E+27
  6.7080E-01  1.0356E+28  2.0233E+30  2.0294E+30  0.0000E+00 -6.0449E+27 -3.7965E+24 -4.1546E+25  0.0000E+00  0.0000E+00 -9.6723E+12 -1.7812E+14  9.2536E-17  3.9934E+29
  6.9660E-01  4.8634E+00  9.5558E+02  9.5846E+02  0.0000E+00 -2.8676E+00 -1.8100E-03 -1.3719E-02  0.0000E+00  0.0000E+00 -2.5306E-14  1.2079E-13  1.5243E-16 -4.0138E+29
  7.2240E-01  9.4949E+02  1.9255E+05  1.9313E+05  0.0000E+00 -5.6755E+02 -3.4317E-01 -3.0172E+00  0.0000E+00  0.0000E+00 -5.5329E-12  1.4098E-11  1.0165E-16  3.6613E+04
  7.4820E-01  1.7983E+05  3.7666E+07  3.7775E+07  0.0000E+00 -1.0805E+05 -6.1349E+01 -8.2983E+02  0.0000E+00  0.0000E+00 -4.4088E-10 -1.2107E-08  3.3218E-16  6.9332E+06
  7.7400E-01  3.3395E+07  7.0695E+09  7.0896E+09  0.0000E+00 -1.9894E+07 -1.0823E+04 -2.0041E+05  0.0000E+00  0.0000E+00  6.5309E-08  1.2517E-06  1.8577E-16  1.2874E+09
  7.9980E-01  6.2441E+09  1.2972E+12  1.3009E+12  0.0000E+00 -3.6555E+09 -2.0104E+06 -3.8776E+07  0.0000E+00  0.0000E+00 -5.7891E-05 -1.8883E-04  1.8965E-16  2.4072E+11
  8.2560E-01  1.2045E+12  2.4219E+14  2.4289E+14  0.0000E+00 -6.9761E+11 -4.0515E+08 -6.1116E+09  0.0000E+00  0.0000E+00 -2.9821E-03 -2.4170E-02  1.1179E-16  4.6443E+13
  8.5140E-01  2.4134E+14  4.7772E+16  4.7915E+16  0.0000E+00 -1.4149E+14 -8.6327E+10 -9.1509E+11  0.0000E+00  0.0000E+00  6.1279E-02 -1.3125E+00  2.8671E-17  9.3077E+15
  8.7720E-01  5.0226E+16  1.0145E+19  1.0176E+19  0.0000E+00 -3.0805E+16 -1.9113E+13 -2.0187E+14  0.0000E+00  0.0000E+00 -6.3469E+01 -1.7280E+03  1.7604E-16  1.9374E+18
  9.0300E-01  1.1227E+19  2.3842E+21  2.3918E+21  0.0000E+00 -7.5318E+18 -4.7177E+15 -7.7064E+16  0.0000E+00  0.0000E+00 -6.3840E+03 -4.6694E+05  1.9790E-16  4.3322E+20
  9.2880E-01  2.9902E+21  6.7343E+23  6.7577E+23  0.0000E+00 -2.3005E+21 -1.5063E+18 -3.6287E+19  0.0000E+00  0.0000E+00  9.1750E+05  9.2537E+07  1.3829E-16  1.1546E+23
  9.5460E-01  1.0614E+24  2.5008E+26  2.5103E+26  0.0000E+00 -9.3480E+23 -6.5073E+20 -1.8464E+22  0.0000E+00  0.0000E+00 -1.3910E+10  3.9328E+10  2.1208E-16  4.1023E+25
  9.8040E-01  4.8924E+26  1.1818E+29  1.1866E+29  0.0000E+00 -4.6709E+26 -3.3741E+23 -1.0006E+25  0.0000E+00  0.0000E+00 -9.0194E+10  1.0170E+13  8.6471E-17  1.8922E+28
  1.0062E+00  2.5951E+29  6.3436E+31  6.3699E+31  0.0000E+00 -2.5644E+29 -1.8783E+26 -5.6441E+27  0.0000E+00  0.0000E+00 -1.0335E+15 -1.6185E+15  4.1634E-17  1.0040E+31
  1.0320E+00  4.8622E+02  1.1948E+05  1.1997E+05  0.0000E+00 -4.8662E+02 -3.5790E-01 -1.0824E+01  0.0000E+00  0.0000E+00  3.0109E-12 -2.6034E-11  2.4209E-16 -1.0059E+31
  1.0578E+00  2.7787E+05  6.8420E+07  6.8705E+07  0.0000E+00 -2.7934E+05 -2.0570E+02 -6.2406E+03  0.0000E+00  0.0000E+00  2.6503E-09 -7.9162E-09  1.5379E-16  1.0751E+07
  1.0836E+00  1.5987E+08  3.9392E+10  3.9557E+10  0.0000E+00 -1.6096E+08 -1.1857E+05 -3.6021E+06  0.0000E+00  0.0000E+00 -8.1677E-07 -1.3560E-05  3.6345E-16  6.1856E+09
  1.1094E+00  9.2194E+10  2.2722E+13  2.2817E+13  0.0000E+00 -9.2873E+10 -6.8425E+07 -2.0795E+09  0.0000E+00  0.0000E+00  2.6941E-04 -7.0190E-04  4.2570E-17  3.5672E+12
  1.1352E+00  5.3210E+13  1.3115E+16  1.3170E+16  0.0000E+00 -5.3611E+13 -3.9501E+10 -1.2006E+12  0.0000E+00  0.0000E+00  5.6030E-01  1.0000E+00  1.1848E-16  2.0588E+15
  1.1610E+00  3.0719E+16  7.5715E+18  7.6031E+18  0.0000E+00 -3.0952E+16 -2.2806E+13 -6.9319E+14  0.0000E+00  0.0000E+00 -1.6338E+02 -1.5680E+03  2.2772E-16  1.1886E+18
  1.1868E+00  1.7736E+19  4.3715E+21  4.3898E+21  0.0000E+00 -1.7871E+19 -1.3168E+16 -4.0023E+17  0.0000E+00  0.0000E+00 -6.0096E+04  2.0275E+05  5.9877E-17  6.8624E+20
  1.2126E+00  1.0240E+22  2.5240E+24  2.5346E+24  0.0000E+00 -1.0318E+22 -7.6027E+18 -2.3109E+20  0.0000E+00  0.0000E+00 -7.5432E+07  5.2429E+08  2.3662E-16  3.9622E+23
  1.2384E+00  5.9125E+24  1.4573E+27  1.4634E+27  0.0000E+00 -5.9575E+24 -4.3897E+21 -1.3343E+23  0.0000E+00  0.0000E+00  1.4277E+10  2.0831E+11  1.5210E-16  2.2877E+26
  1.2642E+00  3.4138E+27  8.4143E+29  8.4495E+29  0.0000E+00 -3.4398E+27 -2.5345E+24 -7.7038E+25  0.0000E+00  0.0000E+00  2.9824E+13 -1.4514E+14  2.0707E-16  1.3209E+29
  1.2900E+00  3.7180E+00  9.1641E+02  9.2024E+02  0.0000E+00 -3.7463E+00 -2.7604E-03 -8.3904E-02  0.0000E+00  0.0000E+00 -2.6368E-15  7.7272E-14  8.6834E-17 -1.3232E+29
  1.3158E+00  2.1467E+03  5.2912E+05  5.3133E+05  0.0000E+00 -2.1631E+03 -1.5938E+00 -4.8445E+01  0.0000E+00  0.0000E+00  2.7441E-11 -1.8190E-11  8.5880E-17  8.3061E+04
  1.3416E+00  1.2395E+06  3.0551E+08  3.0678E+08  0.0000E+00 -1.2489E+06 -9.2024E+02 -2.7971E+04  0.0000E+00  0.0000E+00 -6.6357E-09  4.0513E-08  1.5369E-16  4.7958E+07
  1.3674E+00  7.1565E+08  1.7639E+11  1.7713E+11  0.0000E+00 -7.2110E+08 -5.3133E+05 -1.6150E+07  0.0000E+00  0.0000E+00  4.8671E-06  2.7537E-05  1.8294E-16  2.7690E+10
  1.3932E+00  4.1321E+11  1.0185E+14  1.0227E+14  0.0000E+00 -4.1635E+11 -3.0678E+08 -9.3248E+09  0.0000E+00  0.0000E+00 -2.2755E-03 -1.3308E-02  1.5237E-16  1.5988E+13
  1.4190E+00  2.3858E+14  5.8805E+16  5.9051E+16  0.0000E+00 -2.4040E+14 -1.7713E+11 -5.3840E+12  0.0000E+00  0.0000E+00 -5.7812E-01 -1.1125E+01  1.9819E-16  9.2312E+15
  1.4448E+00  1.3775E+17  3.3953E+19  3.4095E+19  0.0000E+00 -1.3880E+17 -1.0227E+14 -3.1086E+15  0.0000E+00  0.0000E+00 -5.3350E+02 -4.6720E+03  1.5268E-16  5.3299E+18
  1.4706E+00  7.9535E+19  1.9604E+22  1.9686E+22  0.0000E+00 -8.0141E+19 -5.9050E+16 -1.7949E+18  0.0000E+00  0.0000E+00  3.5098E+05  7.5039E+06  3.9901E-16  3.0774E+21
  1.4964E+00  4.5922E+22  1.1319E+25  1.1366E+25  0.0000E+00 -4.6272E+22 -3.4095E+19 -1.0363E+21  0.0000E+00  0.0000E+00 -1.0617E+07  1.3757E+09  1.2197E-16  1.7769E+24
  1.5000E+00  1.1152E+23  2.7487E+25  2.7602E+25  0.0000E+00 -1.1237E+23 -8.2796E+19 -2.5166E+21  0.0000E+00  0.0000E+00  5.3268E+08 -8.7409E+09  3.3598E-16  2.6665E+24
