 #  1.  time
 #  2.  Total Energy
 #  3.  Total dE/dt
 #  4.  Drive 1 term
 #  5.  Heat sources (nonlocal)
 #  6.  Collisional Dissipation
 #  7.  hyp_v dissipation
 #  8.  hyp_z dissipation
 #  9.  hyp_x/y dissipation
 #  10. nonlinearity
 #  11. [Poisson err]_z,vpar
 #  12. curvature + remaining terms (if any)
 #  13. (abs(10)+abs(11)+abs(12))/abs(4): test for conservation
 #  14. change in energy: (E(t)-E(t_last_energy_calc))/(dt*istep_energy)
#        1           2           3           4           5           6           7           8           9          10          11          12          13          14
  0.0000E+00  1.2576E-01 -2.1203E-02  0.0000E+00  0.0000E+00  4.6895E-05 -1.2975E-07 -2.1250E-02  0.0000E+00  0.0000E+00 -3.4001E-16  0.0000E+00  0.0000E+00  3.2664E+00
  3.8500E-02  2.7046E+00  1.3050E+02  1.3208E+02  0.0000E+00 -1.5431E+00 -2.2558E-03 -3.4390E-02  0.0000E+00  0.0000E+00  8.1879E-16 -2.8644E-14  2.2307E-16  6.6983E+01
  7.7000E-02  2.4356E+01  1.7011E+03  1.7210E+03  0.0000E+00 -1.9841E+01 -3.1395E-02 -4.9974E-02  0.0000E+00  0.0000E+00  4.0370E-14 -1.6342E-13  1.1842E-16  5.6237E+02
  1.1550E-01  4.4302E+02  3.4495E+04  3.4816E+04  0.0000E+00 -3.1993E+02 -3.2169E-01 -6.3276E-01  0.0000E+00  0.0000E+00  5.0826E-13  3.5243E-12  1.1582E-16  1.0874E+04
  1.5400E-01  8.9645E+03  6.9955E+05  7.0589E+05  0.0000E+00 -6.3132E+03 -5.1601E+00 -1.2583E+01  0.0000E+00  0.0000E+00  1.0836E-12 -1.8645E-10  2.6567E-16  2.2134E+05
  1.9250E-01  1.7928E+05  1.3927E+07  1.4051E+07  0.0000E+00 -1.2329E+05 -9.6956E+01 -2.3725E+02  0.0000E+00  0.0000E+00  3.0261E-10 -6.9846E-10  7.1247E-17  4.4237E+06
  2.3100E-01  3.5790E+06  2.7903E+08  2.8144E+08  0.0000E+00 -2.4026E+06 -1.8466E+03 -4.4389E+03  0.0000E+00  0.0000E+00  7.6216E-10  9.7789E-09  3.7454E-17  8.8305E+07
  2.6950E-01  7.2731E+07  5.7088E+09  5.7570E+09  0.0000E+00 -4.8061E+07 -3.6371E+04 -8.3670E+04  0.0000E+00  0.0000E+00 -8.6293E-09  3.9488E-07  7.0091E-17  1.7962E+09
  3.0800E-01  1.5021E+09  1.1832E+11  1.1931E+11  0.0000E+00 -9.8780E+08 -7.4366E+05 -1.6415E+06  0.0000E+00  0.0000E+00 -2.7146E-06  1.3232E-05  1.3365E-16  3.7126E+10
  3.4650E-01  3.1223E+10  2.4622E+12  2.4827E+12  0.0000E+00 -2.0514E+10 -1.5424E+07 -3.3383E+07  0.0000E+00  0.0000E+00  8.1394E-05 -4.5014E-04  2.1409E-16  7.7197E+11
  3.8500E-01  6.5035E+11  5.1308E+13  5.1736E+13  0.0000E+00 -4.2693E+11 -3.2039E+08 -6.9112E+08  0.0000E+00  0.0000E+00 -9.3997E-04  2.3193E-03  6.2999E-17  1.6081E+13
  4.2350E-01  1.3561E+13  1.0702E+15  1.0791E+15  0.0000E+00 -8.8957E+12 -6.6642E+09 -1.4383E+10  0.0000E+00  0.0000E+00  1.9629E-02  2.7342E-02  4.3528E-17  3.3534E+14
  4.6200E-01  2.8299E+14  2.2338E+16  2.2524E+16  0.0000E+00 -1.8556E+14 -1.3889E+11 -2.9989E+11  0.0000E+00  0.0000E+00  2.6984E-01  4.6875E-01  3.2791E-17  6.9982E+15
  5.0050E-01  5.9097E+15  4.6657E+17  4.7046E+17  0.0000E+00 -3.8743E+15 -2.8987E+12 -6.2606E+12  0.0000E+00  0.0000E+00  6.3721E+00  5.5499E+01  1.3151E-16  1.4615E+17
  5.3900E-01  1.2346E+17  9.7483E+18  9.8294E+18  0.0000E+00 -8.0941E+16 -6.0547E+13 -1.3077E+14  0.0000E+00  0.0000E+00 -7.5125E+01  3.0400E+02  3.8571E-17  3.0533E+18
  5.7750E-01  2.5796E+18  2.0367E+20  2.0537E+20  0.0000E+00 -1.6912E+18 -1.2650E+15 -2.7322E+15  0.0000E+00  0.0000E+00  2.5260E+03 -1.4848E+04  8.4600E-17  6.3795E+19
  6.1600E-01  5.3892E+19  4.2550E+21  4.2904E+21  0.0000E+00 -3.5333E+19 -2.6427E+16 -5.7086E+16  0.0000E+00  0.0000E+00  7.2840E+04 -6.3078E+05  1.6400E-16  1.3328E+21
  6.5450E-01  1.1259E+21  8.8891E+22  8.9630E+22  0.0000E+00 -7.3814E+20 -5.5204E+17 -1.1927E+18  0.0000E+00  0.0000E+00  1.4756E+06  3.9322E+06  6.0334E-17  2.7843E+22
  6.9300E-01  2.3520E+22  1.8570E+24  1.8725E+24  0.0000E+00 -1.5420E+22 -1.1532E+19 -2.4916E+19  0.0000E+00  0.0000E+00  3.4017E+07 -2.2230E+08  1.3689E-16  5.8167E+23
  7.3150E-01  4.9136E+23  3.8795E+25  3.9118E+25  0.0000E+00 -3.2215E+23 -2.4092E+20 -5.2052E+20  0.0000E+00  0.0000E+00  4.6649E+08  3.5568E+09  1.0285E-16  1.2152E+25
  7.7000E-01  1.0265E+25  8.1047E+26  8.1722E+26  0.0000E+00 -6.7300E+24 -5.0331E+21 -1.0874E+22  0.0000E+00  0.0000E+00 -1.9797E+09 -1.1596E+11  1.4432E-16  2.5387E+26
  8.0850E-01  2.1445E+26  1.6932E+28  1.7073E+28  0.0000E+00 -1.4060E+26 -1.0515E+23 -2.2717E+23  0.0000E+00  0.0000E+00 -2.5515E+11  1.2713E+12  8.9410E-17  5.3035E+27
  8.4700E-01  4.4801E+27  3.5372E+29  3.5666E+29  0.0000E+00 -2.9372E+27 -2.1966E+24 -4.7459E+24  0.0000E+00  0.0000E+00  5.6511E+12  6.2122E+13  1.9002E-16  1.1080E+29
  8.8550E-01  9.3594E+28  7.3896E+30  7.4511E+30  0.0000E+00 -6.1361E+28 -4.5889E+25 -9.9146E+25  0.0000E+00  0.0000E+00  6.7534E+13  9.7637E+14  1.4010E-16  2.3146E+30
  9.2400E-01  9.8755E+00  7.7970E+02  7.8619E+02  0.0000E+00 -6.4745E+00 -4.8420E-03 -1.0461E-02  0.0000E+00  0.0000E+00  1.4145E-14 -1.2434E-13  1.7615E-16 -2.4310E+30
  9.6250E-01  2.0631E+02  1.6289E+04  1.6424E+04  0.0000E+00 -1.3526E+02 -1.0115E-01 -2.1855E-01  0.0000E+00  0.0000E+00 -1.2268E-14 -2.5011E-12  1.5303E-16  5.1022E+03
  1.0010E+00  4.3100E+03  3.4029E+05  3.4312E+05  0.0000E+00 -2.8257E+03 -2.1132E+00 -4.5657E+00  0.0000E+00  0.0000E+00  2.8182E-12 -2.9103E-11  9.3031E-17  1.0659E+05
  1.0395E+00  9.0041E+04  7.1090E+06  7.1682E+06  0.0000E+00 -5.9032E+04 -4.4147E+01 -9.5382E+01  0.0000E+00  0.0000E+00  2.3425E-10 -1.2224E-09  2.0320E-16  2.2268E+06
  1.0780E+00  1.8810E+06  1.4852E+08  1.4975E+08  0.0000E+00 -1.2332E+06 -9.2228E+02 -1.9926E+03  0.0000E+00  0.0000E+00 -4.3656E-11 -2.5146E-08  1.6821E-16  4.6520E+07
  1.1165E+00  3.9297E+07  3.1026E+09  3.1285E+09  0.0000E+00 -2.5764E+07 -1.9267E+04 -4.1628E+04  0.0000E+00  0.0000E+00 -9.0949E-09  1.7509E-07  5.8873E-17  9.7184E+08
  1.1550E+00  8.2096E+08  6.4817E+10  6.5357E+10  0.0000E+00 -5.3823E+08 -4.0252E+05 -8.6966E+05  0.0000E+00  0.0000E+00 -3.4063E-07 -4.5300E-06  7.4523E-17  2.0303E+10
  1.1935E+00  1.7151E+10  1.3541E+12  1.3654E+12  0.0000E+00 -1.1244E+10 -8.4090E+06 -1.8168E+07  0.0000E+00  0.0000E+00  3.2093E-05 -2.9373E-04  2.3863E-16  4.2415E+11
  1.2320E+00  3.5829E+11  2.8289E+13  2.8524E+13  0.0000E+00 -2.3490E+11 -1.7567E+08 -3.7955E+08  0.0000E+00  0.0000E+00  1.9801E-04  2.4414E-03  9.2533E-17  8.8609E+12
  1.2705E+00  7.4852E+12  5.9098E+14  5.9590E+14  0.0000E+00 -4.9074E+12 -3.6700E+09 -7.9292E+09  0.0000E+00  0.0000E+00 -9.8534E-03  1.3477E-01  2.4269E-16  1.8511E+14
  1.3090E+00  1.5637E+14  1.2346E+16  1.2449E+16  0.0000E+00 -1.0252E+14 -7.6670E+10 -1.6565E+11  0.0000E+00  0.0000E+00  4.6716E-01  9.0625E-01  1.1032E-16  3.8672E+15
  1.3475E+00  3.2668E+15  2.5792E+17  2.6007E+17  0.0000E+00 -2.1418E+15 -1.6017E+12 -3.4606E+12  0.0000E+00  0.0000E+00  7.2407E+00 -3.0005E+00  3.9378E-17  8.0790E+16
  1.3860E+00  6.8247E+16  5.3883E+18  5.4332E+18  0.0000E+00 -4.4744E+16 -3.3462E+13 -7.2295E+13  0.0000E+00  0.0000E+00 -1.7289E+02 -8.0000E+00  3.3294E-17  1.6878E+18
  1.4245E+00  1.4257E+18  1.1257E+20  1.1350E+20  0.0000E+00 -9.3474E+17 -6.9905E+14 -1.5103E+15  0.0000E+00  0.0000E+00  2.7610E+03 -3.3280E+03  5.3645E-17  3.5260E+19
  1.4630E+00  2.9785E+19  2.3517E+21  2.3712E+21  0.0000E+00 -1.9528E+19 -1.4604E+16 -3.1552E+16  0.0000E+00  0.0000E+00  4.9860E+04  4.2598E+05  2.0067E-16  7.3661E+20
  1.5000E+00  5.5276E+20  4.3642E+22  4.4006E+22  0.0000E+00 -3.6240E+20 -2.7102E+17 -5.8555E+17  0.0000E+00  0.0000E+00 -3.6454E+05  9.1750E+05  2.9134E-17  1.3074E+23
