 #  1.  time
 #  2.  Total Energy
 #  3.  Total dE/dt
 #  4.  Drive 1 term
 #  5.  Heat sources (nonlocal)
 #  6.  Collisional Dissipation
 #  7.  hyp_v dissipation
 #  8.  hyp_z dissipation
 #  9.  hyp_x/y dissipation
 #  10. nonlinearity
 #  11. [Poisson err]_z,vpar
 #  12. curvature + remaining terms (if any)
 #  13. (abs(10)+abs(11)+abs(12))/abs(4): test for conservation
 #  14. change in energy: (E(t)-E(t_last_energy_calc))/(dt*istep_energy)
#        1           2           3           4           5           6           7           8           9          10          11          12          13          14
  0.0000E+00  1.0596E-01 -2.2864E-01  0.0000E+00  0.0000E+00  8.1885E-06 -8.9469E-08 -2.2865E-01  0.0000E+00  0.0000E+00 -3.0531E-16 -5.5511E-17  0.0000E+00  3.6039E+00
  2.9400E-02  2.8001E+00  3.9140E+02  3.9438E+02  0.0000E+00 -2.4762E+00 -3.7541E-03 -5.0037E-01  0.0000E+00  0.0000E+00 -1.4877E-14  8.1712E-14  2.4492E-16  9.1637E+01
  5.8800E-02  2.0810E+02  3.1504E+04  3.1650E+04  0.0000E+00 -1.3715E+02 -1.0034E-01 -8.7868E+00  0.0000E+00  0.0000E+00 -2.0250E-13 -4.0075E-12  1.3301E-16  6.9831E+03
  8.8200E-02  1.8489E+04  2.8132E+06  2.8248E+06  0.0000E+00 -1.1475E+04 -7.0918E+00 -1.4824E+02  0.0000E+00  0.0000E+00 -3.8625E-11  7.6398E-11  4.0719E-17  6.2179E+05
  1.1760E-01  1.6634E+06  2.5564E+08  2.5665E+08  0.0000E+00 -1.0118E+06 -6.0756E+02 -4.5716E+03  0.0000E+00  0.0000E+00 -1.3688E-09 -2.1071E-08  8.7433E-17  5.5949E+07
  1.4700E-01  1.5189E+08  2.3300E+10  2.3392E+10  0.0000E+00 -9.2347E+07 -5.5497E+04 -3.5248E+05  0.0000E+00  0.0000E+00 -5.0361E-07 -2.8014E-06  1.4129E-16  5.1097E+09
  1.7640E-01  1.3790E+10  2.1168E+12  2.1252E+12  0.0000E+00 -8.3706E+09 -5.0330E+06 -3.1566E+07  0.0000E+00  0.0000E+00 -2.5164E-05  2.8038E-04  1.4377E-16  4.6388E+11
  2.0580E-01  1.2598E+12  1.9332E+14  1.9409E+14  0.0000E+00 -7.6577E+11 -4.6005E+08 -2.8938E+09  0.0000E+00  0.0000E+00 -4.8237E-03 -3.1738E-02  1.8838E-16  4.2380E+13
  2.3520E-01  1.1440E+14  1.7555E+16  1.7625E+16  0.0000E+00 -6.9461E+13 -4.1754E+10 -2.6177E+11  0.0000E+00  0.0000E+00 -7.5632E-01  5.6247E-01  7.4826E-17  3.8483E+15
  2.6460E-01  1.0444E+16  1.6033E+18  1.6096E+18  0.0000E+00 -6.3456E+15 -3.8121E+12 -2.3992E+13  0.0000E+00  0.0000E+00 -6.8629E+01 -3.6600E+02  2.7002E-16  3.5134E+17
  2.9400E-01  9.4948E+17  1.4566E+20  1.4624E+20  0.0000E+00 -5.7672E+17 -3.4667E+14 -2.1722E+15  0.0000E+00  0.0000E+00 -4.1825E+02  1.3824E+04  9.7389E-17  3.1940E+19
  3.2340E-01  8.6578E+19  1.3292E+22  1.3345E+22  0.0000E+00 -5.2588E+19 -3.1593E+16 -1.9882E+17  0.0000E+00  0.0000E+00 -4.1818E+05 -3.4652E+06  2.9099E-16  2.9125E+21
  3.5280E-01  7.8795E+21  1.2088E+24  1.2136E+24  0.0000E+00 -4.7869E+21 -2.8772E+18 -1.8034E+19  0.0000E+00  0.0000E+00 -5.7201E+07 -5.2429E+06  5.1453E-17  2.6506E+23
  3.8220E-01  7.1785E+23  1.1021E+26  1.1065E+26  0.0000E+00 -4.3597E+23 -2.6194E+20 -1.6474E+21  0.0000E+00  0.0000E+00  1.4077E+08 -3.3085E+10  3.0029E-16  2.4149E+25
  4.1160E-01  6.5377E+25  1.0030E+28  1.0070E+28  0.0000E+00 -3.9720E+25 -2.3872E+22 -1.4973E+23  0.0000E+00  0.0000E+00 -7.5984E+10 -1.1081E+12  1.1758E-16  2.1993E+27
  4.4100E-01  5.9530E+27  9.1383E+29  9.1746E+29  0.0000E+00 -3.6154E+27 -2.1724E+24 -1.3654E+25  0.0000E+00  0.0000E+00 -4.1255E+13 -3.9033E+13  8.7511E-17  2.0026E+29
  4.7040E-01  5.4235E+29  8.3220E+31  8.3551E+31  0.0000E+00 -3.2950E+29 -1.9801E+26 -1.2428E+27  0.0000E+00  0.0000E+00 -1.7771E+15  7.7406E+14  3.0534E-17  1.8245E+31
  4.9980E-01  1.2831E+02  1.9695E+04  1.9773E+04  0.0000E+00 -7.7932E+01 -4.6830E-02 -2.9416E-01  0.0000E+00  0.0000E+00 -4.2638E-13 -1.0659E-12  7.5468E-17 -1.8447E+31
  5.2920E-01  1.1691E+04  1.7941E+06  1.8012E+06  0.0000E+00 -7.1025E+03 -4.2680E+00 -2.6799E+01  0.0000E+00  0.0000E+00 -5.0992E-11  2.0009E-11  3.9418E-17  3.9329E+05
  5.5860E-01  1.0644E+06  1.6335E+08  1.6400E+08  0.0000E+00 -6.4647E+05 -3.8848E+02 -2.4394E+03  0.0000E+00  0.0000E+00 -1.6744E-09  4.2841E-08  2.7143E-16  3.5805E+07
  5.8800E-01  9.6970E+07  1.4882E+10  1.4941E+10  0.0000E+00 -5.8907E+07 -3.5397E+04 -2.2231E+05  0.0000E+00  0.0000E+00 -6.1840E-07  5.5134E-07  7.8290E-17  3.2621E+09
  6.1740E-01  8.8290E+09  1.3550E+12  1.3603E+12  0.0000E+00 -5.3628E+09 -3.2227E+06 -2.0233E+07  0.0000E+00  0.0000E+00 -8.2839E-05  2.6321E-04  2.5439E-16  2.9701E+11
  6.4680E-01  8.0428E+11  1.2344E+14  1.2393E+14  0.0000E+00 -4.8856E+11 -2.9357E+08 -1.8439E+09  0.0000E+00  0.0000E+00 -3.7222E-03 -2.1362E-03  4.7273E-17  2.7056E+13
  6.7620E-01  7.3238E+13  1.1239E+16  1.1284E+16  0.0000E+00 -4.4487E+13 -2.6734E+10 -1.6784E+11  0.0000E+00  0.0000E+00 -1.6785E-03 -8.6719E-01  7.6999E-17  2.4637E+15
  7.0560E-01  6.6709E+15  1.0238E+18  1.0279E+18  0.0000E+00 -4.0521E+15 -2.4349E+12 -1.5293E+13  0.0000E+00  0.0000E+00  8.7578E+00 -1.2900E+02  1.3402E-16  2.2441E+17
  7.3500E-01  6.0751E+17  9.3232E+19  9.3602E+19  0.0000E+00 -3.6903E+17 -2.2176E+14 -1.3923E+15  0.0000E+00  0.0000E+00 -1.0445E+03  1.9840E+03  3.2355E-17  2.0437E+19
  7.6440E-01  5.5331E+19  8.4919E+21  8.5257E+21  0.0000E+00 -3.3609E+19 -2.0196E+16 -1.2684E+17  0.0000E+00  0.0000E+00  6.2032E+04  4.9150E+05  6.4926E-17  1.8613E+21
  7.9380E-01  5.0393E+21  7.7336E+23  7.7643E+23  0.0000E+00 -3.0611E+21 -1.8395E+18 -1.1550E+19  0.0000E+00  0.0000E+00 -4.3387E+07  2.5061E+08  3.7865E-16  1.6952E+23
  8.2320E-01  4.5894E+23  7.0435E+25  7.0715E+25  0.0000E+00 -2.7877E+23 -1.6752E+20 -1.0520E+21  0.0000E+00  0.0000E+00  1.0078E+09 -1.0335E+10  1.6040E-16  1.5439E+25
  8.5260E-01  4.1800E+25  6.4149E+27  6.4404E+27  0.0000E+00 -2.5391E+25 -1.5258E+22 -9.5809E+22  0.0000E+00  0.0000E+00 -1.7774E+11 -6.0989E+11  1.2229E-16  1.4061E+27
  8.8200E-01  3.8067E+27  5.8423E+29  5.8655E+29  0.0000E+00 -2.3123E+27 -1.3895E+24 -8.7258E+24  0.0000E+00  0.0000E+00 -2.1743E+12  1.1407E+14  1.9819E-16  1.2806E+29
  9.1140E-01  3.4671E+29  5.3210E+31  5.3422E+31  0.0000E+00 -2.1061E+29 -1.2656E+26 -7.9473E+26  0.0000E+00  0.0000E+00 -1.8235E+15  9.0072E+15  2.0274E-16  1.1664E+31
  9.4080E-01  1.2821E+02  1.9676E+04  1.9754E+04  0.0000E+00 -7.7878E+01 -4.6798E-02 -2.9387E-01  0.0000E+00  0.0000E+00 -1.0290E-12  2.4727E-12  1.7726E-16 -1.1793E+31
  9.7020E-01  1.1677E+04  1.7921E+06  1.7992E+06  0.0000E+00 -7.0931E+03 -4.2624E+00 -2.6766E+01  0.0000E+00  0.0000E+00 -1.1337E-10  2.3920E-10  1.9596E-16  3.9282E+05
  9.9960E-01  1.0635E+06  1.6321E+08  1.6386E+08  0.0000E+00 -6.4598E+05 -3.8818E+02 -2.4376E+03  0.0000E+00  0.0000E+00 -1.0832E-09  1.8277E-08  1.1815E-16  3.5775E+07
  1.0290E+00  9.6856E+07  1.4865E+10  1.4924E+10  0.0000E+00 -5.8834E+07 -3.5354E+04 -2.2202E+05  0.0000E+00  0.0000E+00 -6.1968E-07  8.7172E-07  9.9935E-17  3.2583E+09
  1.0584E+00  8.8211E+09  1.3538E+12  1.3591E+12  0.0000E+00 -5.3582E+09 -3.2199E+06 -2.0219E+07  0.0000E+00  0.0000E+00 -3.1628E-05  1.7738E-04  1.5378E-16  2.9674E+11
  1.0878E+00  8.0339E+11  1.2330E+14  1.2379E+14  0.0000E+00 -4.8801E+11 -2.9325E+08 -1.8415E+09  0.0000E+00  0.0000E+00 -5.7304E-03 -3.3325E-02  3.1551E-16  2.7026E+13
  1.1172E+00  7.3168E+13  1.1229E+16  1.1274E+16  0.0000E+00 -4.4445E+13 -2.6708E+10 -1.6771E+11  0.0000E+00  0.0000E+00  1.8311E-02 -1.0469E+00  9.4484E-17  2.4614E+15
  1.1466E+00  6.6638E+15  1.0227E+18  1.0268E+18  0.0000E+00 -4.0478E+15 -2.4324E+12 -1.5275E+13  0.0000E+00  0.0000E+00 -5.8924E+01  4.5002E+01  1.0122E-16  2.2417E+17
  1.1760E+00  6.0691E+17  9.3142E+19  9.3512E+19  0.0000E+00 -3.6866E+17 -2.2153E+14 -1.3911E+15  0.0000E+00  0.0000E+00 -1.8592E+03 -7.6800E+02  2.8095E-17  2.0416E+19
  1.2054E+00  5.5274E+19  8.4829E+21  8.5167E+21  0.0000E+00 -3.3575E+19 -2.0176E+16 -1.2670E+17  0.0000E+00  0.0000E+00 -3.2765E+05  6.3078E+05  1.1254E-16  1.8594E+21
  1.2348E+00  5.0341E+21  7.7258E+23  7.7566E+23  0.0000E+00 -3.0579E+21 -1.8376E+18 -1.1539E+19  0.0000E+00  0.0000E+00 -2.8078E+07 -2.5061E+08  3.5929E-16  1.6935E+23
  1.2642E+00  4.5848E+23  7.0363E+25  7.0643E+25  0.0000E+00 -2.7850E+23 -1.6735E+20 -1.0509E+21  0.0000E+00  0.0000E+00 -8.7491E+08 -4.6306E+09  7.7935E-17  1.5423E+25
  1.2936E+00  4.1756E+25  6.4083E+27  6.4338E+27  0.0000E+00 -2.5364E+25 -1.5242E+22 -9.5713E+22  0.0000E+00  0.0000E+00  2.2057E+11 -1.0308E+11  5.0304E-17  1.4047E+27
  1.3230E+00  3.8029E+27  5.8364E+29  5.8596E+29  0.0000E+00 -2.3100E+27 -1.3881E+24 -8.7170E+24  0.0000E+00  0.0000E+00 -1.8725E+13  7.4766E+13  1.5955E-16  1.2793E+29
  1.3524E+00  3.4635E+29  5.3155E+31  5.3366E+31  0.0000E+00 -2.1039E+29 -1.2643E+26 -7.9391E+26  0.0000E+00  0.0000E+00 -6.8348E+14 -6.6850E+15  1.3807E-16  1.1651E+31
  1.3818E+00  1.2809E+02  1.9658E+04  1.9736E+04  0.0000E+00 -7.7807E+01 -4.6756E-02 -2.9361E-01  0.0000E+00  0.0000E+00  2.0356E-13  1.9895E-12  1.1112E-16 -1.1781E+31
  1.4112E+00  1.1666E+04  1.7904E+06  1.7975E+06  0.0000E+00 -7.0863E+03 -4.2583E+00 -2.6740E+01  0.0000E+00  0.0000E+00 -1.6598E-11  2.9104E-11  2.5426E-17  3.9244E+05
  1.4406E+00  1.0625E+06  1.6306E+08  1.6371E+08  0.0000E+00 -6.4538E+05 -3.8782E+02 -2.4354E+03  0.0000E+00  0.0000E+00 -1.3188E-09 -1.0943E-08  7.4901E-17  3.5742E+07
  1.4700E+00  9.6765E+07  1.4851E+10  1.4910E+10  0.0000E+00 -5.8778E+07 -3.5321E+04 -2.2180E+05  0.0000E+00  0.0000E+00 -3.9395E-07 -2.1905E-06  1.7334E-16  3.2552E+09
  1.4994E+00  8.8129E+09  1.3525E+12  1.3579E+12  0.0000E+00 -5.3533E+09 -3.2169E+06 -2.0201E+07  0.0000E+00  0.0000E+00 -2.2173E-05 -1.1826E-04  1.0342E-16  2.9647E+11
  1.5000E+00  9.6628E+09  1.4830E+12  1.4889E+12  0.0000E+00 -5.8696E+09 -3.5271E+06 -2.2149E+07  0.0000E+00  0.0000E+00 -5.7381E-05 -1.2779E-04  1.2437E-16  7.0831E+11
