 #  1.  time
 #  2.  Total Energy
 #  3.  Total dE/dt
 #  4.  Drive 1 term
 #  5.  Heat sources (nonlocal)
 #  6.  Collisional Dissipation
 #  7.  hyp_v dissipation
 #  8.  hyp_z dissipation
 #  9.  hyp_x/y dissipation
 #  10. nonlinearity
 #  11. [Poisson err]_z,vpar
 #  12. curvature + remaining terms (if any)
 #  13. (abs(10)+abs(11)+abs(12))/abs(4): test for conservation
 #  14. change in energy: (E(t)-E(t_last_energy_calc))/(dt*istep_energy)
#        1           2           3           4           5           6           7           8           9          10          11          12          13          14
  0.0000E+00  1.2561E-01 -2.1243E-02  0.0000E+00  0.0000E+00  4.6828E-05 -1.2949E-07 -2.1289E-02  0.0000E+00  0.0000E+00 -3.3654E-16  1.0408E-17  0.0000E+00  3.3056E+00
  3.8000E-02  2.5576E+00  9.9432E+01  1.0100E+02  0.0000E+00 -1.5282E+00 -2.1064E-03 -3.4062E-02  0.0000E+00  0.0000E+00 -5.4123E-16  5.1070E-15  5.5925E-17  6.3999E+01
  7.6000E-02  2.3012E+01  1.5853E+03  1.6044E+03  0.0000E+00 -1.8972E+01 -2.8925E-02 -5.0171E-02  0.0000E+00  0.0000E+00 -7.1471E-15 -2.2382E-13  1.4396E-16  5.3829E+02
  1.1400E-01  3.7099E+02  2.8093E+04  2.8368E+04  0.0000E+00 -2.7487E+02 -2.8294E-01 -5.4837E-01  0.0000E+00  0.0000E+00  3.4006E-13  2.7284E-12  1.0816E-16  9.1572E+03
  1.5200E-01  6.6650E+03  5.0696E+05  5.1180E+05  0.0000E+00 -4.8343E+03 -4.0714E+00 -9.6428E+00  0.0000E+00  0.0000E+00 -1.0822E-11 -6.1846E-11  1.4198E-16  1.6563E+05
  1.9000E-01  1.1990E+05  9.1213E+06  9.2067E+06  0.0000E+00 -8.5109E+04 -6.9277E+01 -1.6295E+02  0.0000E+00  0.0000E+00  5.5962E-11  5.8205E-10  6.9299E-17  2.9799E+06
  2.2800E-01  2.1639E+06  1.6504E+08  1.6655E+08  0.0000E+00 -1.5086E+06 -1.2153E+03 -2.7861E+03  0.0000E+00  0.0000E+00  2.8349E-09 -1.9092E-08  1.3165E-16  5.3790E+07
  2.6600E-01  3.9650E+07  3.0475E+09  3.0748E+09  0.0000E+00 -2.7204E+07 -2.1864E+04 -4.7454E+04  0.0000E+00  0.0000E+00  1.2078E-09 -3.6135E-07  1.1791E-16  9.8646E+08
  3.0400E-01  7.4427E+08  5.7641E+10  5.8148E+10  0.0000E+00 -5.0593E+08 -4.0638E+05 -8.4690E+05  0.0000E+00  0.0000E+00 -5.5239E-07  4.6493E-06  8.9455E-17  1.8543E+10
  3.4200E-01  1.4202E+10  1.1039E+12  1.1135E+12  0.0000E+00 -9.6290E+09 -7.7504E+06 -1.5740E+07  0.0000E+00  0.0000E+00  2.0400E-05 -1.0681E-04  1.1424E-16  3.5415E+11
  3.8000E-01  2.7295E+11  2.1252E+13  2.1438E+13  0.0000E+00 -1.8483E+11 -1.4922E+08 -3.0046E+08  0.0000E+00  0.0000E+00 -1.9568E-04 -1.3733E-03  7.3188E-17  6.8092E+12
  4.1800E-01  5.2711E+12  4.1106E+14  4.1464E+14  0.0000E+00 -3.5643E+12 -2.8864E+09 -5.8097E+09  0.0000E+00  0.0000E+00  4.0245E-04  3.0762E-02  7.5160E-17  1.3153E+14
  4.5600E-01  1.0225E+14  7.9847E+15  8.0540E+15  0.0000E+00 -6.9062E+13 -5.6145E+10 -1.1283E+11  0.0000E+00  0.0000E+00  5.6763E-03  6.4844E-01  8.1216E-17  2.5520E+15
  4.9400E-01  1.9910E+15  1.5568E+17  1.5702E+17  0.0000E+00 -1.3437E+15 -1.0976E+12 -2.2003E+12  0.0000E+00  0.0000E+00  1.3774E+00 -8.0000E+00  5.9721E-17  4.9704E+16
  5.3200E-01  3.8911E+16  3.0461E+18  3.0724E+18  0.0000E+00 -2.6243E+16 -2.1542E+13 -4.3082E+13  0.0000E+00  0.0000E+00 -6.5477E+01  5.6000E+02  2.0358E-16  9.7157E+17
  5.7000E-01  7.6311E+17  5.9807E+19  6.0323E+19  0.0000E+00 -5.1442E+17 -4.2433E+14 -8.4651E+14  0.0000E+00  0.0000E+00 -1.1488E+02 -8.7041E+03  1.4620E-16  1.9058E+19
  6.0800E-01  1.5013E+19  1.1778E+21  1.1879E+21  0.0000E+00 -1.0117E+19 -8.3854E+15 -1.6687E+16  0.0000E+00  0.0000E+00  2.2506E+04  1.2286E+04  2.9288E-17  3.7500E+20
  6.4600E-01  2.9618E+20  2.3256E+22  2.3456E+22  0.0000E+00 -1.9954E+20 -1.6616E+17 -3.2993E+17  0.0000E+00  0.0000E+00  8.1402E+05  3.2440E+06  1.7301E-16  7.3991E+21
  6.8400E-01  5.8577E+21  4.6031E+23  4.6426E+23  0.0000E+00 -3.9455E+21 -3.3005E+18 -6.5395E+18  0.0000E+00  0.0000E+00  1.1421E+07  2.9359E+07  8.7837E-17  1.4636E+23
  7.2200E-01  1.1612E+23  9.1321E+24  9.2104E+24  0.0000E+00 -7.8201E+22 -6.5698E+19 -1.2991E+20  0.0000E+00  0.0000E+00  2.5610E+08  4.7817E+08  7.9721E-17  2.9017E+24
  7.6000E-01  2.3070E+24  1.8155E+26  1.8311E+26  0.0000E+00 -1.5534E+24 -1.3103E+21 -2.5858E+21  0.0000E+00  0.0000E+00  3.8661E+09  2.4830E+10  1.5672E-16  5.7655E+25
  7.9800E-01  4.5925E+25  3.6164E+27  3.6474E+27  0.0000E+00 -3.0920E+25 -2.6180E+22 -5.1569E+22  0.0000E+00  0.0000E+00  6.6664E+10 -4.1660E+11  1.3249E-16  1.1478E+27
  8.3600E-01  9.1588E+26  7.2165E+28  7.2783E+28  0.0000E+00 -6.1657E+26 -5.2390E+23 -1.0302E+24  0.0000E+00  0.0000E+00  2.9152E+11 -4.3293E+12  6.3488E-17  2.2894E+28
  8.7400E-01  1.8296E+28  1.4423E+30  1.4547E+30  0.0000E+00 -1.2316E+28 -1.0499E+25 -2.0612E+25  0.0000E+00  0.0000E+00  3.4768E+13  1.0116E+14  9.3442E-17  4.5736E+29
  9.1200E-01  3.6603E+29  2.8869E+31  2.9116E+31  0.0000E+00 -2.4638E+29 -2.1065E+26 -4.1297E+26  0.0000E+00  0.0000E+00  7.1963E+14 -3.2721E+15  1.3710E-16  9.1509E+30
  9.5000E-01  1.9366E+01  1.5281E+03  1.5411E+03  0.0000E+00 -1.3035E+01 -1.1175E-02 -2.1878E-02  0.0000E+00  0.0000E+00 -2.0511E-14 -5.5067E-13  3.7063E-16 -9.6323E+30
  9.8800E-01  3.8845E+02  3.0663E+04  3.0925E+04  0.0000E+00 -2.6144E+02 -2.2470E-01 -4.3939E-01  0.0000E+00  0.0000E+00 -1.3561E-13 -7.6171E-12  2.5069E-16  9.7127E+03
  1.0260E+00  7.8006E+03  6.1598E+05  6.2124E+05  0.0000E+00 -5.2500E+03 -4.5223E+00 -8.8336E+00  0.0000E+00  0.0000E+00  1.3701E-11 -1.3961E-10  2.4678E-16  1.9506E+05
  1.0640E+00  1.5681E+05  1.2386E+07  1.2492E+07  0.0000E+00 -1.0553E+05 -9.1090E+01 -1.7775E+02  0.0000E+00  0.0000E+00 -3.9392E-11 -1.3097E-09  1.0799E-16  3.9212E+06
  1.1020E+00  3.1550E+06  2.4929E+08  2.5142E+08  0.0000E+00 -2.1233E+06 -1.8361E+03 -3.5798E+03  0.0000E+00  0.0000E+00  1.4073E-08 -3.2363E-08  1.8469E-16  7.8901E+07
  1.1400E+00  6.3534E+07  5.0214E+09  5.0643E+09  0.0000E+00 -4.2757E+07 -3.7036E+04 -7.2147E+04  0.0000E+00  0.0000E+00 -1.2312E-07 -2.0862E-07  6.5506E-17  1.5889E+09
  1.1780E+00  1.2804E+09  1.0122E+11  1.0208E+11  0.0000E+00 -8.6163E+08 -7.4747E+05 -1.4550E+06  0.0000E+00  0.0000E+00  1.1039E-06  1.5616E-05  1.6379E-16  3.2022E+10
  1.2160E+00  2.5820E+10  2.0416E+12  2.0590E+12  0.0000E+00 -1.7375E+10 -1.5094E+07 -2.9363E+07  0.0000E+00  0.0000E+00  1.1530E-05 -3.5095E-04  1.7604E-16  6.4578E+11
  1.2540E+00  5.2100E+11  4.1204E+13  4.1556E+13  0.0000E+00 -3.5060E+11 -3.0493E+08 -5.9285E+08  0.0000E+00  0.0000E+00  2.5419E-03 -1.3429E-03  9.3484E-17  1.3031E+13
  1.2920E+00  1.0519E+13  8.3203E+14  8.3912E+14  0.0000E+00 -7.0783E+12 -6.1631E+09 -1.1976E+10  0.0000E+00  0.0000E+00  2.6176E-02 -1.0107E-01  1.5165E-16  2.6310E+14
  1.3300E+00  2.1247E+14  1.6809E+16  1.6952E+16  0.0000E+00 -1.4298E+14 -1.2461E+11 -2.4202E+11  0.0000E+00  0.0000E+00  2.4649E-01  2.0309E-01  2.6521E-17  5.3145E+15
  1.3680E+00  4.2936E+15  3.3972E+17  3.4262E+17  0.0000E+00 -2.8892E+15 -2.5203E+12 -4.8930E+12  0.0000E+00  0.0000E+00  1.9925E+01  4.3001E+01  1.8366E-16  1.0740E+17
  1.4060E+00  8.6800E+16  6.8687E+18  6.9272E+18  0.0000E+00 -5.8408E+16 -5.0990E+13 -9.8955E+13  0.0000E+00  0.0000E+00  2.5219E+01 -1.5480E+03  2.2711E-16  2.1712E+18
  1.4440E+00  1.7554E+18  1.3892E+20  1.4011E+20  0.0000E+00 -1.1812E+18 -1.0319E+15 -2.0019E+15  0.0000E+00  0.0000E+00 -1.2192E+03 -3.0464E+04  2.2614E-16  4.3910E+19
  1.4820E+00  3.5510E+19  2.8106E+21  2.8345E+21  0.0000E+00 -2.3895E+19 -2.0888E+16 -4.0510E+16  0.0000E+00  0.0000E+00  1.8172E+05 -2.3553E+05  1.4720E-16  8.8828E+20
  1.5000E+00  1.4758E+20  1.1681E+22  1.1781E+22  0.0000E+00 -9.9305E+19 -8.6833E+16 -1.6838E+17  0.0000E+00  0.0000E+00  3.4400E+05  1.3189E+06  1.4116E-16  8.0048E+21
