 #  1.  time
 #  2.  Total Energy
 #  3.  Total dE/dt
 #  4.  Drive 1 term
 #  5.  Heat sources (nonlocal)
 #  6.  Collisional Dissipation
 #  7.  hyp_v dissipation
 #  8.  hyp_z dissipation
 #  9.  hyp_x/y dissipation
 #  10. nonlinearity
 #  11. [Poisson err]_z,vpar
 #  12. curvature + remaining terms (if any)
 #  13. (abs(10)+abs(11)+abs(12))/abs(4): test for conservation
 #  14. change in energy: (E(t)-E(t_last_energy_calc))/(dt*istep_energy)
#        1           2           3           4           5           6           7           8           9          10          11          12          13          14
  0.0000E+00  1.0198E-01 -1.0925E-01  0.0000E+00  0.0000E+00 -4.1265E-07 -8.2013E-08 -1.0925E-01  0.0000E+00  0.0000E+00 -2.6368E-16  2.7756E-17  0.0000E+00  6.0342E+00
  1.6900E-02  1.1510E-01  1.8081E+00  2.7082E+00  0.0000E+00 -8.2542E-01 -3.6698E-03 -7.1036E-02  0.0000E+00  0.0000E+00 -1.3878E-17 -4.1633E-17  2.0497E-17  7.7655E-01
  3.3800E-02  1.8733E-01  6.3778E+00  8.0333E+00  0.0000E+00 -1.5496E+00 -5.5254E-03 -1.0033E-01  0.0000E+00  0.0000E+00  1.0408E-15 -2.7756E-15  4.7507E-16  4.2741E+00
  5.0700E-02  3.1983E-01  9.6507E+00  1.2610E+01  0.0000E+00 -2.7795E+00 -1.0403E-02 -1.6923E-01  0.0000E+00  0.0000E+00  1.2212E-15 -4.4409E-16  1.3207E-16  7.8401E+00
  6.7600E-02  5.0008E-01  1.1923E+01  1.7184E+01  0.0000E+00 -4.8304E+00 -2.1297E-02 -4.0894E-01  0.0000E+00  0.0000E+00  2.4980E-15 -1.7764E-15  2.4875E-16  1.0665E+01
  8.4500E-02  7.3405E-01  1.5383E+01  2.3791E+01  0.0000E+00 -7.4233E+00 -3.5338E-02 -9.4925E-01  0.0000E+00  0.0000E+00  3.3307E-16  2.6645E-15  1.2600E-16  1.3845E+01
  1.0140E-01  1.0399E+00  2.1033E+01  3.3537E+01  0.0000E+00 -1.0695E+01 -5.2408E-02 -1.7575E+00  0.0000E+00  0.0000E+00  1.7764E-15 -3.5527E-15  1.5890E-16  1.8096E+01
  1.1830E-01  1.4514E+00  2.8895E+01  4.6768E+01  0.0000E+00 -1.5019E+01 -7.4401E-02 -2.7797E+00  0.0000E+00  0.0000E+00 -8.8818E-16  1.7764E-15  5.6974E-17  2.4350E+01
  1.3520E-01  2.0194E+00  3.9359E+01  6.4470E+01  0.0000E+00 -2.0930E+01 -1.0412E-01 -4.0767E+00  0.0000E+00  0.0000E+00 -1.7764E-15 -8.8818E-15  1.6532E-16  3.3611E+01
  1.5210E-01  2.8094E+00  5.4694E+01  8.9733E+01  0.0000E+00 -2.9105E+01 -1.4510E-01 -5.7882E+00  0.0000E+00  0.0000E+00 -9.7700E-15  7.1054E-15  1.8806E-16  4.6746E+01
  1.6900E-01  3.9066E+00  7.6588E+01  1.2536E+02  0.0000E+00 -4.0460E+01 -2.0194E-01 -8.1067E+00  0.0000E+00  0.0000E+00  1.2434E-14 -2.8422E-14  3.2592E-16  6.4922E+01
  1.8590E-01  5.4327E+00  1.0667E+02  1.7452E+02  0.0000E+00 -5.6274E+01 -2.8103E-01 -1.1299E+01  0.0000E+00  0.0000E+00  3.3751E-14 -7.1054E-15  2.3411E-16  9.0300E+01
  2.0280E-01  7.5625E+00  1.4836E+02  2.4278E+02  0.0000E+00 -7.8303E+01 -3.9116E-01 -1.5728E+01  0.0000E+00  0.0000E+00  2.3093E-14 -1.5987E-14  1.6097E-16  1.2603E+02
  2.1970E-01  1.0529E+01  2.0664E+02  3.3806E+02  0.0000E+00 -1.0899E+02 -5.4456E-01 -2.1888E+01  0.0000E+00  0.0000E+00  6.0396E-14  4.2633E-14  3.0476E-16  1.7553E+02
  2.3660E-01  1.4659E+01  2.8794E+02  4.7089E+02  0.0000E+00 -1.5173E+02 -7.5822E-01 -3.0464E+01  0.0000E+00  0.0000E+00  1.1724E-13 -1.5632E-13  5.8094E-16  2.4439E+02
  2.5350E-01  2.0410E+01  4.0091E+02  6.5564E+02  0.0000E+00 -2.1127E+02 -1.0557E+00 -4.2408E+01  0.0000E+00  0.0000E+00  4.2633E-14 -2.8422E-14  1.0837E-16  3.4031E+02
  2.7040E-01  2.8424E+01  5.5864E+02  9.1329E+02  0.0000E+00 -2.9415E+02 -1.4698E+00 -5.9039E+01  0.0000E+00  0.0000E+00  1.4211E-13 -3.1264E-13  4.9792E-16  4.7419E+02
  2.8730E-01  3.9588E+01  7.7844E+02  1.2723E+03  0.0000E+00 -4.0959E+02 -2.0462E+00 -8.2188E+01  0.0000E+00  0.0000E+00  4.2633E-14 -5.6843E-13  4.8030E-16  6.6061E+02
  3.0420E-01  5.5139E+01  1.0848E+03  1.7725E+03  0.0000E+00 -5.7044E+02 -2.8492E+00 -1.1441E+02  0.0000E+00  0.0000E+00  2.8422E-13  5.6843E-14  1.9242E-16  9.2016E+02
  3.2110E-01  7.6817E+01  1.5109E+03  2.4686E+03  0.0000E+00 -7.9451E+02 -3.9674E+00 -1.5926E+02  0.0000E+00  0.0000E+00 -1.4211E-13  6.8212E-13  3.3389E-16  1.2827E+03
  3.3800E-01  1.0702E+02  2.1067E+03  3.4406E+03  0.0000E+00 -1.1067E+03 -5.5247E+00 -2.2171E+02  0.0000E+00  0.0000E+00  4.2633E-13 -3.4106E-13  2.2304E-16  1.7872E+03
  3.5490E-01  1.4915E+02  2.9384E+03  4.7965E+03  0.0000E+00 -1.5418E+03 -7.6942E+00 -3.0865E+02  0.0000E+00  0.0000E+00  3.9790E-13 -4.5475E-13  1.7777E-16  2.4926E+03
  3.7180E-01  2.0787E+02  4.0955E+03  6.6842E+03  0.0000E+00 -2.1483E+03 -1.0716E+01 -4.2970E+02  0.0000E+00  0.0000E+00  5.6843E-14  9.0949E-13  1.4457E-16  3.4746E+03
  3.8870E-01  2.8980E+02  5.7180E+03  9.3252E+03  0.0000E+00 -2.9940E+03 -1.4929E+01 -5.9827E+02  0.0000E+00  0.0000E+00 -3.4106E-13  4.5475E-13  8.5340E-17  4.8484E+03
  4.0560E-01  4.0414E+02  7.9757E+03  1.3003E+04  0.0000E+00 -4.1734E+03 -2.0798E+01 -8.3304E+02  0.0000E+00  0.0000E+00  6.8212E-13 -1.3642E-12  1.5738E-16  6.7655E+03
  4.2250E-01  5.6373E+02  1.1143E+04  1.8151E+04  0.0000E+00 -5.8191E+03 -2.8982E+01 -1.1600E+03  0.0000E+00  0.0000E+00  4.5475E-13  2.7285E-12  1.7537E-16  9.4432E+03
  4.3940E-01  7.8673E+02  1.5562E+04  2.5334E+04  0.0000E+00 -8.1157E+03 -4.0393E+01 -1.6156E+03  0.0000E+00  0.0000E+00  2.2737E-12 -6.3665E-12  3.4105E-16  1.3195E+04
  4.5630E-01  1.0982E+03  2.1751E+04  3.5381E+04  0.0000E+00 -1.1323E+04 -5.6310E+01 -2.2502E+03  0.0000E+00  0.0000E+00 -2.7285E-12  8.1855E-12  3.0847E-16  1.8429E+04
  4.7320E-01  1.5339E+03  3.0439E+04  4.9455E+04  0.0000E+00 -1.5803E+04 -7.8523E+01 -3.1346E+03  0.0000E+00  0.0000E+00  2.2737E-12 -1.0459E-11  2.5746E-16  2.5785E+04
  4.9010E-01  2.1433E+03  4.2569E+04  6.9112E+04  0.0000E+00 -2.2066E+04 -1.0952E+02 -4.3672E+03  0.0000E+00  0.0000E+00  0.0000E+00  5.4570E-12  7.8958E-17  3.6059E+04
  5.0700E-01  2.9970E+03  5.9700E+04  9.6763E+04  0.0000E+00 -3.0825E+04 -1.5282E+02 -6.0854E+03  0.0000E+00  0.0000E+00  9.0949E-12 -7.2760E-12  1.6918E-16  5.0512E+04
  5.2390E-01  4.1935E+03  8.3619E+04  1.3540E+05  0.0000E+00 -4.3086E+04 -2.1331E+02 -8.4814E+03  0.0000E+00  0.0000E+00  1.2733E-11  0.0000E+00  9.4039E-17  7.0798E+04
  5.4080E-01  5.8715E+03  1.1748E+05  1.8987E+05  0.0000E+00 -6.0262E+04 -2.9789E+02 -1.1824E+04  0.0000E+00  0.0000E+00  2.9104E-11  1.4552E-11  2.2993E-16  9.9291E+04
  5.5770E-01  8.2302E+03  1.6504E+05  2.6629E+05  0.0000E+00 -8.4342E+04 -4.1621E+02 -1.6487E+04  0.0000E+00  0.0000E+00  2.9104E-11 -2.9104E-11  2.1859E-16  1.3957E+05
  5.7460E-01  1.1545E+04  2.3224E+05  3.7397E+05  0.0000E+00 -1.1815E+05 -5.8183E+02 -2.2996E+04  0.0000E+00  0.0000E+00  6.5484E-11 -1.4552E-11  2.1402E-16  1.9611E+05
  5.9150E-01  1.6217E+04  3.2761E+05  5.2616E+05  0.0000E+00 -1.6565E+05 -8.1400E+02 -3.2086E+04  0.0000E+00  0.0000E+00 -6.5484E-11  2.9104E-11  1.7977E-16  2.7650E+05
  6.0840E-01  2.2804E+04  4.6195E+05  7.4040E+05  0.0000E+00 -2.3253E+05 -1.1395E+03 -4.4787E+04  0.0000E+00  0.0000E+00  7.2760E-11  5.8208E-11  1.7689E-16  3.8977E+05
  6.2530E-01  3.2119E+04  6.5458E+05  1.0455E+06  0.0000E+00 -3.2676E+05 -1.5968E+03 -6.2543E+04  0.0000E+00  0.0000E+00  7.2760E-11 -1.4552E-10  2.0878E-16  5.5115E+05
  6.4220E-01  4.5312E+04  9.2652E+05  1.4760E+06  0.0000E+00 -4.5981E+05 -2.2394E+03 -8.7383E+04  0.0000E+00  0.0000E+00  4.6566E-10 -1.7462E-10  4.3381E-16  7.8063E+05
  6.5910E-01  6.4027E+04  1.3183E+06  2.0916E+06  0.0000E+00 -6.4805E+05 -3.1445E+03 -1.2216E+05  0.0000E+00  0.0000E+00  1.3097E-10  8.7311E-10  4.8005E-16  1.1074E+06
  6.7600E-01  9.0690E+04  1.8773E+06  2.9675E+06  0.0000E+00 -9.1484E+05 -4.4207E+03 -1.7089E+05  0.0000E+00  0.0000E+00  2.0373E-10 -6.9849E-10  3.0404E-16  1.5777E+06
  6.9290E-01  1.2868E+05  2.6816E+06  4.2211E+06  0.0000E+00 -1.2941E+06 -6.2231E+03 -2.3924E+05  0.0000E+00  0.0000E+00  6.1118E-10  8.1491E-10  3.3784E-16  2.2482E+06
  7.0980E-01  1.8314E+05  3.8485E+06  6.0267E+06  0.0000E+00 -1.8342E+06 -8.7760E+03 -3.3521E+05  0.0000E+00  0.0000E+00  1.7462E-10  6.9849E-10  1.4488E-16  3.2224E+06
  7.2670E-01  2.6126E+05  5.5247E+06  8.6134E+06  0.0000E+00 -2.6062E+06 -1.2395E+04 -4.7014E+05  0.0000E+00  0.0000E+00  7.5670E-10 -1.1642E-09  2.2301E-16  4.6222E+06
  7.4360E-01  3.7390E+05  7.9931E+06  1.2383E+07  0.0000E+00 -3.7124E+06 -1.7545E+04 -6.6011E+05  0.0000E+00  0.0000E+00  1.5134E-09 -9.3132E-10  1.9742E-16  6.6649E+06
  7.6050E-01  5.3686E+05  1.1559E+07  1.7816E+07  0.0000E+00 -5.3035E+06 -2.4884E+04 -9.2797E+05  0.0000E+00  0.0000E+00  2.4447E-09 -9.3132E-10  1.8950E-16  9.6429E+06
  7.7740E-01  7.7335E+05  1.6847E+07  2.5790E+07  0.0000E+00 -7.6004E+06 -3.5384E+04 -1.3064E+06  0.0000E+00  0.0000E+00 -1.8626E-09  2.7940E-09  1.8056E-16  1.3993E+07
  7.9430E-01  1.1188E+06  2.4610E+07  3.7431E+07  0.0000E+00 -1.0928E+07 -5.0449E+04 -1.8419E+06  0.0000E+00  0.0000E+00  1.1642E-09 -1.2107E-08  3.5456E-16  2.0442E+07
  8.1120E-01  1.6241E+06  3.6116E+07  5.4562E+07  0.0000E+00 -1.5772E+07 -7.2129E+04 -2.6018E+06  0.0000E+00  0.0000E+00  1.8626E-09  9.3132E-10  5.1208E-17  2.9899E+07
  8.2810E-01  2.3692E+06  5.3362E+07  7.9995E+07  0.0000E+00 -2.2847E+07 -1.0348E+05 -3.6821E+06  0.0000E+00  0.0000E+00  9.3132E-10 -7.4506E-09  1.0478E-16  4.4087E+07
  8.4500E-01  3.4698E+06  7.8919E+07  1.1753E+08  0.0000E+00 -3.3240E+07 -1.4893E+05 -5.2227E+06  0.0000E+00  0.0000E+00  1.0245E-08 -1.6764E-08  2.2980E-16  6.5124E+07
  8.6190E-01  5.1065E+06  1.1786E+08  1.7406E+08  0.0000E+00 -4.8565E+07 -2.1522E+05 -7.4257E+06  0.0000E+00  0.0000E+00  3.7253E-09 -1.3039E-08  9.6310E-17  9.6847E+07
  8.7880E-01  7.5516E+06  1.7602E+08  2.5820E+08  0.0000E+00 -7.1281E+07 -3.1214E+05 -1.0586E+07  0.0000E+00  0.0000E+00  9.3132E-09  1.1176E-08  7.9354E-17  1.4468E+08
  8.9570E-01  1.1218E+07  2.6518E+08  3.8589E+08  0.0000E+00 -1.0512E+08 -4.5471E+05 -1.5136E+07  0.0000E+00  0.0000E+00  2.0489E-08  1.8626E-08  1.0137E-16  2.1693E+08
  9.1260E-01  1.6756E+07  4.0060E+08  5.7873E+08  0.0000E+00 -1.5575E+08 -6.6531E+05 -2.1709E+07  0.0000E+00  0.0000E+00 -4.4703E-08 -1.4901E-08  1.0299E-16  3.2768E+08
  9.2950E-01  2.5132E+07  6.0795E+08  8.7211E+08  0.0000E+00 -2.3194E+08 -9.7775E+05 -3.1249E+07  0.0000E+00  0.0000E+00 -8.5682E-08 -1.3411E-07  2.5202E-16  4.9565E+08
  9.4640E-01  3.7905E+07  9.2884E+08  1.3224E+09  0.0000E+00 -3.4702E+08 -1.4443E+06 -4.5142E+07  0.0000E+00  0.0000E+00  1.4901E-08 -8.9407E-08  7.8875E-17  7.5577E+08
  9.6330E-01  5.7412E+07  1.4199E+09  2.0094E+09  0.0000E+00 -5.2184E+08 -2.1427E+06 -6.5476E+07  0.0000E+00  0.0000E+00  4.4703E-08 -1.0431E-07  7.4158E-17  1.1543E+09
  9.8020E-01  8.7379E+07  2.1893E+09  3.0763E+09  0.0000E+00 -7.8840E+08 -3.1960E+06 -9.5366E+07  0.0000E+00  0.0000E+00 -4.4703E-08 -3.8743E-07  1.4047E-16  1.7732E+09
  9.9710E-01  1.3359E+08  3.3744E+09  4.7155E+09  0.0000E+00 -1.1968E+09 -4.7886E+06 -1.3951E+08  0.0000E+00  0.0000E+00  2.6822E-07 -5.9605E-08  6.9521E-17  2.7344E+09
  1.0140E+00  2.0503E+08  5.2364E+09  7.2737E+09  0.0000E+00 -1.8250E+09 -7.2113E+06 -2.0505E+08  0.0000E+00  0.0000E+00 -2.9802E-07  3.5763E-07  9.0141E-17  4.2272E+09
  1.0309E+00  3.1611E+08  8.1405E+09  1.1249E+10  0.0000E+00 -2.7948E+09 -1.0912E+07 -3.0275E+08  0.0000E+00  0.0000E+00 -5.3644E-07  1.4305E-06  1.7486E-16  6.5728E+09
  1.0478E+00  4.8889E+08  1.2691E+10  1.7455E+10  0.0000E+00 -4.2984E+09 -1.6585E+07 -4.4925E+08  0.0000E+00  0.0000E+00 -1.1921E-07 -4.2319E-06  2.4927E-16  1.0224E+10
  1.0647E+00  7.5918E+08  1.9878E+10  2.7209E+10  0.0000E+00 -6.6355E+09 -2.5329E+07 -6.6982E+08  0.0000E+00  0.0000E+00 -1.9073E-06 -7.7486E-06  3.5488E-16  1.5994E+10
  1.0816E+00  1.1823E+09  3.1124E+10  4.2449E+10  0.0000E+00 -1.0282E+10 -3.8832E+07 -1.0037E+09  0.0000E+00  0.0000E+00  9.5367E-07 -2.3842E-07  2.8083E-17  2.5034E+10
  1.0985E+00  1.8468E+09  4.9010E+10  6.6567E+10  0.0000E+00 -1.5985E+10 -5.9802E+07 -1.5112E+09  0.0000E+00  0.0000E+00  0.0000E+00  6.9141E-06  1.0387E-16  3.9324E+10
  1.1154E+00  2.8930E+09  7.7101E+10  1.0441E+11  0.0000E+00 -2.4929E+10 -9.2418E+07 -2.2862E+09  0.0000E+00  0.0000E+00 -1.3351E-05  3.2425E-05  4.3843E-16  6.1907E+10
  1.1323E+00  4.5417E+09  1.2179E+11  1.6440E+11  0.0000E+00 -3.8991E+10 -1.4336E+08 -3.4751E+09  0.0000E+00  0.0000E+00 -5.7220E-06  1.3828E-05  1.1892E-16  9.7555E+10
  1.1492E+00  7.1489E+09  1.9251E+11  2.5918E+11  0.0000E+00 -6.1135E+10 -2.2310E+08 -5.3052E+09  0.0000E+00  0.0000E+00  2.0027E-05  2.2888E-05  1.6558E-16  1.5427E+11
  1.1661E+00  1.1270E+10  3.0467E+11  4.0925E+11  0.0000E+00 -9.6096E+10 -3.4820E+08 -8.1352E+09  0.0000E+00  0.0000E+00 -4.7684E-06  1.1444E-05  3.9615E-17  2.4385E+11
  1.1830E+00  1.7805E+10  4.8349E+11  6.4791E+11  0.0000E+00 -1.5135E+11 -5.4512E+08 -1.2524E+10  0.0000E+00  0.0000E+00  0.0000E+00 -1.8692E-04  2.8850E-16  3.8671E+11
  1.1999E+00  2.8168E+10  7.6658E+11  1.0256E+12  0.0000E+00 -2.3885E+11 -8.5526E+08 -1.9356E+10  0.0000E+00  0.0000E+00  3.8147E-06  7.6294E-06  1.1158E-17  6.1319E+11
  1.2168E+00  4.4630E+10  1.2195E+12  1.6284E+12  0.0000E+00 -3.7756E+11 -1.3453E+09 -3.0020E+10  0.0000E+00  0.0000E+00  3.0518E-05 -5.0354E-04  3.2796E-16  9.7407E+11
  1.2337E+00  7.0807E+10  1.9378E+12  2.5844E+12  0.0000E+00 -5.9773E+11 -2.1201E+09 -4.6713E+10  0.0000E+00  0.0000E+00 -2.2888E-04 -3.9673E-04  2.4207E-16  1.5489E+12
  1.2506E+00  1.1244E+11  3.0861E+12  4.1100E+12  0.0000E+00 -9.4761E+11 -3.3476E+09 -7.2914E+10  0.0000E+00  0.0000E+00 -1.2207E-04  2.4414E-04  8.9102E-17  2.4634E+12
  1.2675E+00  1.7878E+11  4.9157E+12  6.5391E+12  0.0000E+00 -1.5040E+12 -5.2944E+09 -1.1412E+11  0.0000E+00  0.0000E+00 -3.0518E-05  1.0986E-03  1.7268E-16  3.9254E+12
  1.2844E+00  2.8442E+11  7.8325E+12  1.0410E+13  0.0000E+00 -2.3898E+12 -8.3848E+09 -1.7907E+11  0.0000E+00  0.0000E+00 -3.9673E-04  8.5449E-04  1.2020E-16  6.2509E+12
  1.3013E+00  4.5294E+11  1.2499E+13  1.6594E+13  0.0000E+00 -3.8005E+12 -1.3299E+10 -2.8162E+11  0.0000E+00  0.0000E+00 -9.1553E-04  1.2207E-03  1.2873E-16  9.9718E+12
  1.3182E+00  7.2169E+11  1.9928E+13  2.6442E+13  0.0000E+00 -6.0493E+12 -2.1113E+10 -4.4382E+11  0.0000E+00  0.0000E+00 -1.4648E-03  4.8828E-03  2.4006E-16  1.5902E+13
  1.3351E+00  1.1506E+12  3.1833E+13  4.2202E+13  0.0000E+00 -9.6354E+12 -3.3559E+10 -7.0073E+11  0.0000E+00  0.0000E+00 -2.6855E-03  1.0254E-02  3.0661E-16  2.5381E+13
  1.3520E+00  1.8356E+12  5.0804E+13  6.7323E+13  0.0000E+00 -1.5357E+13 -5.3383E+10 -1.1081E+12  0.0000E+00  0.0000E+00 -8.7891E-03 -1.4648E-03  1.5231E-16  4.0529E+13
  1.3689E+00  2.9291E+12  8.1174E+13  1.0751E+14  0.0000E+00 -2.4491E+13 -8.4988E+10 -1.7551E+12  0.0000E+00  0.0000E+00 -4.8828E-04 -1.2695E-02  1.2263E-16  6.4708E+13
  1.3858E+00  4.6769E+12  1.2970E+14  1.7169E+14  0.0000E+00 -3.9074E+13 -1.3540E+11 -2.7833E+12  0.0000E+00  0.0000E+00 -2.6367E-02  6.2500E-02  5.1760E-16  1.0342E+14
  1.4027E+00  7.4688E+12  2.0723E+14  2.7424E+14  0.0000E+00 -6.2372E+13 -2.1584E+11 -4.4192E+12  0.0000E+00  0.0000E+00 -2.9297E-03 -9.3750E-02  3.5253E-16  1.6520E+14
  1.4196E+00  1.1933E+13  3.3140E+14  4.3836E+14  0.0000E+00 -9.9592E+13 -3.4428E+11 -7.0233E+12  0.0000E+00  0.0000E+00 -8.7891E-03 -8.2031E-02  2.0718E-16  2.6414E+14
  1.4365E+00  1.9068E+13  5.2961E+14  7.0042E+14  0.0000E+00 -1.5908E+14 -5.4934E+11 -1.1172E+13  0.0000E+00  0.0000E+00 -1.5625E-02  4.6875E-02  8.9233E-17  4.2219E+14
  1.4534E+00  3.0477E+13  8.4727E+14  1.1201E+15  0.0000E+00 -2.5417E+14 -8.7700E+11 -1.7787E+13  0.0000E+00  0.0000E+00  3.9062E-02  0.0000E+00  3.4874E-17  6.7510E+14
  1.4703E+00  4.8725E+13  1.3546E+15  1.7906E+15  0.0000E+00 -4.0621E+14 -1.4005E+12 -2.8336E+13  0.0000E+00  0.0000E+00 -7.0312E-02 -1.0938E-01  1.0035E-16  1.0798E+15
  1.4872E+00  7.7905E+13  2.1671E+15  2.8638E+15  0.0000E+00 -6.4934E+14 -2.2372E+12 -4.5172E+13  0.0000E+00  0.0000E+00 -2.3438E-01 -6.8750E-01  3.2190E-16  1.7266E+15
  1.5000E+00  1.1118E+14  3.0935E+15  4.0875E+15  0.0000E+00 -9.2643E+14 -3.1906E+12 -6.4328E+13  0.0000E+00  0.0000E+00  1.0156E-01 -1.0000E+00  2.6950E-16  2.6619E+15
