 #  1.  time
 #  2.  Total Energy
 #  3.  Total dE/dt
 #  4.  Drive 1 term
 #  5.  Heat sources (nonlocal)
 #  6.  Collisional Dissipation
 #  7.  hyp_v dissipation
 #  8.  hyp_z dissipation
 #  9.  hyp_x/y dissipation
 #  10. nonlinearity
 #  11. [Poisson err]_z,vpar
 #  12. curvature + remaining terms (if any)
 #  13. (abs(10)+abs(11)+abs(12))/abs(4): test for conservation
 #  14. change in energy: (E(t)-E(t_last_energy_calc))/(dt*istep_energy)
#        1           2           3           4           5           6           7           8           9          10          11          12          13          14
  0.0000E+00  1.0450E-01 -2.6258E-01  0.0000E+00  0.0000E+00  5.5292E-06 -8.6639E-08 -2.6258E-01  0.0000E+00  0.0000E+00 -3.3307E-16 -1.1102E-16  0.0000E+00  3.8139E+00
  2.7400E-02  2.3024E+00  3.6823E+02  3.7124E+02  0.0000E+00 -2.2658E+00 -3.5855E-03 -7.3784E-01  0.0000E+00  0.0000E+00 -2.3315E-15 -1.2379E-13  3.3973E-16  8.0215E+01
  5.4800E-02  2.3732E+02  4.1280E+04  4.1468E+04  0.0000E+00 -1.7243E+02 -1.2798E-01 -1.5847E+01  0.0000E+00  0.0000E+00 -7.9226E-13  3.9222E-12  1.1369E-16  8.5774E+03
  8.2200E-02  2.9436E+04  5.1963E+06  5.2169E+06  0.0000E+00 -2.0304E+04 -1.3810E+01 -2.8445E+02  0.0000E+00  0.0000E+00 -6.2528E-11  3.3106E-10  7.5444E-17  1.0657E+06
  1.0960E-01  3.7329E+06  6.6042E+08  6.6299E+08  0.0000E+00 -2.5547E+06 -1.7286E+03 -1.4491E+04  0.0000E+00  0.0000E+00  1.0878E-09  4.3306E-08  6.6961E-17  1.3516E+08
  1.3700E-01  4.7571E+08  8.4170E+10  8.4498E+10  0.0000E+00 -3.2539E+08 -2.1998E+05 -1.7247E+06  0.0000E+00  0.0000E+00 -5.0291E-08  1.3709E-06  1.6819E-17  1.7226E+10
  1.6440E-01  6.0618E+10  1.0725E+13  1.0767E+13  0.0000E+00 -4.1463E+10 -2.8031E+07 -2.1939E+08  0.0000E+00  0.0000E+00 -8.3119E-05 -7.4768E-04  7.7164E-17  2.1950E+12
  1.9180E-01  7.7255E+12  1.3669E+15  1.3723E+15  0.0000E+00 -5.2840E+12 -3.5725E+09 -2.7956E+10  0.0000E+00  0.0000E+00 -4.4655E-02 -1.2402E-01  1.2292E-16  2.7974E+14
  2.1920E-01  9.8461E+14  1.7421E+17  1.7489E+17  0.0000E+00 -6.7347E+14 -4.5533E+11 -3.5633E+12  0.0000E+00  0.0000E+00 -7.1846E+00 -3.5250E+01  2.4264E-16  3.5653E+16
  2.4660E-01  1.2548E+17  2.2201E+19  2.2287E+19  0.0000E+00 -8.5825E+16 -5.8026E+13 -4.5409E+14  0.0000E+00  0.0000E+00 -4.3288E+02  3.9680E+03  1.9746E-16  4.5435E+18
  2.7400E-01  1.5991E+19  2.8294E+21  2.8404E+21  0.0000E+00 -1.0938E+19 -7.3950E+15 -5.7871E+16  0.0000E+00  0.0000E+00 -7.8048E+04  3.6045E+05  1.5438E-16  5.7904E+20
  3.0140E-01  2.0379E+21  3.6058E+23  3.6198E+23  0.0000E+00 -1.3939E+21 -9.4243E+17 -7.3750E+18  0.0000E+00  0.0000E+00 -1.0433E+07 -2.1234E+07  8.7481E-17  7.3793E+22
  3.2880E-01  2.5972E+23  4.5953E+25  4.6131E+25  0.0000E+00 -1.7764E+23 -1.2010E+20 -9.3989E+20  0.0000E+00  0.0000E+00 -1.2840E+09  7.5162E+09  1.9076E-16  9.4043E+24
  3.5620E-01  3.3099E+25  5.8563E+27  5.8790E+27  0.0000E+00 -2.2639E+25 -1.5306E+22 -1.1978E+23  0.0000E+00  0.0000E+00  6.4945E+10  2.4481E+11  5.2689E-17  1.1985E+27
  3.8360E-01  4.2181E+27  7.4633E+29  7.4923E+29  0.0000E+00 -2.8852E+27 -1.9507E+24 -1.5265E+25  0.0000E+00  0.0000E+00 -1.1124E+12 -2.0286E+14  2.7224E-16  1.5274E+29
  4.1100E-01  5.3757E+29  9.5114E+31  9.5483E+31  0.0000E+00 -3.6769E+29 -2.4860E+26 -1.9454E+27  0.0000E+00  0.0000E+00 -2.7419E+15  1.9070E+16  2.2844E-16  1.9465E+31
  4.3840E-01  1.8027E+02  3.1895E+04  3.2019E+04  0.0000E+00 -1.2330E+02 -8.3363E-02 -6.5237E-01  0.0000E+00  0.0000E+00 -1.0247E-12  3.2259E-12  1.3275E-16 -1.9619E+31
  4.6580E-01  2.2973E+04  4.0648E+06  4.0806E+06  0.0000E+00 -1.5714E+04 -1.0624E+01 -8.3139E+01  0.0000E+00  0.0000E+00 -1.9827E-10 -4.1291E-10  1.4978E-16  8.3187E+05
  4.9320E-01  2.9278E+06  5.1802E+08  5.2003E+08  0.0000E+00 -2.0026E+06 -1.3539E+03 -1.0595E+04  0.0000E+00  0.0000E+00 -1.5196E-08  5.5414E-08  1.3578E-16  1.0601E+08
  5.2060E-01  3.7312E+08  6.6017E+10  6.6274E+10  0.0000E+00 -2.5521E+08 -1.7255E+05 -1.3503E+06  0.0000E+00  0.0000E+00 -5.1595E-07  1.2457E-05  1.9575E-16  1.3511E+10
  5.4800E-01  4.7551E+10  8.4133E+12  8.4461E+12  0.0000E+00 -3.2524E+10 -2.1990E+07 -1.7208E+08  0.0000E+00  0.0000E+00 -4.9150E-04  1.9913E-03  2.9396E-16  1.7218E+12
  5.7540E-01  6.0600E+12  1.0722E+15  1.0764E+15  0.0000E+00 -4.1450E+12 -2.8024E+09 -2.1930E+10  0.0000E+00  0.0000E+00 -4.9248E-02  4.1016E-02  8.3858E-17  2.1943E+14
  6.0280E-01  7.7229E+14  1.3664E+17  1.3718E+17  0.0000E+00 -5.2824E+14 -3.5714E+11 -2.7948E+12  0.0000E+00  0.0000E+00 -6.1475E+00  5.5000E+00  8.4909E-17  2.7965E+16
  6.3020E-01  9.8422E+16  1.7414E+19  1.7482E+19  0.0000E+00 -6.7320E+16 -4.5515E+13 -3.5618E+14  0.0000E+00  0.0000E+00 -4.1550E+02 -2.7200E+02  3.9327E-17  3.5638E+18
  6.5760E-01  1.2543E+19  2.2193E+21  2.2279E+21  0.0000E+00 -8.5793E+18 -5.8005E+15 -4.5392E+16  0.0000E+00  0.0000E+00 -2.4680E+04 -3.1334E+05  1.5172E-16  4.5418E+20
  6.8500E-01  1.5985E+21  2.8283E+23  2.8393E+23  0.0000E+00 -1.0934E+21 -7.3922E+17 -5.7848E+18  0.0000E+00  0.0000E+00 -9.9717E+06  5.9900E+07  2.4609E-16  5.7882E+22
  7.1240E-01  2.0372E+23  3.6044E+25  3.6184E+25  0.0000E+00 -1.3934E+23 -9.4207E+19 -7.3723E+20  0.0000E+00  0.0000E+00 -1.2098E+08  0.0000E+00  3.3434E-18  7.3765E+24
  7.3980E-01  2.5962E+25  4.5935E+27  4.6114E+27  0.0000E+00 -1.7758E+25 -1.2006E+22 -9.3953E+22  0.0000E+00  0.0000E+00  1.0870E+11  7.0008E+11  1.7539E-16  9.4008E+26
  7.6720E-01  3.3086E+27  5.8540E+29  5.8768E+29  0.0000E+00 -2.2631E+27 -1.5301E+24 -1.1974E+25  0.0000E+00  0.0000E+00  2.3279E+12  5.0852E+13  9.0492E-17  1.1980E+29
  7.9460E-01  4.2165E+29  7.4605E+31  7.4895E+31  0.0000E+00 -2.8841E+29 -1.9499E+26 -1.5259E+27  0.0000E+00  0.0000E+00  1.3766E+15  2.5333E+15  5.2205E-17  1.5268E+31
  8.2200E-01  1.8013E+02  3.1871E+04  3.1995E+04  0.0000E+00 -1.2321E+02 -8.3302E-02 -6.5188E-01  0.0000E+00  0.0000E+00 -1.0782E-12 -2.2737E-13  4.0807E-17 -1.5389E+31
  8.4940E-01  2.2956E+04  4.0617E+06  4.0775E+06  0.0000E+00 -1.5702E+04 -1.0616E+01 -8.3077E+01  0.0000E+00  0.0000E+00 -1.7644E-10  9.7134E-10  2.8149E-16  8.3125E+05
  8.7680E-01  2.9256E+06  5.1764E+08  5.1965E+08  0.0000E+00 -2.0011E+06 -1.3529E+03 -1.0587E+04  0.0000E+00  0.0000E+00 -1.0381E-08 -6.9867E-09  3.3422E-17  1.0594E+08
  9.0420E-01  3.7284E+08  6.5968E+10  6.6225E+10  0.0000E+00 -2.5502E+08 -1.7242E+05 -1.3493E+06  0.0000E+00  0.0000E+00 -7.3225E-07 -2.6822E-06  5.1559E-17  1.3501E+10
  9.3160E-01  4.7516E+10  8.4071E+12  8.4398E+12  0.0000E+00 -3.2500E+10 -2.1973E+07 -1.7195E+08  0.0000E+00  0.0000E+00 -2.6211E-04  7.3242E-04  1.1784E-16  1.7205E+12
  9.5900E-01  6.0555E+12  1.0714E+15  1.0756E+15  0.0000E+00 -4.1419E+12 -2.8003E+09 -2.1914E+10  0.0000E+00  0.0000E+00 -3.0968E-02 -1.6357E-01  1.8087E-16  2.1927E+14
  9.8640E-01  7.7172E+14  1.3654E+17  1.3707E+17  0.0000E+00 -5.2785E+14 -3.5688E+11 -2.7928E+12  0.0000E+00  0.0000E+00 -2.6855E-01 -3.5375E+01  2.6003E-16  2.7944E+16
  1.0138E+00  9.8349E+16  1.7401E+19  1.7469E+19  0.0000E+00 -6.7270E+16 -4.5481E+13 -3.5591E+14  0.0000E+00  0.0000E+00 -3.4044E+02 -4.0062E+01  2.1782E-17  3.5612E+18
  1.0412E+00  1.2534E+19  2.2176E+21  2.2263E+21  0.0000E+00 -8.5730E+18 -5.7962E+15 -4.5358E+16  0.0000E+00  0.0000E+00  3.7112E+04 -2.4576E+04  2.7709E-17  4.5385E+20
  1.0686E+00  1.5973E+21  2.8262E+23  2.8372E+23  0.0000E+00 -1.0926E+21 -7.3867E+17 -5.7805E+18  0.0000E+00  0.0000E+00 -1.0620E+07 -8.8343E+07  3.4881E-16  5.7839E+22
  1.0960E+00  2.0356E+23  3.6017E+25  3.6157E+25  0.0000E+00 -1.3924E+23 -9.4137E+19 -7.3668E+20  0.0000E+00  0.0000E+00 -1.0782E+09 -3.8588E+08  4.0492E-17  7.3711E+24
  1.1234E+00  2.5943E+25  4.5901E+27  4.6080E+27  0.0000E+00 -1.7744E+25 -1.1997E+22 -9.3884E+22  0.0000E+00  0.0000E+00 -1.0791E+11 -6.0130E+11  1.5391E-16  9.3938E+26
  1.1508E+00  3.3062E+27  5.8497E+29  5.8725E+29  0.0000E+00 -2.2614E+27 -1.5289E+24 -1.1965E+25  0.0000E+00  0.0000E+00  2.3805E+13  1.0995E+13  5.9260E-17  1.1972E+29
  1.1782E+00  4.2134E+29  7.4549E+31  7.4839E+31  0.0000E+00 -2.8819E+29 -1.9485E+26 -1.5248E+27  0.0000E+00  0.0000E+00 -4.2834E+15 -6.1924E+15  1.3998E-16  1.5257E+31
  1.2056E+00  1.8000E+02  3.1848E+04  3.1972E+04  0.0000E+00 -1.2312E+02 -8.3240E-02 -6.5140E-01  0.0000E+00  0.0000E+00  3.2196E-13  1.4211E-12  5.4519E-17 -1.5377E+31
  1.2330E+00  2.2939E+04  4.0587E+06  4.0745E+06  0.0000E+00 -1.5690E+04 -1.0608E+01 -8.3015E+01  0.0000E+00  0.0000E+00 -2.1814E-10  2.8012E-10  1.2229E-16  8.3063E+05
  1.2604E+00  2.9234E+06  5.1725E+08  5.1926E+08  0.0000E+00 -1.9996E+06 -1.3519E+03 -1.0580E+04  0.0000E+00  0.0000E+00  5.7989E-09 -5.0757E-08  1.0892E-16  1.0586E+08
  1.2878E+00  3.7257E+08  6.5919E+10  6.6176E+10  0.0000E+00 -2.5483E+08 -1.7229E+05 -1.3483E+06  0.0000E+00  0.0000E+00  9.1828E-07  3.2783E-06  6.3415E-17  1.3491E+10
  1.3152E+00  4.7480E+10  8.4009E+12  8.4335E+12  0.0000E+00 -3.2476E+10 -2.1957E+07 -1.7183E+08  0.0000E+00  0.0000E+00 -8.0168E-05 -1.3351E-03  1.6782E-16  1.7193E+12
  1.3426E+00  6.0510E+12  1.0706E+15  1.0748E+15  0.0000E+00 -4.1388E+12 -2.7982E+09 -2.1898E+10  0.0000E+00  0.0000E+00 -5.9959E-02  1.0742E-02  6.5782E-17  2.1911E+14
  1.3700E+00  7.7114E+14  1.3644E+17  1.3697E+17  0.0000E+00 -5.2746E+14 -3.5661E+11 -2.7907E+12  0.0000E+00  0.0000E+00 -6.3140E+00  2.4375E+01  2.2405E-16  2.7923E+16
  1.3974E+00  9.8276E+16  1.7388E+19  1.7456E+19  0.0000E+00 -6.7220E+16 -4.5447E+13 -3.5565E+14  0.0000E+00  0.0000E+00 -8.6475E+02  1.4240E+03  1.3112E-16  3.5586E+18
  1.4248E+00  1.2524E+19  2.2160E+21  2.2246E+21  0.0000E+00 -8.5666E+18 -5.7919E+15 -4.5325E+16  0.0000E+00  0.0000E+00 -7.4352E+04 -2.7648E+05  1.5771E-16  4.5351E+20
  1.4522E+00  1.5961E+21  2.8241E+23  2.8351E+23  0.0000E+00 -1.0917E+21 -7.3812E+17 -5.7762E+18  0.0000E+00  0.0000E+00 -6.7799E+06  2.1234E+07  9.8811E-17  5.7796E+22
  1.4796E+00  2.0341E+23  3.5991E+25  3.6131E+25  0.0000E+00 -1.3913E+23 -9.4068E+19 -7.3613E+20  0.0000E+00  0.0000E+00 -2.4642E+07  6.5599E+09  1.8224E-16  7.3656E+24
  1.5000E+00  7.5134E+24  1.3294E+27  1.3345E+27  0.0000E+00 -5.1391E+24 -3.4746E+21 -2.7190E+22  0.0000E+00  0.0000E+00 -2.4822E+10 -2.6736E+11  2.1894E-16  5.8952E+26
