 #  1.  time
 #  2.  Total Energy
 #  3.  Total dE/dt
 #  4.  Drive 1 term
 #  5.  Heat sources (nonlocal)
 #  6.  Collisional Dissipation
 #  7.  hyp_v dissipation
 #  8.  hyp_z dissipation
 #  9.  hyp_x/y dissipation
 #  10. nonlinearity
 #  11. [Poisson err]_z,vpar
 #  12. curvature + remaining terms (if any)
 #  13. (abs(10)+abs(11)+abs(12))/abs(4): test for conservation
 #  14. change in energy: (E(t)-E(t_last_energy_calc))/(dt*istep_energy)
#        1           2           3           4           5           6           7           8           9          10          11          12          13          14
  0.0000E+00  1.0279E-01 -1.7878E-01  0.0000E+00  0.0000E+00  1.8314E-06 -8.3426E-08 -1.7879E-01  0.0000E+00  0.0000E+00 -2.4980E-16  2.7756E-17  0.0000E+00  4.1280E+00
  2.4900E-02  2.4673E+00  5.2340E+02  5.2563E+02  0.0000E+00 -2.1332E+00 -3.4182E-03 -9.2707E-02  0.0000E+00  0.0000E+00  2.5396E-14  1.1591E-13  2.6883E-16  9.4961E+01
  4.9800E-02  5.1828E+02  1.1553E+05  1.1586E+05  0.0000E+00 -3.2688E+02 -2.0985E-01 -3.1684E+00  0.0000E+00  0.0000E+00  2.0615E-12  1.1369E-13  1.8773E-17  2.0715E+04
  7.4700E-02  1.2806E+05  2.8160E+07  2.8241E+07  0.0000E+00 -8.0077E+04 -4.8869E+01 -5.2979E+02  0.0000E+00  0.0000E+00  5.7446E-10  4.1764E-09  1.6823E-16  5.1221E+06
  9.9600E-02  3.1051E+07  6.8515E+09  6.8710E+09  0.0000E+00 -1.9326E+07 -1.1756E+04 -1.2142E+05  0.0000E+00  0.0000E+00  2.5674E-07  2.9056E-07  7.9653E-17  1.2419E+09
  1.2450E-01  7.5984E+09  1.6754E+12  1.6802E+12  0.0000E+00 -4.7367E+09 -2.8718E+06 -3.0363E+07  0.0000E+00  0.0000E+00  6.5882E-05 -5.8174E-05  7.3834E-17  3.0391E+11
  1.4940E-01  1.8397E+12  4.0637E+14  4.0752E+14  0.0000E+00 -1.1445E+12 -6.9436E+08 -7.3022E+09  0.0000E+00  0.0000E+00  1.2346E-02 -3.6621E-03  3.9282E-17  7.3579E+13
  1.7430E-01  4.4950E+14  9.9122E+16  9.9404E+16  0.0000E+00 -2.8009E+14 -1.6978E+11 -1.7943E+12  0.0000E+00  0.0000E+00 -1.8845E+00 -1.1875E+01  1.3842E-16  1.7978E+16
  1.9920E-01  1.0907E+17  2.4085E+19  2.4153E+19  0.0000E+00 -6.7862E+16 -4.1167E+13 -4.3275E+14  0.0000E+00  0.0000E+00  6.8500E+01 -6.7280E+03  2.8139E-16  4.3622E+18
  2.2410E-01  2.6612E+19  5.8694E+21  5.8861E+21  0.0000E+00 -1.6578E+19 -1.0049E+16 -1.0601E+17  0.0000E+00  0.0000E+00  3.2293E+05 -8.9702E+05  2.0726E-16  1.0644E+21
  2.4900E-01  6.4645E+21  1.4273E+24  1.4314E+24  0.0000E+00 -4.0227E+21 -2.4398E+18 -2.5666E+19  0.0000E+00  0.0000E+00  1.0459E+08  1.1538E+07  8.1133E-17  2.5855E+23
  2.7390E-01  1.5759E+24  3.4761E+26  3.4860E+26  0.0000E+00 -9.8149E+23 -5.9499E+20 -6.2713E+21  0.0000E+00  0.0000E+00  3.3596E+09 -2.9528E+09  1.8108E-17  6.3028E+25
  2.9880E-01  3.8309E+26  8.4573E+28  8.4813E+28  0.0000E+00 -2.3842E+26 -1.4459E+23 -1.5216E+24  0.0000E+00  0.0000E+00  2.5448E+11  6.2535E+12  7.6733E-17  1.5322E+28
  3.2370E-01  9.3332E+28  2.0590E+31  2.0648E+31  0.0000E+00 -5.8122E+28 -3.5235E+25 -3.7120E+26  0.0000E+00  0.0000E+00 -4.3809E+14  4.0726E+15  2.1845E-16  3.7329E+30
  3.4860E-01  5.1058E+01  1.1271E+04  1.1303E+04  0.0000E+00 -3.1779E+01 -1.9271E-02 -2.0286E-01  0.0000E+00  0.0000E+00  1.3983E-13 -4.8317E-13  5.5119E-17 -3.7483E+30
  3.7350E-01  1.2434E+04  2.7434E+06  2.7512E+06  0.0000E+00 -7.7428E+03 -4.6941E+00 -4.9437E+01  0.0000E+00  0.0000E+00  1.6389E-10  6.7303E-11  8.4032E-17  4.9733E+05
  3.9840E-01  3.0252E+06  6.6774E+08  6.6964E+08  0.0000E+00 -1.8830E+06 -1.1418E+03 -1.2022E+04  0.0000E+00  0.0000E+00  3.9963E-09 -7.1477E-08  1.1271E-16  1.2099E+08
  4.2330E-01  7.3656E+08  1.6252E+11  1.6298E+11  0.0000E+00 -4.5862E+08 -2.7805E+05 -2.9279E+06  0.0000E+00  0.0000E+00  7.7998E-06  1.9670E-05  1.6854E-16  2.9459E+10
  4.4820E-01  1.7923E+11  3.9559E+13  3.9672E+13  0.0000E+00 -1.1157E+11 -6.7650E+07 -7.1232E+08  0.0000E+00  0.0000E+00 -2.5952E-04 -1.1429E-02  2.9463E-16  7.1685E+12
  4.7310E-01  4.3633E+13  9.6277E+15  9.6551E+15  0.0000E+00 -2.7166E+13 -1.6471E+10 -1.7342E+11  0.0000E+00  0.0000E+00 -1.1588E-01 -1.1719E-01  2.4139E-17  1.7451E+15
  4.9800E-01  1.0619E+16  2.3436E+18  2.3503E+18  0.0000E+00 -6.6102E+15 -4.0080E+12 -4.2204E+13  0.0000E+00  0.0000E+00  8.1234E+01  1.1830E+03  5.3791E-16  4.2470E+17
  5.2290E-01  2.5848E+18  5.7037E+20  5.7199E+20  0.0000E+00 -1.6093E+18 -9.7569E+14 -1.0273E+16  0.0000E+00  0.0000E+00  1.7980E+04 -1.6128E+05  3.1340E-16  1.0338E+20
  5.4780E-01  6.2909E+20  1.3884E+23  1.3923E+23  0.0000E+00 -3.9162E+20 -2.3745E+17 -2.5004E+18  0.0000E+00  0.0000E+00 -9.8816E+05 -2.2348E+07  1.6760E-16  2.5161E+22
  5.7270E-01  1.5313E+23  3.3790E+25  3.3886E+25  0.0000E+00 -9.5333E+22 -5.7800E+19 -6.0857E+20  0.0000E+00  0.0000E+00  1.6573E+09  5.8049E+09  2.2022E-16  6.1244E+24
  5.9760E-01  3.7269E+25  8.2251E+27  8.2485E+27  0.0000E+00 -2.3201E+25 -1.4068E+22 -1.4813E+23  0.0000E+00  0.0000E+00  5.7009E+10  1.5891E+11  2.6177E-17  1.4906E+27
  6.2250E-01  9.0714E+27  2.0018E+30  2.0075E+30  0.0000E+00 -5.6476E+27 -3.4241E+24 -3.6052E+25  0.0000E+00  0.0000E+00  2.1552E+13 -1.2974E+14  7.5365E-17  3.6282E+29
  6.4740E-01  5.6704E+00  1.2514E+03  1.2550E+03  0.0000E+00 -3.5301E+00 -2.1403E-03 -2.2538E-02  0.0000E+00  0.0000E+00 -3.7574E-14  1.1102E-14  3.8787E-17 -3.6431E+29
  6.7230E-01  1.3802E+03  3.0457E+05  3.0543E+05  0.0000E+00 -8.5924E+02 -5.2096E-01 -5.4852E+00  0.0000E+00  0.0000E+00  7.8328E-12  4.6612E-12  4.0906E-17  5.5200E+04
  6.9720E-01  3.3593E+05  7.4135E+07  7.4346E+07  0.0000E+00 -2.0913E+05 -1.2680E+02 -1.3352E+03  0.0000E+00  0.0000E+00  2.9895E-09  6.8685E-09  1.3260E-16  1.3436E+07
  7.2210E-01  8.1763E+07  1.8043E+10  1.8095E+10  0.0000E+00 -5.0903E+07 -3.0863E+04 -3.2495E+05  0.0000E+00  0.0000E+00 -4.0047E-08 -9.5367E-07  5.4918E-17  3.2702E+09
  7.4700E-01  1.9901E+10  4.3919E+12  4.4044E+12  0.0000E+00 -1.2389E+10 -7.5119E+06 -7.9100E+07  0.0000E+00  0.0000E+00  1.2448E-04  2.6131E-04  8.7592E-17  7.9596E+11
  7.7190E-01  4.8438E+12  1.0689E+15  1.0720E+15  0.0000E+00 -3.0156E+12 -1.8284E+09 -1.9251E+10  0.0000E+00  0.0000E+00 -2.0943E-02 -9.3750E-02  1.0699E-16  1.9373E+14
  7.9680E-01  1.1790E+15  2.6019E+17  2.6092E+17  0.0000E+00 -7.3398E+14 -4.4502E+11 -4.6860E+12  0.0000E+00  0.0000E+00  5.5820E+00 -1.1875E+01  6.6905E-17  4.7155E+16
  8.2170E-01  2.8696E+17  6.3326E+19  6.3506E+19  0.0000E+00 -1.7865E+17 -1.0832E+14 -1.1405E+15  0.0000E+00  0.0000E+00  5.9225E+02  1.8240E+03  3.8047E-17  1.1477E+19
  8.4660E-01  6.9846E+19  1.5414E+22  1.5458E+22  0.0000E+00 -4.3483E+19 -2.6364E+16 -2.7761E+17  0.0000E+00  0.0000E+00 -6.5283E+05 -4.2844E+06  3.1940E-16  2.7935E+21
  8.7150E-01  1.7000E+22  3.7516E+24  3.7623E+24  0.0000E+00 -1.0584E+22 -6.4169E+18 -6.7565E+19  0.0000E+00  0.0000E+00  2.9644E+08  2.3697E+08  1.4178E-16  6.7993E+23
  8.9640E-01  4.1378E+24  9.1315E+26  9.1574E+26  0.0000E+00 -2.5760E+24 -1.5619E+21 -1.6446E+22  0.0000E+00  0.0000E+00  1.6001E+10 -2.6146E+11  3.0299E-16  1.6550E+26
  9.2130E-01  1.0071E+27  2.2225E+29  2.2289E+29  0.0000E+00 -6.2699E+26 -3.8015E+23 -4.0027E+24  0.0000E+00  0.0000E+00  1.3956E+13 -8.3838E+12  1.0023E-16  4.0281E+28
  9.4620E-01  2.4513E+29  5.4097E+31  5.4250E+31  0.0000E+00 -1.5261E+29 -9.2529E+25 -9.7429E+26  0.0000E+00  0.0000E+00  2.5161E+15  1.3194E+15  7.0700E-17  9.8043E+30
  9.7110E-01  1.5323E+02  3.3815E+04  3.3911E+04  0.0000E+00 -9.5394E+01 -5.7839E-02 -6.0900E-01  0.0000E+00  0.0000E+00 -4.7740E-14 -3.4817E-12  1.0408E-16 -9.8447E+30
  9.9600E-01  3.7296E+04  8.2306E+06  8.2540E+06  0.0000E+00 -2.3219E+04 -1.4078E+01 -1.4823E+02  0.0000E+00  0.0000E+00  2.8882E-10 -2.2483E-09  3.0738E-16  1.4917E+06
  1.0209E+00  9.0777E+06  2.0033E+09  2.0090E+09  0.0000E+00 -5.6514E+06 -3.4265E+03 -3.6079E+04  0.0000E+00  0.0000E+00  9.5599E-08 -3.1199E-07  2.0289E-16  3.6307E+08
  1.0458E+00  2.2095E+09  4.8760E+11  4.8898E+11  0.0000E+00 -1.3755E+09 -8.3400E+05 -8.7816E+06  0.0000E+00  0.0000E+00 -1.5423E-06 -2.1935E-05  4.8012E-17  8.8370E+10
  1.0707E+00  5.3778E+11  1.1868E+14  1.1902E+14  0.0000E+00 -3.3480E+11 -2.0299E+08 -2.1374E+09  0.0000E+00  0.0000E+00  3.5641E-03 -4.4678E-02  4.0534E-16  2.1509E+13
  1.0956E+00  1.3090E+14  2.8886E+16  2.8968E+16  0.0000E+00 -8.1490E+13 -4.9408E+10 -5.2024E+11  0.0000E+00  0.0000E+00  1.2677E+00 -1.4688E+00  9.4463E-17  5.2352E+15
  1.1205E+00  3.1859E+16  7.0308E+18  7.0508E+18  0.0000E+00 -1.9834E+16 -1.2026E+13 -1.2662E+14  0.0000E+00  0.0000E+00  1.8377E+02 -3.2000E+01  3.0602E-17  1.2742E+18
  1.1454E+00  7.7545E+18  1.7113E+21  1.7161E+21  0.0000E+00 -4.8276E+18 -2.9270E+15 -3.0820E+16  0.0000E+00  0.0000E+00  4.4600E+04  1.8125E+05  1.3160E-16  3.1015E+20
  1.1703E+00  1.8874E+21  4.1652E+23  4.1770E+23  0.0000E+00 -1.1750E+21 -7.1243E+17 -7.5015E+18  0.0000E+00  0.0000E+00  1.3927E+07 -7.6939E+07  2.1754E-16  7.5489E+22
  1.1803E+00  1.6998E+22  3.7511E+24  3.7618E+24  0.0000E+00 -1.0582E+22 -6.4161E+18 -6.7558E+19  0.0000E+00  0.0000E+00  1.8801E+07  3.3563E+07  1.3920E-17  6.0685E+23
