 #  1.  time
 #  2.  Total Energy
 #  3.  Total dE/dt
 #  4.  Drive 1 term
 #  5.  Heat sources (nonlocal)
 #  6.  Collisional Dissipation
 #  7.  hyp_v dissipation
 #  8.  hyp_z dissipation
 #  9.  hyp_x/y dissipation
 #  10. nonlinearity
 #  11. [Poisson err]_z,vpar
 #  12. curvature + remaining terms (if any)
 #  13. (abs(10)+abs(11)+abs(12))/abs(4): test for conservation
 #  14. change in energy: (E(t)-E(t_last_energy_calc))/(dt*istep_energy)
#        1           2           3           4           5           6           7           8           9          10          11          12          13          14
  0.0000E+00  1.0828E-01 -3.9518E-02  0.0000E+00  0.0000E+00  1.7756E-05 -9.3649E-08 -3.9536E-02  0.0000E+00  0.0000E+00 -2.5674E-16  2.0817E-17  0.0000E+00  3.2616E+00
  3.3200E-02  1.7851E+00  1.7854E+02  1.8038E+02  0.0000E+00 -1.7900E+00 -2.6548E-03 -4.5664E-02  0.0000E+00  0.0000E+00 -3.8858E-16  2.5757E-14  1.4495E-16  5.0507E+01
  6.6400E-02  9.0527E+01  1.1444E+04  1.1519E+04  0.0000E+00 -7.4283E+01 -7.4413E-02 -5.4880E-01  0.0000E+00  0.0000E+00  2.6112E-13 -1.9043E-12  1.8799E-16  2.6730E+03
  9.9600E-02  6.3091E+03  8.1132E+05  8.1614E+05  0.0000E+00 -4.7890E+03 -3.9660E+00 -2.4593E+01  0.0000E+00  0.0000E+00 -1.9362E-12  6.0030E-11  7.5927E-17  1.8731E+05
  1.3280E-01  4.5461E+05  5.8677E+07  5.9015E+07  0.0000E+00 -3.3629E+05 -2.7058E+02 -1.5661E+03  0.0000E+00  0.0000E+00 -1.0375E-09  1.1292E-08  2.0893E-16  1.3503E+07
  1.6600E-01  3.3136E+07  4.2838E+09  4.3083E+09  0.0000E+00 -2.4337E+07 -1.9483E+04 -1.1598E+05  0.0000E+00  0.0000E+00 -2.1100E-08  9.6858E-08  2.7379E-17  9.8439E+08
  1.9920E-01  2.4238E+09  3.1343E+11  3.1521E+11  0.0000E+00 -1.7770E+09 -1.4210E+06 -8.5602E+06  0.0000E+00  0.0000E+00  3.6620E-06 -6.1989E-06  3.1283E-17  7.2008E+10
  2.3240E-01  1.7724E+11  2.2912E+13  2.3043E+13  0.0000E+00 -1.2992E+11 -1.0386E+08 -6.2336E+08  0.0000E+00  0.0000E+00  1.0848E-05  8.0566E-03  3.5011E-16  5.2656E+12
  2.6560E-01  1.2942E+13  1.6726E+15  1.6821E+15  0.0000E+00 -9.4860E+12 -7.5825E+09 -4.5378E+10  0.0000E+00  0.0000E+00  5.5939E-02  3.0469E-01  2.1439E-16  3.8447E+14
  2.9880E-01  9.4463E+14  1.2209E+17  1.2278E+17  0.0000E+00 -6.9226E+14 -5.5330E+11 -3.3095E+12  0.0000E+00  0.0000E+00  2.8906E-01  2.4000E+01  1.9782E-16  2.8063E+16
  3.3200E-01  6.8965E+16  8.9135E+18  8.9643E+18  0.0000E+00 -5.0536E+16 -4.0391E+13 -2.4165E+14  0.0000E+00  0.0000E+00  1.4531E+02 -1.6640E+03  2.0184E-16  2.0488E+18
  3.6520E-01  5.0351E+18  6.5076E+20  6.5447E+20  0.0000E+00 -3.6896E+18 -2.9489E+15 -1.7647E+16  0.0000E+00  0.0000E+00  1.9202E+04 -6.9630E+04  1.3573E-16  1.4958E+20
  3.9840E-01  3.6760E+20  4.7511E+22  4.7782E+22  0.0000E+00 -2.6937E+20 -2.1529E+17 -1.2885E+18  0.0000E+00  0.0000E+00  6.8634E+05 -1.5076E+06  4.5915E-17  1.0921E+22
  4.3160E-01  2.6838E+22  3.4688E+24  3.4885E+24  0.0000E+00 -1.9666E+22 -1.5718E+19 -9.4061E+19  0.0000E+00  0.0000E+00  6.4225E+06  5.0332E+08  1.4612E-16  7.9731E+23
  4.6480E-01  1.9594E+24  2.5325E+26  2.5469E+26  0.0000E+00 -1.4358E+24 -1.1476E+21 -6.8670E+21  0.0000E+00  0.0000E+00 -7.6127E+08  4.7513E+10  1.8954E-16  5.8211E+25
  4.9800E-01  1.4306E+26  1.8490E+28  1.8595E+28  0.0000E+00 -1.0483E+26 -8.3783E+22 -5.0136E+23  0.0000E+00  0.0000E+00 -3.9809E+11  4.0201E+12  2.3760E-16  4.2499E+27
  5.3120E-01  1.0445E+28  1.3499E+30  1.3576E+30  0.0000E+00 -7.6534E+27 -6.1169E+24 -3.6604E+25  0.0000E+00  0.0000E+00 -4.1532E+12 -2.9691E+13  2.4929E-17  3.1028E+29
  5.6440E-01  7.6255E+29  9.8556E+31  9.9118E+31  0.0000E+00 -5.5877E+29 -4.4659E+26 -2.6724E+27  0.0000E+00  0.0000E+00  1.7515E+15 -8.3035E+15  1.0144E-16  2.2654E+31
  5.9760E-01  1.3063E+02  1.6883E+04  1.6979E+04  0.0000E+00 -9.5719E+01 -7.6502E-02 -4.5779E-01  0.0000E+00  0.0000E+00  2.6390E-13 -6.3380E-12  3.8883E-16 -2.2968E+31
  6.3080E-01  9.5369E+03  1.2326E+06  1.2396E+06  0.0000E+00 -6.9883E+03 -5.5854E+00 -3.3423E+01  0.0000E+00  0.0000E+00  3.2287E-11 -5.2751E-11  6.8599E-17  2.8332E+05
  6.6400E-01  6.9628E+05  8.9992E+07  9.0505E+07  0.0000E+00 -5.1021E+05 -4.0778E+02 -2.4402E+03  0.0000E+00  0.0000E+00  2.9631E-09 -2.6776E-09  6.2325E-17  2.0685E+07
  6.9720E-01  5.0835E+07  6.5702E+09  6.6077E+09  0.0000E+00 -3.7250E+07 -2.9772E+04 -1.7816E+05  0.0000E+00  0.0000E+00  3.8010E-08  7.0035E-07  1.1174E-16  1.5102E+09
  7.3040E-01  3.7114E+09  4.7969E+11  4.8242E+11  0.0000E+00 -2.7196E+09 -2.1736E+06 -1.3007E+07  0.0000E+00  0.0000E+00  1.7755E-05  4.7684E-07  3.7792E-17  1.1026E+11
  7.6360E-01  2.7097E+11  3.5022E+13  3.5221E+13  0.0000E+00 -1.9856E+11 -1.5870E+08 -9.4963E+08  0.0000E+00  0.0000E+00 -3.9697E-04 -4.6387E-03  1.4297E-16  8.0499E+12
  7.9680E-01  1.9783E+13  2.5569E+15  2.5715E+15  0.0000E+00 -1.4497E+13 -1.1586E+10 -6.9332E+10  0.0000E+00  0.0000E+00  3.5675E-02  8.5156E-01  3.4503E-16  5.8772E+14
  8.3000E-01  1.4444E+15  1.8668E+17  1.8774E+17  0.0000E+00 -1.0584E+15 -8.4590E+11 -5.0619E+12  0.0000E+00  0.0000E+00  2.4609E+00 -1.2000E+01  7.7026E-17  4.2909E+16
  8.6320E-01  1.0545E+17  1.3629E+19  1.3707E+19  0.0000E+00 -7.7271E+16 -6.1759E+13 -3.6956E+14  0.0000E+00  0.0000E+00 -3.1850E+02 -6.4000E+01  2.7906E-17  3.1327E+18
  8.9640E-01  7.6989E+18  9.9506E+20  1.0007E+21  0.0000E+00 -5.6415E+18 -4.5089E+15 -2.6982E+16  0.0000E+00  0.0000E+00  2.0920E+03  9.4208E+04  9.6230E-17  2.2872E+20
  9.2960E-01  5.6209E+20  7.2648E+22  7.3063E+22  0.0000E+00 -4.1188E+20 -3.2919E+17 -1.9699E+18  0.0000E+00  0.0000E+00  1.1197E+06 -2.0972E+07  3.0236E-16  1.6699E+22
  9.6280E-01  4.1038E+22  5.3040E+24  5.3342E+24  0.0000E+00 -3.0071E+22 -2.4034E+19 -1.4382E+20  0.0000E+00  0.0000E+00 -1.4290E+08 -5.8720E+07  3.7798E-17  1.2191E+24
  9.8936E-01  1.2702E+24  1.6417E+26  1.6511E+26  0.0000E+00 -9.3080E+23 -7.4393E+20 -4.4517E+21  0.0000E+00  0.0000E+00  2.3693E+09 -6.1735E+09  5.1740E-17  3.7024E+25
