 #  1.  time
 #  2.  Total Energy
 #  3.  Total dE/dt
 #  4.  Drive 1 term
 #  5.  Heat sources (nonlocal)
 #  6.  Collisional Dissipation
 #  7.  hyp_v dissipation
 #  8.  hyp_z dissipation
 #  9.  hyp_x/y dissipation
 #  10. nonlinearity
 #  11. [Poisson err]_z,vpar
 #  12. curvature + remaining terms (if any)
 #  13. (abs(10)+abs(11)+abs(12))/abs(4): test for conservation
 #  14. change in energy: (E(t)-E(t_last_energy_calc))/(dt*istep_energy)
#        1           2           3           4           5           6           7           8           9          10          11          12          13          14
  0.0000E+00  1.0208E-01 -1.4729E-01  0.0000E+00  0.0000E+00 -7.6016E-07 -8.2203E-08 -1.4729E-01  0.0000E+00  0.0000E+00 -1.6653E-16  0.0000E+00  0.0000E+00  4.8611E+00
  2.1000E-02  1.4844E+00  3.5805E+02  3.6007E+02  0.0000E+00 -1.9409E+00 -4.0128E-03 -7.9826E-02  0.0000E+00  0.0000E+00 -2.9005E-15  1.5765E-14  5.1838E-17  6.5825E+01
  4.2000E-02  2.1004E+02  4.9307E+04  4.9538E+04  0.0000E+00 -2.2760E+02 -1.8363E-01 -4.0673E+00  0.0000E+00  0.0000E+00 -5.3735E-13 -1.3642E-11  2.8624E-16  9.9312E+03
  6.3000E-02  3.0743E+04  7.2605E+06  7.2935E+06  0.0000E+00 -3.2400E+04 -2.4462E+01 -5.0647E+02  0.0000E+00  0.0000E+00  2.0191E-10  1.4334E-09  2.2421E-16  1.4539E+06
  8.4000E-02  4.4321E+06  1.0502E+09  1.0550E+09  0.0000E+00 -4.6607E+06 -3.5334E+03 -7.0814E+04  0.0000E+00  0.0000E+00  3.4968E-08 -2.6263E-07  2.8210E-16  2.0959E+08
  1.0500E-01  6.4023E+08  1.5165E+11  1.5233E+11  0.0000E+00 -6.7380E+08 -5.1067E+05 -1.0286E+07  0.0000E+00  0.0000E+00  3.1218E-06  6.4373E-06  6.2751E-17  3.0276E+10
  1.2600E-01  9.2542E+10  2.1917E+13  2.2016E+13  0.0000E+00 -9.7395E+10 -7.3790E+07 -1.4879E+09  0.0000E+00  0.0000E+00 -9.8467E-05  4.1199E-03  1.9160E-16  4.3763E+12
  1.4700E-01  1.3375E+13  3.1677E+15  3.1820E+15  0.0000E+00 -1.4076E+13 -1.0664E+10 -2.1497E+11  0.0000E+00  0.0000E+00 -3.9246E-02 -4.2188E-01  1.4491E-16  6.3248E+14
  1.6800E-01  1.9329E+15  4.5781E+17  4.5988E+17  0.0000E+00 -2.0342E+15 -1.5413E+12 -3.1068E+13  0.0000E+00  0.0000E+00  4.8633E+00 -9.6000E+01  2.1933E-16  9.1408E+16
  1.8900E-01  2.7936E+17  6.6165E+19  6.6463E+19  0.0000E+00 -2.9400E+17 -2.2275E+14 -4.4902E+15  0.0000E+00  0.0000E+00 -3.5340E+03 -9.6000E+03  1.9761E-16  1.3211E+19
  2.1000E-01  4.0374E+19  9.5624E+21  9.6055E+21  0.0000E+00 -4.2490E+19 -3.2193E+16 -6.4894E+17  0.0000E+00  0.0000E+00  1.8931E+05 -6.5536E+04  2.6531E-17  1.9093E+21
