 #  1.  time
 #  2.  Total Energy
 #  3.  Total dE/dt
 #  4.  Drive 1 term
 #  5.  Heat sources (nonlocal)
 #  6.  Collisional Dissipation
 #  7.  hyp_v dissipation
 #  8.  hyp_z dissipation
 #  9.  hyp_x/y dissipation
 #  10. nonlinearity
 #  11. [Poisson err]_z,vpar
 #  12. curvature + remaining terms (if any)
 #  13. (abs(10)+abs(11)+abs(12))/abs(4): test for conservation
 #  14. change in energy: (E(t)-E(t_last_energy_calc))/(dt*istep_energy)
#        1           2           3           4           5           6           7           8           9          10          11          12          13          14
  0.0000E+00  1.0840E-01 -4.0533E-02  0.0000E+00  0.0000E+00  1.6135E-05 -9.4032E-08 -4.0549E-02  0.0000E+00  0.0000E+00 -2.4286E-16  6.9389E-18  0.0000E+00  3.3456E+00
  3.2400E-02  1.9152E+00  1.7823E+02  1.8018E+02  0.0000E+00 -1.8836E+00 -2.8498E-03 -6.4917E-02  0.0000E+00  0.0000E+00 -1.3878E-15 -1.2212E-14  7.5481E-17  5.5764E+01
  6.4800E-02  8.3685E+01  1.0568E+04  1.0634E+04  0.0000E+00 -6.5347E+01 -6.8656E-02 -6.9879E-01  0.0000E+00  0.0000E+00 -1.1890E-13 -1.7195E-12  1.7288E-16  2.5238E+03
  9.7200E-02  5.4324E+03  7.0576E+05  7.0956E+05  0.0000E+00 -3.7843E+03 -2.8203E+00 -1.8846E+01  0.0000E+00  0.0000E+00  3.0802E-12 -2.7320E-12  8.1913E-18  1.6508E+05
  1.2960E-01  3.7676E+05  4.9649E+07  4.9895E+07  0.0000E+00 -2.4436E+05 -1.6766E+02 -9.1565E+02  0.0000E+00  0.0000E+00  7.5488E-10 -5.8499E-09  1.3237E-16  1.1461E+07
  1.6200E-01  2.7215E+07  3.5994E+09  3.6167E+09  0.0000E+00 -1.7259E+07 -1.1443E+04 -6.0216E+04  0.0000E+00  0.0000E+00  9.5533E-09 -5.2161E-08  1.7064E-17  8.2833E+08
  1.9440E-01  1.9871E+09  2.6361E+11  2.6486E+11  0.0000E+00 -1.2445E+09 -8.1217E+05 -4.2162E+06  0.0000E+00  0.0000E+00 -6.9961E-06  4.5300E-06  4.3517E-17  6.0491E+10
  2.2680E-01  1.4659E+11  1.9461E+13  1.9552E+13  0.0000E+00 -9.1443E+10 -5.9220E+07 -3.0283E+08  0.0000E+00  0.0000E+00  8.4418E-04  1.1902E-03  1.0405E-16  4.4630E+12
  2.5920E-01  1.0797E+13  1.4329E+15  1.4397E+15  0.0000E+00 -6.7187E+12 -4.3375E+09 -2.2006E+10  0.0000E+00  0.0000E+00 -1.6869E-02  1.9482E-01  1.4704E-16  3.2872E+14
  2.9160E-01  7.9733E+14  1.0592E+17  1.0642E+17  0.0000E+00 -4.9529E+14 -3.1902E+11 -1.6186E+12  0.0000E+00  0.0000E+00 -3.3950E+00  1.0062E+01  1.2646E-16  2.4276E+16
  3.2400E-01  5.8954E+16  7.8293E+18  7.8661E+18  0.0000E+00 -3.6617E+16 -2.3571E+13 -1.1929E+14  0.0000E+00  0.0000E+00 -2.6756E+02 -4.2000E+02  8.7409E-17  1.7949E+18
  3.5640E-01  4.3570E+18  5.7876E+20  5.8147E+20  0.0000E+00 -2.7048E+18 -1.7403E+15 -8.8062E+15  0.0000E+00  0.0000E+00  1.0500E+03 -9.7024E+04  1.6866E-16  1.3266E+20
  3.8880E-01  3.2227E+20  4.2808E+22  4.3008E+22  0.0000E+00 -2.0006E+20 -1.2870E+17 -6.5099E+17  0.0000E+00  0.0000E+00 -5.1674E+05 -1.8416E+07  4.4020E-16  9.8120E+21
  4.2120E-01  2.3829E+22  3.1652E+24  3.1800E+24  0.0000E+00 -1.4791E+22 -9.5143E+18 -4.8107E+19  0.0000E+00  0.0000E+00 -8.8089E+07  1.0150E+09  3.4689E-16  7.2550E+23
  4.5360E-01  1.7624E+24  2.3412E+26  2.3521E+26  0.0000E+00 -1.0939E+24 -7.0360E+20 -3.5583E+21  0.0000E+00  0.0000E+00 -4.0811E+09  2.6709E+10  1.3090E-16  5.3660E+25
  4.8600E-01  1.3034E+26  1.7314E+28  1.7395E+28  0.0000E+00 -8.0907E+25 -5.2038E+22 -2.6311E+23  0.0000E+00  0.0000E+00 -4.3030E+11  5.4202E+12  3.3634E-16  3.9685E+27
  5.1840E-01  9.6395E+27  1.2805E+30  1.2865E+30  0.0000E+00 -5.9833E+27 -3.8482E+24 -1.9459E+25  0.0000E+00  0.0000E+00 -8.4190E+13  1.7867E+14  2.0432E-16  2.9349E+29
  5.5080E-01  7.1294E+29  9.4705E+31  9.5149E+31  0.0000E+00 -4.4253E+29 -2.8462E+26 -1.4391E+27  0.0000E+00  0.0000E+00 -1.9563E+15 -2.1955E+16  2.5130E-16  2.1707E+31
  5.8320E-01  5.8676E+01  7.7943E+03  7.8309E+03  0.0000E+00 -3.6421E+01 -2.3424E-02 -1.1844E-01  0.0000E+00  0.0000E+00 -1.2663E-13  1.6341E-13  3.7039E-17 -2.2004E+31
  6.1560E-01  4.3396E+03  5.7646E+05  5.7916E+05  0.0000E+00 -2.6936E+03 -1.7324E+00 -8.7598E+00  0.0000E+00  0.0000E+00  6.6418E-12 -2.7171E-10  4.8061E-16  1.3213E+05
  6.4800E-01  3.2095E+05  4.2634E+07  4.2834E+07  0.0000E+00 -1.9922E+05 -1.2813E+02 -6.4786E+02  0.0000E+00  0.0000E+00 -6.1050E-11  2.3138E-09  5.5442E-17  9.7720E+06
  6.8040E-01  2.3737E+07  3.1532E+09  3.1680E+09  0.0000E+00 -1.4734E+07 -9.4763E+03 -4.7915E+04  0.0000E+00  0.0000E+00 -1.1566E-07  1.7136E-07  9.0601E-17  7.2273E+08
  7.1280E-01  1.7556E+09  2.3320E+11  2.3430E+11  0.0000E+00 -1.0897E+09 -7.0085E+05 -3.5437E+06  0.0000E+00  0.0000E+00  3.7211E-06 -3.1828E-05  1.5173E-16  5.3452E+10
  7.4520E-01  1.2984E+11  1.7248E+13  1.7328E+13  0.0000E+00 -8.0593E+10 -5.1834E+07 -2.6209E+08  0.0000E+00  0.0000E+00 -2.5481E-04  1.1826E-03  8.2948E-17  3.9532E+12
  7.7760E-01  9.6029E+12  1.2756E+15  1.2816E+15  0.0000E+00 -5.9606E+12 -3.8336E+09 -1.9384E+10  0.0000E+00  0.0000E+00 -3.2059E-02  2.9297E-03  2.7301E-17  2.9238E+14
  8.1000E-01  7.1022E+14  9.4343E+16  9.4785E+16  0.0000E+00 -4.4084E+14 -2.8353E+11 -1.4336E+12  0.0000E+00  0.0000E+00 -5.2925E+00 -3.5312E+00  9.3092E-17  2.1624E+16
  8.4240E-01  5.2527E+16  6.9775E+18  7.0102E+18  0.0000E+00 -3.2604E+16 -2.0969E+13 -1.0603E+14  0.0000E+00  0.0000E+00 -8.6375E+01 -5.0800E+02  8.4787E-17  1.5993E+18
  8.7480E-01  3.8848E+18  5.1605E+20  5.1847E+20  0.0000E+00 -2.4113E+18 -1.5509E+15 -7.8417E+15  0.0000E+00  0.0000E+00 -1.9967E+04  1.2109E+05  2.7206E-16  1.1828E+20
  9.0720E-01  2.8732E+20  3.8166E+22  3.8345E+22  0.0000E+00 -1.7834E+20 -1.1470E+17 -5.7997E+17  0.0000E+00  0.0000E+00 -1.2609E+06  1.9333E+06  8.3302E-17  8.7479E+21
  9.3960E-01  2.1250E+22  2.8227E+24  2.8360E+24  0.0000E+00 -1.3190E+22 -8.4832E+18 -4.2894E+19  0.0000E+00  0.0000E+00 -1.1431E+08  1.0328E+09  4.0450E-16  6.4699E+23
  9.7200E-01  1.5716E+24  2.0877E+26  2.0974E+26  0.0000E+00 -9.7550E+23 -6.2740E+20 -3.1724E+21  0.0000E+00  0.0000E+00  5.0243E+09  5.1008E+09  4.8273E-17  4.7850E+25
  1.0044E+00  1.1623E+26  1.5440E+28  1.5512E+28  0.0000E+00 -7.2147E+25 -4.6402E+22 -2.3462E+23  0.0000E+00  0.0000E+00 -1.0721E+11 -1.6063E+12  1.1046E-16  3.5390E+27
  1.0368E+00  8.5965E+27  1.1419E+30  1.1473E+30  0.0000E+00 -5.3359E+27 -3.4318E+24 -1.7353E+25  0.0000E+00  0.0000E+00 -2.0423E+13 -4.7279E+13  5.9010E-17  2.6174E+29
  1.0692E+00  6.3579E+29  8.4456E+31  8.4852E+31  0.0000E+00 -3.9464E+29 -2.5382E+26 -1.2834E+27  0.0000E+00  0.0000E+00 -1.0995E+15 -1.1118E+16  1.4399E-16  1.9358E+31
  1.1016E+00  5.8677E+01  7.7944E+03  7.8310E+03  0.0000E+00 -3.6421E+01 -2.3425E-02 -1.1844E-01  0.0000E+00  0.0000E+00 -2.8826E-13  1.7407E-13  5.9038E-17 -1.9623E+31
  1.1340E+00  4.3397E+03  5.7646E+05  5.7917E+05  0.0000E+00 -2.6937E+03 -1.7325E+00 -8.7598E+00  0.0000E+00  0.0000E+00 -3.2969E-12 -1.1278E-10  2.0042E-16  1.3213E+05
  1.1664E+00  3.2096E+05  4.2635E+07  4.2835E+07  0.0000E+00 -1.9922E+05 -1.2813E+02 -6.4787E+02  0.0000E+00  0.0000E+00  7.6386E-10 -4.7293E-09  1.2824E-16  9.7721E+06
  1.1988E+00  2.3738E+07  3.1532E+09  3.1680E+09  0.0000E+00 -1.4734E+07 -9.4764E+03 -4.7916E+04  0.0000E+00  0.0000E+00 -6.1991E-09  5.0291E-07  1.6070E-16  7.2274E+08
  1.2312E+00  1.7556E+09  2.3321E+11  2.3430E+11  0.0000E+00 -1.0897E+09 -7.0086E+05 -3.5438E+06  0.0000E+00  0.0000E+00 -2.8727E-06  3.3021E-05  1.5319E-16  5.3453E+10
  1.2636E+00  1.2984E+11  1.7248E+13  1.7329E+13  0.0000E+00 -8.0594E+10 -5.1835E+07 -2.6209E+08  0.0000E+00  0.0000E+00 -2.9585E-04 -2.2812E-03  1.4872E-16  3.9533E+12
  1.2960E+00  9.6030E+12  1.2756E+15  1.2816E+15  0.0000E+00 -5.9606E+12 -3.8336E+09 -1.9384E+10  0.0000E+00  0.0000E+00 -3.3352E-02 -1.5186E-01  1.4451E-16  2.9238E+14
  1.3284E+00  7.1023E+14  9.4344E+16  9.4786E+16  0.0000E+00 -4.4084E+14 -2.8353E+11 -1.4336E+12  0.0000E+00  0.0000E+00  2.6270E-01 -2.5781E+01  2.7476E-16  2.1624E+16
  1.3608E+00  5.2528E+16  6.9776E+18  7.0103E+18  0.0000E+00 -3.2604E+16 -2.0970E+13 -1.0603E+14  0.0000E+00  0.0000E+00 -2.3636E+02 -1.1120E+03  1.9234E-16  1.5993E+18
  1.3932E+00  3.8849E+18  5.1605E+20  5.1847E+20  0.0000E+00 -2.4114E+18 -1.5509E+15 -7.8418E+15  0.0000E+00  0.0000E+00 -2.2257E+04  1.0240E+05  2.4043E-16  1.1828E+20
  1.4256E+00  2.8732E+20  3.8167E+22  3.8346E+22  0.0000E+00 -1.7834E+20 -1.1470E+17 -5.7997E+17  0.0000E+00  0.0000E+00 -3.4893E+05 -4.2435E+06  1.1976E-16  8.7480E+21
  1.4580E+00  2.1250E+22  2.8228E+24  2.8360E+24  0.0000E+00 -1.3190E+22 -8.4833E+18 -4.2894E+19  0.0000E+00  0.0000E+00 -6.4643E+07  6.3649E+08  2.4722E-16  6.4699E+23
  1.4645E+00  5.0252E+22  6.6753E+24  6.7066E+24  0.0000E+00 -3.1192E+22 -2.0061E+19 -1.0144E+20  0.0000E+00  0.0000E+00 -2.8774E+08 -6.7109E+07  5.2910E-17  8.9513E+23
