 #  1.  time
 #  2.  Total Energy
 #  3.  Total dE/dt
 #  4.  Drive 1 term
 #  5.  Heat sources (nonlocal)
 #  6.  Collisional Dissipation
 #  7.  hyp_v dissipation
 #  8.  hyp_z dissipation
 #  9.  hyp_x/y dissipation
 #  10. nonlinearity
 #  11. [Poisson err]_z,vpar
 #  12. curvature + remaining terms (if any)
 #  13. (abs(10)+abs(11)+abs(12))/abs(4): test for conservation
 #  14. change in energy: (E(t)-E(t_last_energy_calc))/(dt*istep_energy)
#        1           2           3           4           5           6           7           8           9          10          11          12          13          14
  0.0000E+00  1.0563E-01 -2.1695E-01  0.0000E+00  0.0000E+00  9.1107E-06 -8.8687E-08 -2.1696E-01  0.0000E+00  0.0000E+00 -1.9429E-16 -1.1102E-16  0.0000E+00  3.4975E+00
  3.0200E-02  1.7601E+00  1.9521E+02  1.9760E+02  0.0000E+00 -2.0955E+00 -3.1785E-03 -2.9163E-01  0.0000E+00  0.0000E+00 -2.7756E-15  2.6423E-14  1.4777E-16  5.4783E+01
  6.0400E-02  8.0663E+01  1.1112E+04  1.1201E+04  0.0000E+00 -8.2068E+01 -8.4229E-02 -7.8122E+00  0.0000E+00  0.0000E+00 -5.2669E-13  8.2423E-13  1.2060E-16  2.6127E+03
  9.0600E-02  5.6314E+03  7.9601E+05  8.0145E+05  0.0000E+00 -5.2802E+03 -4.8430E+00 -1.5913E+02  0.0000E+00  0.0000E+00 -1.9611E-12 -9.8453E-11  1.2529E-16  1.8380E+05
  1.2080E-01  4.4675E+05  6.5745E+07  6.6136E+07  0.0000E+00 -3.8691E+05 -3.2814E+02 -3.5640E+03  0.0000E+00  0.0000E+00 -4.7703E-10  5.8058E-09  9.4998E-17  1.4607E+07
  1.5100E-01  3.8837E+07  5.7668E+09  5.7994E+09  0.0000E+00 -3.2300E+07 -2.6767E+04 -2.1453E+05  0.0000E+00  0.0000E+00  1.7844E-07 -2.2831E-06  4.2445E-16  1.2712E+09
  1.8120E-01  3.4266E+09  5.0768E+11  5.1051E+11  0.0000E+00 -2.8114E+09 -2.3023E+06 -1.7252E+07  0.0000E+00  0.0000E+00 -3.8333E-06  2.8133E-05  6.2617E-17  1.1218E+11
  2.1140E-01  3.0028E+11  4.4481E+13  4.4723E+13  0.0000E+00 -2.4087E+11 -1.9407E+08 -1.3887E+09  0.0000E+00  0.0000E+00 -1.9581E-03  5.7983E-03  1.7343E-16  9.8297E+12
  2.4160E-01  2.6475E+13  3.9352E+15  3.9562E+15  0.0000E+00 -2.0865E+13 -1.6534E+10 -1.1769E+11  0.0000E+00  0.0000E+00  8.4625E-02  1.5234E-01  5.9898E-17  8.6671E+14
  2.7180E-01  2.3752E+15  3.5407E+17  3.5596E+17  0.0000E+00 -1.8751E+15 -1.4740E+12 -1.0693E+13  0.0000E+00  0.0000E+00 -4.9277E+00 -7.8502E+01  2.3438E-16  7.7772E+16
  3.0200E-01  2.1370E+17  3.1810E+19  3.1981E+19  0.0000E+00 -1.6982E+17 -1.3360E+14 -9.6375E+14  0.0000E+00  0.0000E+00  6.1325E+02 -8.1760E+03  2.7483E-16  6.9974E+18
  3.3220E-01  1.9062E+19  2.8335E+21  2.8487E+21  0.0000E+00 -1.5108E+19 -1.1870E+16 -8.3968E+16  0.0000E+00  0.0000E+00  5.3920E+04 -1.9456E+04  2.5758E-17  6.2411E+20
  3.6240E-01  1.7020E+21  2.5347E+23  2.5482E+23  0.0000E+00 -1.3438E+21 -1.0495E+18 -7.4452E+18  0.0000E+00  0.0000E+00  3.2655E+06  1.9005E+06  2.0273E-17  5.5728E+22
  3.9260E-01  1.5362E+23  2.2927E+25  2.3050E+25  0.0000E+00 -1.2202E+23 -9.4998E+19 -6.8849E+20  0.0000E+00  0.0000E+00 -1.0318E+09 -4.6641E+09  2.4711E-16  5.0303E+24
  4.2280E-01  1.3931E+25  2.0790E+27  2.0902E+27  0.0000E+00 -1.1184E+25 -8.7231E+21 -6.3830E+22  0.0000E+00  0.0000E+00 -3.1323E+10  1.2509E+11  7.4831E-17  4.5621E+26
  4.5300E-01  1.2597E+27  1.8786E+29  1.8889E+29  0.0000E+00 -1.0176E+27 -7.9432E+23 -5.8015E+24  0.0000E+00  0.0000E+00 -8.0821E+12  4.2709E+13  2.6890E-16  4.1249E+28
  4.8320E-01  1.1402E+29  1.7026E+31  1.7119E+31  0.0000E+00 -9.2538E+28 -7.2040E+25 -5.3046E+26  0.0000E+00  0.0000E+00  6.1882E+14 -1.1743E+15  1.0474E-16  3.7339E+30
  5.1340E-01  1.3751E+01  2.0574E+03  2.0687E+03  0.0000E+00 -1.1271E+01 -8.7550E-03 -6.5807E-02  0.0000E+00  0.0000E+00 -1.0542E-13  1.4844E-13  1.2271E-16 -3.7756E+30
  5.4360E-01  1.2637E+03  1.8926E+05  1.9032E+05  0.0000E+00 -1.0506E+03 -8.1647E-01 -6.2442E+00  0.0000E+00  0.0000E+00 -3.0598E-12 -2.4860E-12  2.9140E-17  4.1390E+04
  5.7380E-01  1.1644E+05  1.7448E+07  1.7546E+07  0.0000E+00 -9.8116E+04 -7.6281E+01 -5.8991E+02  0.0000E+00  0.0000E+00 -2.3761E-10  3.5689E-09  2.1694E-16  3.8139E+06
  6.0400E-01  1.0774E+07  1.6168E+09  1.6260E+09  0.0000E+00 -9.1968E+06 -7.1389E+03 -5.6059E+04  0.0000E+00  0.0000E+00 -1.1380E-08 -2.9337E-07  1.8742E-16  3.5291E+08
  6.3420E-01  1.0056E+09  1.5124E+11  1.5211E+11  0.0000E+00 -8.7218E+08 -6.7579E+05 -5.4256E+06  0.0000E+00  0.0000E+00 -2.6729E-07 -1.0133E-06  8.4185E-18  3.2942E+10
  6.6440E-01  9.4752E+10  1.4276E+13  1.4360E+13  0.0000E+00 -8.3750E+10 -6.4854E+07 -5.3217E+08  0.0000E+00  0.0000E+00  4.4900E-04 -1.7548E-03  1.5347E-16  3.1042E+12
  6.9460E-01  8.9947E+12  1.3573E+15  1.3655E+15  0.0000E+00 -8.1070E+12 -6.2757E+09 -5.2470E+10  0.0000E+00  0.0000E+00 -3.6667E-02  2.5098E-01  2.1065E-16  2.9470E+14
  7.2480E-01  8.6069E+14  1.3014E+17  1.3094E+17  0.0000E+00 -7.9094E+14 -6.1152E+11 -5.2137E+12  0.0000E+00  0.0000E+00  1.7646E+00  7.5000E-01  1.9204E-17  2.8202E+16
  7.5500E-01  8.3215E+16  1.2614E+19  1.2692E+19  0.0000E+00 -7.8039E+16 -6.0247E+13 -5.2492E+14  0.0000E+00  0.0000E+00  4.2925E+02 -1.6800E+03  1.6618E-16  2.7270E+18
  7.8520E-01  8.1351E+18  1.2360E+21  1.2438E+21  0.0000E+00 -7.7924E+18 -6.0100E+15 -5.3470E+16  0.0000E+00  0.0000E+00  5.7232E+04 -1.2288E+04  5.5892E-17  2.6662E+20
  8.1540E-01  8.0336E+20  1.2231E+23  1.2311E+23  0.0000E+00 -7.8571E+20 -6.0555E+17 -5.4880E+18  0.0000E+00  0.0000E+00  3.5881E+06 -1.8088E+07  1.7608E-16  2.6332E+22
  8.4560E-01  8.0111E+22  1.2224E+25  1.2304E+25  0.0000E+00 -7.9914E+22 -6.1532E+19 -5.6734E+20  0.0000E+00  0.0000E+00  5.4133E+07 -1.0234E+09  8.7574E-17  2.6261E+24
  8.7580E-01  8.0709E+24  1.2343E+27  1.2425E+27  0.0000E+00 -8.2036E+24 -6.3099E+21 -5.9152E+22  0.0000E+00  0.0000E+00  3.8168E+10 -3.9728E+10  6.2692E-17  2.6460E+26
  9.0600E-01  8.2136E+26  1.2587E+29  1.2673E+29  0.0000E+00 -8.4978E+26 -6.5308E+23 -6.2152E+24  0.0000E+00  0.0000E+00 -4.5580E+12  1.9654E+13  1.9105E-16  2.6930E+28
  9.3620E-01  8.4352E+28  1.2951E+31  1.3040E+31  0.0000E+00 -8.8701E+28 -6.8126E+25 -6.5680E+26  0.0000E+00  0.0000E+00  1.1779E+14  2.2166E+15  1.7901E-16  2.7659E+30
  9.6640E-01  2.6437E+01  4.0659E+03  4.0944E+03  0.0000E+00 -2.8207E+01 -2.1651E-02 -2.1111E-01  0.0000E+00  0.0000E+00  5.2958E-14  1.2434E-13  4.3304E-17 -2.7931E+30
  9.9660E-01  2.7584E+03  4.2491E+05  4.2792E+05  0.0000E+00 -2.9813E+03 -2.2869E+00 -2.2523E+01  0.0000E+00  0.0000E+00  8.0185E-12  2.1373E-11  6.8685E-17  9.0464E+04
  1.0268E+00  2.8983E+05  4.4708E+07  4.5028E+07  0.0000E+00 -3.1682E+05 -2.4290E+02 -2.4132E+03  0.0000E+00  0.0000E+00 -1.4643E-10 -9.8953E-09  2.2301E-16  9.5056E+06
  1.0570E+00  3.0637E+07  4.7317E+09  4.7658E+09  0.0000E+00 -3.3822E+07 -2.5921E+04 -2.5940E+05  0.0000E+00  0.0000E+00  7.8464E-08  1.3411E-07  4.4604E-17  1.0049E+09
  1.0872E+00  3.2554E+09  5.0330E+11  5.0696E+11  0.0000E+00 -3.6244E+09 -2.7767E+06 -2.7958E+07  0.0000E+00  0.0000E+00  1.6060E-05  2.2888E-05  7.6827E-17  1.0678E+11
  1.1174E+00  3.4748E+11  5.3771E+13  5.4164E+13  0.0000E+00 -3.8965E+11 -2.9843E+08 -3.0205E+09  0.0000E+00  0.0000E+00  1.5349E-03  2.3193E-03  7.1160E-17  1.1398E+13
  1.1476E+00  3.7236E+13  5.7664E+15  5.8088E+15  0.0000E+00 -4.2009E+13 -3.2165E+10 -3.2698E+11  0.0000E+00  0.0000E+00  2.4933E-01 -1.7656E+00  3.4688E-16  1.2215E+15
  1.1778E+00  4.0033E+15  6.2035E+17  6.2493E+17  0.0000E+00 -4.5396E+15 -3.4751E+12 -3.5455E+13  0.0000E+00  0.0000E+00  1.8188E+01 -1.2300E+02  2.2592E-16  1.3133E+17
  1.2080E+00  4.3158E+17  6.6915E+19  6.7411E+19  0.0000E+00 -4.9150E+17 -3.7619E+14 -3.8495E+15  0.0000E+00  0.0000E+00  2.3265E+03 -3.4560E+03  8.5780E-17  1.4158E+19
  1.2382E+00  4.6636E+19  7.2339E+21  7.2877E+21  0.0000E+00 -5.3299E+19 -4.0788E+16 -4.1842E+17  0.0000E+00  0.0000E+00  2.6182E+05 -4.3418E+05  9.5504E-17  1.5299E+21
  1.2684E+00  5.0491E+21  7.8349E+23  7.8933E+23  0.0000E+00 -5.7875E+21 -4.4285E+18 -4.5522E+19  0.0000E+00  0.0000E+00 -3.2809E+07 -1.7826E+08  2.6740E-16  1.6564E+23
  1.2986E+00  5.4753E+23  8.4990E+25  8.5624E+25  0.0000E+00 -6.2914E+23 -4.8135E+20 -4.9564E+21  0.0000E+00  0.0000E+00  8.9444E+08 -1.4093E+10  1.7504E-16  1.7963E+25
  1.3288E+00  5.9454E+25  9.2310E+27  9.3001E+27  0.0000E+00 -6.8452E+25 -5.2369E+22 -5.3997E+23  0.0000E+00  0.0000E+00 -3.9527E+10 -2.7488E+11  3.3807E-17  1.9505E+27
  1.3590E+00  6.4629E+27  1.0037E+30  1.0112E+30  0.0000E+00 -7.4533E+27 -5.7017E+24 -5.8857E+25  0.0000E+00  0.0000E+00  4.0845E+13 -2.2099E+14  2.5894E-16  2.1203E+29
  1.3892E+00  3.1187E+00  4.8440E+02  4.8803E+02  0.0000E+00 -3.6015E+00 -2.7549E-03 -2.8465E-02  0.0000E+00  0.0000E+00 -4.8989E-15  7.1498E-14  1.5654E-16 -2.1400E+29
  1.4194E+00  3.3957E+02  5.2751E+04  5.3147E+04  0.0000E+00 -3.9258E+02 -3.0029E-01 -3.1051E+00  0.0000E+00  0.0000E+00 -4.4631E-13  1.8758E-12  4.3693E-17  1.1141E+04
  1.4496E+00  3.6996E+04  5.7479E+06  5.7911E+06  0.0000E+00 -4.2811E+04 -3.2745E+01 -3.3880E+02  0.0000E+00  0.0000E+00 -1.5490E-10  3.1287E-10  8.0773E-17  1.2138E+06
  1.4798E+00  4.0328E+06  6.2661E+08  6.3132E+08  0.0000E+00 -4.6700E+06 -3.5719E+03 -3.6976E+04  0.0000E+00  0.0000E+00 -4.9113E-09 -2.7940E-09  1.2205E-17  1.3231E+08
  1.5000E+00  9.3003E+07  1.4451E+10  1.4560E+10  0.0000E+00 -1.0775E+08 -8.2409E+04 -8.5334E+05  0.0000E+00  0.0000E+00 -8.6497E-08  4.9174E-06  3.4367E-16  3.3198E+09
