 #  1.  time
 #  2.  Total Energy
 #  3.  Total dE/dt
 #  4.  Drive 1 term
 #  5.  Heat sources (nonlocal)
 #  6.  Collisional Dissipation
 #  7.  hyp_v dissipation
 #  8.  hyp_z dissipation
 #  9.  hyp_x/y dissipation
 #  10. nonlinearity
 #  11. [Poisson err]_z,vpar
 #  12. curvature + remaining terms (if any)
 #  13. (abs(10)+abs(11)+abs(12))/abs(4): test for conservation
 #  14. change in energy: (E(t)-E(t_last_energy_calc))/(dt*istep_energy)
#        1           2           3           4           5           6           7           8           9          10          11          12          13          14
  0.0000E+00  1.0861E-01 -4.1686E-02  0.0000E+00  0.0000E+00  1.4545E-05 -9.4695E-08 -4.1700E-02  0.0000E+00  0.0000E+00 -2.2898E-16 -2.7756E-17  0.0000E+00  3.4262E+00
  3.1700E-02  1.8339E+00  1.6422E+02  1.6603E+02  0.0000E+00 -1.7457E+00 -2.8587E-03 -6.4397E-02  0.0000E+00  0.0000E+00 -2.6645E-15  3.5527E-15  3.7446E-17  5.4425E+01
  6.3400E-02  4.0284E+01  4.1209E+03  4.1550E+03  0.0000E+00 -3.3682E+01 -4.4338E-02 -4.2414E-01  0.0000E+00  0.0000E+00  3.0032E-14 -1.1084E-12  2.7400E-16  1.2129E+03
  9.5100E-02  1.0675E+03  1.0486E+05  1.0579E+05  0.0000E+00 -9.2757E+02 -7.8585E-01 -5.7180E+00  0.0000E+00  0.0000E+00 -2.7693E-12 -6.2528E-12  8.5283E-17  3.2405E+04
  1.2680E-01  2.5475E+04  2.6888E+06  2.7091E+06  0.0000E+00 -2.0194E+04 -1.4618E+01 -1.0199E+02  0.0000E+00  0.0000E+00 -3.7886E-11 -3.5288E-10  1.4424E-16  7.6994E+05
  1.5850E-01  6.9139E+05  7.0018E+07  7.0555E+07  0.0000E+00 -5.3491E+05 -3.7632E+02 -2.0677E+03  0.0000E+00  0.0000E+00 -3.7335E-10  8.3819E-09  1.2409E-16  2.1007E+07
  1.9020E-01  1.6517E+07  1.6776E+09  1.6904E+09  0.0000E+00 -1.2713E+07 -8.8790E+03 -7.3109E+04  0.0000E+00  0.0000E+00 -9.3220E-08  9.1270E-08  1.0914E-16  4.9923E+08
  2.2190E-01  5.0407E+08  5.5021E+10  5.5423E+10  0.0000E+00 -3.9799E+08 -2.4944E+05 -3.6214E+06  0.0000E+00  0.0000E+00 -2.2165E-06  1.3590E-05  2.8520E-16  1.5380E+10
  2.5360E-01  1.2103E+10  1.1567E+12  1.1670E+12  0.0000E+00 -1.0129E+10 -7.7465E+06 -1.1124E+08  0.0000E+00  0.0000E+00 -5.2407E-05  4.3869E-05  8.2502E-17  3.6590E+11
  2.8530E-01  3.8289E+11  4.5451E+13  4.5772E+13  0.0000E+00 -3.1725E+11 -2.1257E+08 -3.7236E+09  0.0000E+00  0.0000E+00  7.2956E-05  8.0261E-03  1.7694E-16  1.1697E+13
  3.1700E-01  1.1892E+13  1.1470E+15  1.1588E+15  0.0000E+00 -1.1731E+13 -9.1363E+09 -9.1304E+10  0.0000E+00  0.0000E+00 -4.2618E-02  1.8750E-01  1.9859E-16  3.6307E+14
  3.4870E-01  3.5335E+14  4.4981E+16  4.5334E+16  0.0000E+00 -3.4926E+14 -2.9264E+11 -3.2219E+12  0.0000E+00  0.0000E+00 -7.3047E-01 -1.3125E+01  3.0563E-16  1.0772E+16
  3.8040E-01  1.7468E+16  1.9201E+18  1.9403E+18  0.0000E+00 -1.9968E+16 -1.6244E+13 -1.3661E+14  0.0000E+00  0.0000E+00 -2.0406E+01 -8.4000E+01  5.3811E-17  5.3989E+17
  4.1210E-01  5.4950E+17  6.7196E+19  6.7891E+19  0.0000E+00 -6.8787E+17 -6.6157E+14 -6.4173E+15  0.0000E+00  0.0000E+00 -7.6200E+02 -1.0880E+04  1.7148E-16  1.6783E+19
  4.4380E-01  3.2840E+19  4.0559E+21  4.0968E+21  0.0000E+00 -4.0588E+19 -3.4830E+16 -3.4864E+17  0.0000E+00  0.0000E+00 -5.9648E+04 -3.2768E+04  2.2558E-17  1.0186E+21
  4.7550E-01  1.3276E+21  1.5686E+23  1.5867E+23  0.0000E+00 -1.7947E+21 -1.7159E+18 -1.6244E+19  0.0000E+00  0.0000E+00 -4.7063E+06 -3.1457E+06  4.9486E-17  4.0845E+22
  5.0720E-01  7.2877E+22  9.3511E+24  9.4469E+24  0.0000E+00 -9.4837E+22 -8.5850E+19 -8.8146E+20  0.0000E+00  0.0000E+00  1.1796E+07 -2.6844E+08  2.9664E-17  2.2571E+24
  5.3890E-01  3.5754E+24  4.2824E+26  4.3313E+26  0.0000E+00 -4.8476E+24 -4.5293E+21 -4.3435E+22  0.0000E+00  0.0000E+00 -1.4554E+10  5.4761E+10  1.6003E-16  1.1049E+26
  5.7060E-01  1.7982E+26  2.2836E+28  2.3079E+28  0.0000E+00 -2.4098E+26 -2.2451E+23 -2.2803E+24  0.0000E+00  0.0000E+00 -4.2493E+11 -6.3568E+12  2.9384E-16  5.5597E+27
  6.0230E-01  9.4707E+27  1.1601E+30  1.1730E+30  0.0000E+00 -1.2763E+28 -1.1808E+25 -1.1599E+26  0.0000E+00  0.0000E+00 -2.7471E+13  9.6740E+13  1.0589E-16  2.9309E+29
  6.3400E-01  4.6853E+29  5.8539E+31  5.9180E+31  0.0000E+00 -6.3430E+29 -5.9459E+26 -5.9398E+27  0.0000E+00  0.0000E+00 -2.8147E+14 -4.7851E+15  8.5613E-17  1.4481E+31
  6.6570E-01  1.3299E+02  1.6512E+04  1.6693E+04  0.0000E+00 -1.7898E+02 -1.6568E-01 -1.6475E+00  0.0000E+00  0.0000E+00 -4.5364E-13  9.3792E-13  8.3361E-17 -1.4780E+31
  6.9740E-01  6.6826E+03  8.2855E+05  8.3770E+05  0.0000E+00 -9.0560E+03 -8.4696E+00 -8.4060E+01  0.0000E+00  0.0000E+00 -1.2221E-11 -1.0186E-10  1.3619E-16  2.0661E+05
  7.2910E-01  3.4717E+05  4.3272E+07  4.3744E+07  0.0000E+00 -4.6802E+05 -4.3478E+02 -4.3417E+03  0.0000E+00  0.0000E+00 -5.6662E-10  4.6566E-09  1.1940E-16  1.0741E+07
  7.6080E-01  1.7721E+07  2.1954E+09  2.2197E+09  0.0000E+00 -2.3978E+07 -2.2358E+04 -2.2196E+05  0.0000E+00  0.0000E+00  2.0547E-08  2.3842E-07  1.1667E-16  5.4807E+08
  7.9250E-01  9.1033E+08  1.1338E+11  1.1462E+11  0.0000E+00 -1.2293E+09 -1.1447E+06 -1.1422E+07  0.0000E+00  0.0000E+00 -3.3360E-06  7.1526E-06  9.1505E-17  2.8158E+10
  8.2420E-01  4.6804E+10  5.8072E+12  5.8711E+12  0.0000E+00 -6.3255E+10 -5.8897E+07 -5.8556E+08  0.0000E+00  0.0000E+00 -1.1849E-04  1.3733E-03  2.5409E-16  1.4477E+12
  8.5590E-01  2.3962E+12  2.9799E+14  3.0127E+14  0.0000E+00 -3.2385E+12 -3.0178E+09 -3.0066E+10  0.0000E+00  0.0000E+00  2.5368E-03  1.0250E-02  4.2444E-17  7.4113E+13
  8.8760E-01  1.2331E+14  1.5319E+16  1.5487E+16  0.0000E+00 -1.6659E+14 -1.5508E+11 -1.5437E+12  0.0000E+00  0.0000E+00 -8.1152E-01 -1.4375E+00  1.4522E-16  3.8144E+15
  9.1930E-01  6.3169E+15  7.8492E+17  7.9355E+17  0.0000E+00 -8.5385E+15 -7.9559E+12 -7.9203E+13  0.0000E+00  0.0000E+00 -2.1984E+01  2.3000E+01  5.6688E-17  1.9538E+17
  9.5100E-01  3.2469E+17  4.0355E+19  4.0799E+19  0.0000E+00 -4.3867E+17 -4.0846E+14 -4.0676E+15  0.0000E+00  0.0000E+00 -2.0425E+03  7.1680E+03  2.2576E-16  1.0043E+19
  9.8270E-01  1.6655E+19  2.0691E+21  2.0918E+21  0.0000E+00 -2.2509E+19 -2.0968E+16 -2.0871E+17  0.0000E+00  0.0000E+00 -2.1184E+04 -2.7443E+05  1.4132E-16  5.1514E+20
  1.0144E+00  8.5513E+20  1.0628E+23  1.0745E+23  0.0000E+00 -1.1555E+21 -1.0761E+18 -1.0716E+19  0.0000E+00  0.0000E+00 -2.8467E+05 -4.9807E+06  4.9003E-17  2.6450E+22
  1.0461E+00  4.3896E+22  5.4538E+24  5.5137E+24  0.0000E+00 -5.9320E+22 -5.5250E+19 -5.4999E+20  0.0000E+00  0.0000E+00 -6.8682E+07 -3.3554E+08  7.3313E-17  1.3577E+24
  1.0778E+00  2.2528E+24  2.7997E+26  2.8305E+26  0.0000E+00 -3.0443E+24 -2.8355E+21 -2.8233E+22  0.0000E+00  0.0000E+00 -8.8164E+09  6.1203E+10  2.4738E-16  6.9683E+25
  1.1095E+00  1.1566E+26  1.4372E+28  1.4530E+28  0.0000E+00 -1.5630E+26 -1.4557E+23 -1.4492E+24  0.0000E+00  0.0000E+00 -6.8129E+11 -4.1232E+11  7.5264E-17  3.5777E+27
  1.1412E+00  5.9361E+27  7.3765E+29  7.4576E+29  0.0000E+00 -8.0219E+27 -7.4717E+24 -7.4389E+25  0.0000E+00  0.0000E+00 -3.2814E+13 -1.6273E+14  2.6221E-16  1.8361E+29
  1.1729E+00  3.0475E+29  3.7870E+31  3.8286E+31  0.0000E+00 -4.1181E+29 -3.8354E+26 -3.8186E+27  0.0000E+00  0.0000E+00 -7.5481E+14 -2.8147E+15  9.3235E-17  9.4263E+30
  1.2046E+00  5.7339E+01  7.1250E+03  7.2033E+03  0.0000E+00 -7.7485E+01 -7.2170E-02 -7.1851E-01  0.0000E+00  0.0000E+00 -1.2212E-13  6.8212E-13  1.1165E-16 -9.6136E+30
  1.2363E+00  2.9434E+03  3.6576E+05  3.6978E+05  0.0000E+00 -3.9775E+03 -3.7045E+00 -3.6883E+01  0.0000E+00  0.0000E+00 -4.0146E-12 -5.1841E-11  1.5105E-16  9.1043E+04
  1.2680E+00  1.5109E+05  1.8774E+07  1.8981E+07  0.0000E+00 -2.0417E+05 -1.9016E+02 -1.8932E+03  0.0000E+00  0.0000E+00 -2.3056E-10 -6.4028E-10  4.5881E-17  4.6733E+06
  1.2997E+00  7.7554E+06  9.6373E+08  9.7431E+08  0.0000E+00 -1.0480E+07 -9.7611E+03 -9.7182E+04  0.0000E+00  0.0000E+00 -7.5815E-09  3.7253E-09  1.1605E-17  2.3988E+08
  1.3314E+00  3.9810E+08  4.9469E+10  5.0013E+10  0.0000E+00 -5.3797E+08 -5.0105E+05 -4.9885E+06  0.0000E+00  0.0000E+00 -2.2436E-06 -3.0994E-06  1.0683E-16  1.2314E+10
  1.3631E+00  2.0435E+10  2.5393E+12  2.5672E+12  0.0000E+00 -2.7614E+10 -2.5720E+07 -2.5606E+08  0.0000E+00  0.0000E+00  3.6061E-06  7.6592E-06  4.3882E-18  6.3207E+11
  1.3948E+00  1.0490E+12  1.3035E+14  1.3178E+14  0.0000E+00 -1.4175E+12 -1.3202E+09 -1.3144E+10  0.0000E+00  0.0000E+00 -3.1509E-03  5.1270E-03  6.2816E-17  3.2445E+13
  1.4265E+00  5.3844E+13  6.6908E+15  6.7643E+15  0.0000E+00 -7.2761E+13 -6.7769E+10 -6.7470E+11  0.0000E+00  0.0000E+00 -1.1511E-01 -1.8750E+00  2.9421E-16  1.6655E+15
  1.4582E+00  2.7639E+15  3.4345E+17  3.4722E+17  0.0000E+00 -3.7349E+15 -3.4787E+12 -3.4634E+13  0.0000E+00  0.0000E+00  1.2109E-01  3.0039E+00  8.9999E-18  8.5490E+16
  1.4899E+00  1.4187E+17  1.7630E+19  1.7823E+19  0.0000E+00 -1.9172E+17 -1.7856E+14 -1.7778E+15  0.0000E+00  0.0000E+00 -5.0900E+02 -1.6640E+03  1.2192E-16  4.3883E+18
  1.5000E+00  4.9757E+17  6.1829E+19  6.2509E+19  0.0000E+00 -6.7238E+17 -6.2625E+14 -6.2349E+15  0.0000E+00  0.0000E+00  6.8300E+02 -1.6384E+04  2.7303E-16  1.3029E+19
