 #  1.  time
 #  2.  Total Energy
 #  3.  Total dE/dt
 #  4.  Drive 1 term
 #  5.  Heat sources (nonlocal)
 #  6.  Collisional Dissipation
 #  7.  hyp_v dissipation
 #  8.  hyp_z dissipation
 #  9.  hyp_x/y dissipation
 #  10. nonlinearity
 #  11. [Poisson err]_z,vpar
 #  12. curvature + remaining terms (if any)
 #  13. (abs(10)+abs(11)+abs(12))/abs(4): test for conservation
 #  14. change in energy: (E(t)-E(t_last_energy_calc))/(dt*istep_energy)
#        1           2           3           4           5           6           7           8           9          10          11          12          13          14
  0.0000E+00  1.0390E-01 -2.3941E-01  0.0000E+00  0.0000E+00  5.0191E-06 -8.5449E-08 -2.3942E-01  0.0000E+00  0.0000E+00 -2.2204E-16 -2.7756E-17  0.0000E+00  3.5829E+00
  2.9000E-02  1.3592E+00  1.6034E+02  1.6232E+02  0.0000E+00 -1.9107E+00 -3.0202E-03 -6.9338E-02  0.0000E+00  0.0000E+00 -2.4841E-15 -2.0872E-14  1.4389E-16  4.3288E+01
  5.8000E-02  7.2152E+01  1.1746E+04  1.1859E+04  0.0000E+00 -1.1117E+02 -1.1881E-01 -2.0198E+00  0.0000E+00  0.0000E+00  1.3234E-13 -1.6200E-12  1.4776E-16  2.4411E+03
  8.7000E-02  8.1438E+03  1.3141E+06  1.3268E+06  0.0000E+00 -1.2488E+04 -1.3360E+01 -1.9942E+02  0.0000E+00  0.0000E+00 -2.7001E-11 -8.0036E-11  8.0673E-17  2.7833E+05
  1.1600E-01  1.0612E+06  1.7905E+08  1.8076E+08  0.0000E+00 -1.6811E+06 -1.7043E+03 -2.7721E+04  0.0000E+00  0.0000E+00 -5.7335E-09  5.5879E-09  6.2632E-17  3.6312E+07
  1.4500E-01  1.4268E+08  2.4214E+10  2.4445E+10  0.0000E+00 -2.2678E+08 -2.3040E+05 -3.7589E+06  0.0000E+00  0.0000E+00 -9.9232E-07  3.4273E-06  1.8080E-16  4.8834E+09
  1.7400E-01  1.9206E+10  3.2476E+12  3.2786E+12  0.0000E+00 -3.0422E+10 -3.1041E+07 -5.0518E+08  0.0000E+00  0.0000E+00 -4.0472E-05  1.4877E-04  5.7722E-17  6.5735E+11
  2.0300E-01  2.5945E+12  4.3881E+14  4.4299E+14  0.0000E+00 -4.1112E+12 -4.1926E+09 -6.8166E+10  0.0000E+00  0.0000E+00 -1.1452E-02 -1.5527E-01  3.7635E-16  8.8804E+13
  2.3200E-01  3.5019E+14  5.9247E+16  5.9812E+16  0.0000E+00 -5.5510E+14 -5.6580E+11 -9.2025E+12  0.0000E+00  0.0000E+00 -3.2891E+00  2.5000E-01  5.9170E-17  1.1986E+16
  2.6100E-01  4.7251E+16  7.9940E+18  8.0702E+18  0.0000E+00 -7.4893E+16 -7.6346E+13 -1.2420E+15  0.0000E+00  0.0000E+00  1.1000E+01 -9.5200E+02  1.1933E-16  1.6173E+18
  2.9000E-01  6.3772E+18  1.0789E+21  1.0891E+21  0.0000E+00 -1.0108E+19 -1.0304E+16 -1.6761E+17  0.0000E+00  0.0000E+00 -4.4768E+04 -3.0720E+03  4.3925E-17  2.1827E+20
  3.1900E-01  8.6068E+20  1.4561E+23  1.4699E+23  0.0000E+00 -1.3642E+21 -1.3907E+18 -2.2621E+19  0.0000E+00  0.0000E+00 -5.2879E+06 -6.0293E+06  7.6992E-17  2.9459E+22
  3.4800E-01  1.1615E+23  1.9651E+25  1.9838E+25  0.0000E+00 -1.8410E+23 -1.8768E+20 -3.0529E+21  0.0000E+00  0.0000E+00 -5.1747E+08  2.0804E+09  1.3095E-16  3.9757E+24
  3.7700E-01  1.5676E+25  2.6520E+27  2.6773E+27  0.0000E+00 -2.4846E+25 -2.5329E+22 -4.1202E+23  0.0000E+00  0.0000E+00 -3.1273E+10 -1.6750E+11  7.4245E-17  5.3655E+26
  4.0600E-01  2.1156E+27  3.5791E+29  3.6133E+29  0.0000E+00 -3.3532E+27 -3.4184E+24 -5.5605E+25  0.0000E+00  0.0000E+00 -4.7416E+12 -6.5971E+13  1.9570E-16  7.2412E+28
  4.3500E-01  2.8552E+29  4.8304E+31  4.8764E+31  0.0000E+00 -4.5255E+29 -4.6134E+26 -7.5044E+27  0.0000E+00  0.0000E+00  4.2551E+14  6.4036E+15  1.4004E-16  9.7727E+30
  4.6400E-01  2.1611E+02  3.6561E+04  3.6909E+04  0.0000E+00 -3.4253E+02 -3.4919E-01 -5.6801E+00  0.0000E+00  0.0000E+00  1.3367E-12 -8.6970E-12  2.7185E-16 -9.8456E+30
  4.9300E-01  2.9166E+04  4.9342E+06  4.9813E+06  0.0000E+00 -4.6228E+04 -4.7126E+01 -7.6658E+02  0.0000E+00  0.0000E+00 -3.9904E-11  1.2369E-10  3.2842E-17  9.9828E+05
  5.2200E-01  3.9362E+06  6.6592E+08  6.7226E+08  0.0000E+00 -6.2389E+06 -6.3601E+03 -1.0346E+05  0.0000E+00  0.0000E+00 -2.3312E-08 -5.1223E-08  1.1087E-16  1.3473E+08
