 #  1.  time
 #  2.  Total Energy
 #  3.  Total dE/dt
 #  4.  Drive 1 term
 #  5.  Heat sources (nonlocal)
 #  6.  Collisional Dissipation
 #  7.  hyp_v dissipation
 #  8.  hyp_z dissipation
 #  9.  hyp_x/y dissipation
 #  10. nonlinearity
 #  11. [Poisson err]_z,vpar
 #  12. curvature + remaining terms (if any)
 #  13. (abs(10)+abs(11)+abs(12))/abs(4): test for conservation
 #  14. change in energy: (E(t)-E(t_last_energy_calc))/(dt*istep_energy)
#        1           2           3           4           5           6           7           8           9          10          11          12          13          14
  0.0000E+00  1.0196E-01 -2.2049E-01  0.0000E+00  0.0000E+00 -6.0689E-08 -8.1975E-08 -2.2049E-01  0.0000E+00  0.0000E+00 -2.7756E-16 -5.5511E-17  0.0000E+00  8.0280E+00
  1.2700E-02  9.5937E-02 -9.5588E-01  9.6845E-02  0.0000E+00 -9.3709E-01 -4.3654E-03 -1.1127E-01  0.0000E+00  0.0000E+00 -1.9429E-16 -2.2204E-16  4.2990E-15 -4.7390E-01
  2.5400E-02  8.1829E-02 -1.1047E+00  3.5805E-01  0.0000E+00 -1.3164E+00 -5.5095E-03 -1.4085E-01  0.0000E+00  0.0000E+00 -1.1102E-16 -5.5511E-17  4.6512E-16 -1.1109E+00
  3.8100E-02  7.2142E-02 -2.5154E-01  1.0802E+00  0.0000E+00 -1.1886E+00 -4.6131E-03 -1.3855E-01  0.0000E+00  0.0000E+00 -1.3878E-16  2.7756E-17  1.5417E-16 -7.6271E-01
  5.0800E-02  7.9723E-02  1.7840E+00  2.9597E+00  0.0000E+00 -1.0494E+00 -3.7013E-03 -1.2271E-01  0.0000E+00  0.0000E+00  2.2204E-16  1.6653E-16  1.3129E-16  5.9693E-01
  6.3500E-02  1.2965E-01  6.8418E+00  8.1312E+00  0.0000E+00 -1.1698E+00 -3.5444E-03 -1.1605E-01  0.0000E+00  0.0000E+00  1.2074E-15 -2.2760E-15  4.2839E-16  3.9315E+00
  7.6200E-02  2.9027E-01  2.0830E+01  2.2923E+01  0.0000E+00 -1.9437E+00 -4.9978E-03 -1.4410E-01  0.0000E+00  0.0000E+00  1.8596E-15 -5.1070E-15  3.0392E-16  1.2647E+01
  8.8900E-02  7.5710E-01  5.8914E+01  6.3635E+01  0.0000E+00 -4.4463E+00 -1.0403E-02 -2.6434E-01  0.0000E+00  0.0000E+00  7.6605E-15  4.8850E-15  1.9715E-16  3.6758E+01
  1.0160E-01  2.0663E+00  1.6542E+02  1.7770E+02  0.0000E+00 -1.1628E+01 -2.6455E-02 -6.3209E-01  0.0000E+00  0.0000E+00  3.8636E-14  2.6645E-14  3.6736E-16  1.0309E+02
  1.1430E-01  5.7362E+00  4.6220E+02  4.9589E+02  0.0000E+00 -3.1927E+01 -7.1904E-02 -1.6824E+00  0.0000E+00  0.0000E+00  6.8834E-14  4.2633E-14  2.2478E-16  2.8896E+02
  1.2700E-01  1.5964E+01  1.2882E+03  1.3816E+03  0.0000E+00 -8.8571E+01 -1.9919E-01 -4.6290E+00  0.0000E+00  0.0000E+00  1.5188E-13  3.8369E-13  3.8764E-16  8.0532E+02
  1.3970E-01  4.4508E+01  3.5959E+03  3.8559E+03  0.0000E+00 -2.4667E+02 -5.5448E-01 -1.2861E+01  0.0000E+00  0.0000E+00 -6.2172E-14  1.9895E-13  6.7720E-17  2.2476E+03
  1.5240E-01  1.2411E+02  1.0024E+04  1.0750E+04  0.0000E+00 -6.8779E+02 -1.5456E+00 -3.5832E+01  0.0000E+00  0.0000E+00  4.6896E-13 -1.3642E-12  1.7054E-16  6.2676E+03
  1.6510E-01  3.4609E+02  2.7960E+04  2.9982E+04  0.0000E+00 -1.9176E+03 -4.3099E+00 -9.9898E+01  0.0000E+00  0.0000E+00  2.7569E-12 -3.4106E-12  2.0571E-16  1.7479E+04
  1.7780E-01  9.6521E+02  7.7974E+04  8.3613E+04  0.0000E+00 -5.3482E+03 -1.2019E+01 -2.7858E+02  0.0000E+00  0.0000E+00  1.0516E-11 -1.0004E-11  2.4542E-16  4.8750E+04
  1.9050E-01  2.6918E+03  2.1745E+05  2.3317E+05  0.0000E+00 -1.4915E+04 -3.3519E+01 -7.7689E+02  0.0000E+00  0.0000E+00  1.3870E-11 -4.3656E-11  2.4671E-16  1.3595E+05
  2.0320E-01  7.5069E+03  6.0644E+05  6.5030E+05  0.0000E+00 -4.1595E+04 -9.3478E+01 -2.1666E+03  0.0000E+00  0.0000E+00  1.3051E-10  7.2760E-12  2.1189E-16  3.7914E+05
  2.1590E-01  2.0935E+04  1.6912E+06  1.8135E+06  0.0000E+00 -1.1600E+05 -2.6069E+02 -6.0423E+03  0.0000E+00  0.0000E+00  3.8835E-10 -5.8208E-11  2.4624E-16  1.0574E+06
  2.2860E-01  5.8385E+04  4.7166E+06  5.0577E+06  0.0000E+00 -3.2351E+05 -7.2703E+02 -1.6851E+04  0.0000E+00  0.0000E+00  6.9122E-11  1.0477E-09  2.2083E-16  2.9488E+06
  2.4130E-01  1.6282E+05  1.3154E+07  1.4105E+07  0.0000E+00 -9.0220E+05 -2.0276E+03 -4.6994E+04  0.0000E+00  0.0000E+00  2.0227E-09 -2.0955E-09  2.9197E-16  8.2236E+06
  2.5400E-01  4.5409E+05  3.6683E+07  3.9336E+07  0.0000E+00 -2.5161E+06 -5.6545E+03 -1.3106E+05  0.0000E+00  0.0000E+00  4.0309E-09 -2.8085E-09  1.7387E-16  2.2934E+07
  2.6670E-01  1.2664E+06  1.0230E+08  1.0970E+08  0.0000E+00 -7.0169E+06 -1.5769E+04 -3.6550E+05  0.0000E+00  0.0000E+00  5.4133E-09 -1.8626E-08  2.1914E-16  6.3959E+07
  2.7940E-01  3.5317E+06  2.8531E+08  3.0594E+08  0.0000E+00 -1.9569E+07 -4.3978E+04 -1.0193E+06  0.0000E+00  0.0000E+00  2.7358E-08  8.5565E-08  3.6910E-16  1.7837E+08
  2.9210E-01  9.8493E+06  7.9567E+08  8.5320E+08  0.0000E+00 -5.4574E+07 -1.2265E+05 -2.8427E+06  0.0000E+00  0.0000E+00  1.3271E-07 -3.2783E-07  5.3978E-16  4.9745E+08
  3.0480E-01  2.7468E+07  2.2190E+09  2.3794E+09  0.0000E+00 -1.5220E+08 -3.4204E+05 -7.9278E+06  0.0000E+00  0.0000E+00  2.9057E-07  5.6624E-07  3.6009E-16  1.3873E+09
  3.1750E-01  7.6603E+07  6.1883E+09  6.6358E+09  0.0000E+00 -4.2445E+08 -9.5389E+05 -2.2109E+07  0.0000E+00  0.0000E+00  7.9721E-07 -2.9802E-07  1.6505E-16  3.8689E+09
  3.3020E-01  2.1363E+08  1.7258E+10  1.8506E+10  0.0000E+00 -1.1837E+09 -2.6602E+06 -6.1658E+07  0.0000E+00  0.0000E+00  1.0505E-06  2.8610E-06  2.1137E-16  1.0790E+10
  3.4290E-01  5.9578E+08  4.8130E+10  5.1610E+10  0.0000E+00 -3.3012E+09 -7.4189E+06 -1.7195E+08  0.0000E+00  0.0000E+00  4.9770E-06 -1.6212E-05  4.1057E-16  3.0091E+10
  3.5560E-01  1.6615E+09  1.3423E+11  1.4393E+11  0.0000E+00 -9.2064E+09 -2.0690E+07 -4.7955E+08  0.0000E+00  0.0000E+00  1.7822E-05  3.6240E-05  3.7560E-16  8.3917E+10
  3.6830E-01  4.6337E+09  3.7433E+11  4.0140E+11  0.0000E+00 -2.5675E+10 -5.7701E+07 -1.3374E+09  0.0000E+00  0.0000E+00  3.6240E-05 -2.2888E-05  1.4730E-16  2.3403E+11
  3.8100E-01  1.2923E+10  1.0439E+12  1.1194E+12  0.0000E+00 -7.1603E+10 -1.6092E+08 -3.7297E+09  0.0000E+00  0.0000E+00 -1.9073E-06  1.2970E-04  1.1757E-16  6.5267E+11
  3.9370E-01  3.6039E+10  2.9114E+12  3.1219E+12  0.0000E+00 -1.9969E+11 -4.4877E+08 -1.0402E+10  0.0000E+00  0.0000E+00  4.9210E-04 -7.9346E-04  4.1178E-16  1.8202E+12
  4.0640E-01  1.0051E+11  8.1193E+12  8.7064E+12  0.0000E+00 -5.5689E+11 -1.2515E+09 -2.9008E+10  0.0000E+00  0.0000E+00  1.4572E-03 -1.2207E-04  1.8139E-16  5.0761E+12
  4.1910E-01  2.8029E+11  2.2643E+13  2.4281E+13  0.0000E+00 -1.5531E+12 -3.4903E+09 -8.0898E+10  0.0000E+00  0.0000E+00  2.8381E-03 -6.8359E-03  3.9843E-16  1.4156E+13
  4.3180E-01  7.8169E+11  6.3148E+13  6.7715E+13  0.0000E+00 -4.3313E+12 -9.7338E+09 -2.2561E+11  0.0000E+00  0.0000E+00  1.2695E-02 -1.2695E-02  3.7497E-16  3.9480E+13
  4.4450E-01  2.1800E+12  1.7611E+14  1.8884E+14  0.0000E+00 -1.2079E+13 -2.7146E+10 -6.2919E+11  0.0000E+00  0.0000E+00 -8.5449E-04 -2.5391E-02  1.3898E-16  1.1010E+14
  4.5720E-01  6.0796E+12  4.9114E+14  5.2665E+14  0.0000E+00 -3.3687E+13 -7.5705E+10 -1.7547E+12  0.0000E+00  0.0000E+00  9.7656E-02 -4.2969E-02  2.6702E-16  3.0706E+14
  4.6990E-01  1.6955E+13  1.3697E+15  1.4687E+15  0.0000E+00 -9.3946E+13 -2.1113E+11 -4.8935E+12  0.0000E+00  0.0000E+00  2.3633E-01 -6.2500E-02  2.0346E-16  8.5632E+14
  4.7752E-01  3.1372E+13  2.5344E+15  2.7177E+15  0.0000E+00 -1.7383E+14 -3.9066E+11 -9.0547E+12  0.0000E+00  0.0000E+00  5.3125E-01 -9.3750E-02  2.2998E-16  1.1352E+15
