 #  1.  time
 #  2.  Total Energy
 #  3.  Total dE/dt
 #  4.  Drive 1 term
 #  5.  Heat sources (nonlocal)
 #  6.  Collisional Dissipation
 #  7.  hyp_v dissipation
 #  8.  hyp_z dissipation
 #  9.  hyp_x/y dissipation
 #  10. nonlinearity
 #  11. [Poisson err]_z,vpar
 #  12. curvature + remaining terms (if any)
 #  13. (abs(10)+abs(11)+abs(12))/abs(4): test for conservation
 #  14. change in energy: (E(t)-E(t_last_energy_calc))/(dt*istep_energy)
#        1           2           3           4           5           6           7           8           9          10          11          12          13          14
  0.0000E+00  1.0542E-01 -2.0758E-01  0.0000E+00  0.0000E+00  1.0102E-05 -8.8228E-08 -2.0759E-01  0.0000E+00  0.0000E+00 -1.6653E-16  0.0000E+00  0.0000E+00  3.4007E+00
  3.1000E-02  1.1658E+00  1.0808E+02  1.0988E+02  0.0000E+00 -1.7331E+00 -2.7813E-03 -6.8376E-02  0.0000E+00  0.0000E+00  5.5511E-16  9.5479E-15  9.1944E-17  3.4207E+01
  6.2000E-02  3.8482E+01  4.7874E+03  4.8445E+03  0.0000E+00 -5.5996E+01 -7.0810E-02 -9.9821E-01  0.0000E+00  0.0000E+00  9.7478E-14  2.1316E-13  6.4122E-17  1.2038E+03
  9.3000E-02  2.0523E+03  2.6304E+05  2.6620E+05  0.0000E+00 -3.1198E+03 -3.3536E+00 -3.2454E+01  0.0000E+00  0.0000E+00  5.2793E-12 -2.0009E-11  9.4997E-17  6.4961E+04
  1.2400E-01  1.1226E+05  1.4772E+07  1.4949E+07  0.0000E+00 -1.7488E+05 -1.7770E+02 -1.6346E+03  0.0000E+00  0.0000E+00  1.3551E-10  3.2014E-09  2.2322E-16  3.5551E+06
  1.5500E-01  6.9675E+06  9.3465E+08  9.4600E+08  0.0000E+00 -1.1233E+07 -1.1533E+04 -9.9887E+04  0.0000E+00  0.0000E+00 -1.1321E-08  2.5705E-07  2.8369E-16  2.2114E+08
  1.8600E-01  4.5060E+08  6.0725E+10  6.1468E+10  0.0000E+00 -7.3554E+08 -7.4824E+05 -6.3676E+06  0.0000E+00  0.0000E+00  3.6787E-07  1.0014E-05  1.6889E-16  1.4311E+10
  2.1700E-01  2.9563E+10  3.9998E+12  4.0490E+12  0.0000E+00 -4.8752E+10 -4.9235E+07 -4.2367E+08  0.0000E+00  0.0000E+00 -1.9193E-05 -6.2180E-04  1.5831E-16  9.3909E+11
  2.4800E-01  1.9751E+12  2.6819E+14  2.7150E+14  0.0000E+00 -3.2813E+12 -3.3101E+09 -2.8423E+10  0.0000E+00  0.0000E+00 -1.0033E-03 -4.2725E-02  1.6106E-16  6.2758E+13
  2.7900E-01  1.3323E+14  1.8115E+16  1.8339E+16  0.0000E+00 -2.2206E+14 -2.2376E+11 -1.9154E+12  0.0000E+00  0.0000E+00  4.4409E-01 -3.7500E+00  2.2870E-16  4.2339E+15
  3.1000E-01  9.0262E+15  1.2284E+18  1.2436E+18  0.0000E+00 -1.5076E+16 -1.5174E+13 -1.2991E+14  0.0000E+00  0.0000E+00 -3.3750E+01 -6.4000E+01  7.8603E-17  2.8687E+17
  3.4100E-01  6.1345E+17  8.3533E+19  8.4568E+19  0.0000E+00 -1.0259E+18 -1.0322E+15 -8.8339E+15  0.0000E+00  0.0000E+00 -1.8340E+03 -3.4560E+03  6.2553E-17  1.9498E+19
  3.7200E-01  4.1766E+19  5.6888E+21  5.7594E+21  0.0000E+00 -6.9891E+19 -7.0307E+16 -6.0146E+17  0.0000E+00  0.0000E+00 -7.9744E+04 -1.9825E+06  3.5806E-16  1.3275E+21
  4.0300E-01  2.8461E+21  3.8773E+23  3.9254E+23  0.0000E+00 -4.7645E+21 -4.7921E+18 -4.0992E+19  0.0000E+00  0.0000E+00 -1.9440E+07 -4.9283E+07  1.7507E-16  9.0464E+22
  4.3400E-01  1.9405E+23  2.6438E+25  2.6767E+25  0.0000E+00 -3.2492E+23 -3.2678E+20 -2.7951E+21  0.0000E+00  0.0000E+00  1.3684E+08  3.2883E+09  1.2796E-16  6.1680E+24
  4.6500E-01  1.3235E+25  1.8033E+27  1.8256E+27  0.0000E+00 -2.2163E+25 -2.2289E+22 -1.9064E+23  0.0000E+00  0.0000E+00  3.6239E+09 -3.1783E+11  1.7608E-16  4.2068E+26
  4.9600E-01  9.0282E+26  1.2301E+29  1.2454E+29  0.0000E+00 -1.5119E+27 -1.5205E+24 -1.3004E+25  0.0000E+00  0.0000E+00 -3.0752E+12  1.7867E+13  1.6816E-16  2.8696E+28
  5.2700E-01  6.1591E+28  8.3921E+30  8.4963E+30  0.0000E+00 -1.0315E+29 -1.0373E+26 -8.8718E+26  0.0000E+00  0.0000E+00  5.5113E+13 -4.3967E+14  5.8235E-17  1.9577E+30
  5.5800E-01  2.1622E+01  2.9461E+03  2.9827E+03  0.0000E+00 -3.6212E+01 -3.6416E-02 -3.1145E-01  0.0000E+00  0.0000E+00  3.2530E-14 -3.0198E-13  1.1215E-16 -1.9868E+30
  5.8900E-01  1.4752E+03  2.0101E+05  2.0350E+05  0.0000E+00 -2.4707E+03 -2.4845E+00 -2.1249E+01  0.0000E+00  0.0000E+00 -8.1712E-14 -8.0945E-11  3.9817E-16  4.6889E+04
  6.2000E-01  1.0065E+05  1.3714E+07  1.3884E+07  0.0000E+00 -1.6857E+05 -1.6951E+02 -1.4498E+03  0.0000E+00  0.0000E+00 -4.4611E-10 -2.9395E-09  2.4384E-16  3.1991E+06
  6.5100E-01  6.8670E+06  9.3569E+08  9.4731E+08  0.0000E+00 -1.1501E+07 -1.1566E+04 -9.8917E+04  0.0000E+00  0.0000E+00  1.0317E-08 -1.1269E-07  1.2985E-16  2.1827E+08
  6.8200E-01  4.6853E+08  6.3841E+10  6.4633E+10  0.0000E+00 -7.8471E+08 -7.8911E+05 -6.7490E+06  0.0000E+00  0.0000E+00  9.9652E-08  7.8678E-06  1.2327E-16  1.4892E+10
  7.1300E-01  3.1967E+10  4.3558E+12  4.4098E+12  0.0000E+00 -5.3540E+10 -5.3840E+07 -4.6047E+08  0.0000E+00  0.0000E+00 -9.4891E-05  1.0681E-04  4.5739E-17  1.0161E+12
  7.4400E-01  2.1811E+12  2.9719E+14  3.0088E+14  0.0000E+00 -3.6529E+12 -3.6734E+09 -3.1418E+10  0.0000E+00  0.0000E+00 -7.9918E-03  5.2731E-02  2.0182E-16  6.9326E+13
  7.7500E-01  1.4881E+14  2.0277E+16  2.0529E+16  0.0000E+00 -2.4924E+14 -2.5063E+11 -2.1436E+12  0.0000E+00  0.0000E+00  2.5903E-01  3.8435E+00  1.9984E-16  4.7300E+15
  8.0600E-01  1.0153E+16  1.3835E+18  1.4006E+18  0.0000E+00 -1.7005E+16 -1.7101E+13 -1.4625E+14  0.0000E+00  0.0000E+00 -8.6250E+00  3.3800E+02  2.4747E-16  3.2273E+17
  8.3700E-01  6.9275E+17  9.4393E+19  9.5565E+19  0.0000E+00 -1.1602E+18 -1.1668E+15 -9.9788E+15  0.0000E+00  0.0000E+00 -1.9240E+03 -5.1200E+03  7.3709E-17  2.2019E+19
  8.6800E-01  4.7266E+19  6.4404E+21  6.5203E+21  0.0000E+00 -7.9162E+19 -7.9606E+16 -6.8084E+17  0.0000E+00  0.0000E+00 -2.7827E+05  4.4237E+05  1.1052E-16  1.5023E+21
  8.9900E-01  3.2249E+21  4.3942E+23  4.4487E+23  0.0000E+00 -5.4012E+21 -5.4315E+18 -4.6453E+19  0.0000E+00  0.0000E+00 -5.3494E+06  2.8836E+07  7.6843E-17  1.0250E+23
  9.3000E-01  2.2003E+23  2.9981E+25  3.0353E+25  0.0000E+00 -3.6852E+23 -3.7058E+20 -3.1695E+21  0.0000E+00  0.0000E+00 -8.0793E+08 -4.3673E+08  4.1006E-17  6.9937E+24
  9.6100E-01  1.5012E+25  2.0456E+27  2.0710E+27  0.0000E+00 -2.5143E+25 -2.5284E+22 -2.1625E+23  0.0000E+00  0.0000E+00 -3.1206E+09 -2.2978E+11  1.1246E-16  4.7717E+26
  9.9200E-01  1.0243E+27  1.3957E+29  1.4130E+29  0.0000E+00 -1.7155E+27 -1.7251E+24 -1.4754E+25  0.0000E+00  0.0000E+00 -2.1990E+12  2.1715E+13  1.6925E-16  3.2557E+28
  1.0230E+00  6.9886E+28  9.5226E+30  9.6407E+30  0.0000E+00 -1.1705E+29 -1.1770E+26 -1.0067E+27  0.0000E+00  0.0000E+00 -1.3235E+14  1.5745E+15  1.7705E-16  2.2213E+30
  1.0540E+00  2.1620E+01  2.9459E+03  2.9825E+03  0.0000E+00 -3.6210E+01 -3.6413E-02 -3.1143E-01  0.0000E+00  0.0000E+00  1.7208E-15 -1.6698E-13  5.6563E-17 -2.2544E+30
  1.0850E+00  1.4751E+03  2.0100E+05  2.0349E+05  0.0000E+00 -2.4706E+03 -2.4844E+00 -2.1248E+01  0.0000E+00  0.0000E+00 -4.4338E-12 -6.8212E-13  2.5141E-17  4.6887E+04
  1.1160E+00  1.0065E+05  1.3714E+07  1.3884E+07  0.0000E+00 -1.6856E+05 -1.6951E+02 -1.4498E+03  0.0000E+00  0.0000E+00  3.5698E-11  1.2369E-09  9.1660E-17  3.1990E+06
  1.1470E+00  6.8669E+06  9.3568E+08  9.4729E+08  0.0000E+00 -1.1501E+07 -1.1566E+04 -9.8916E+04  0.0000E+00  0.0000E+00 -1.4785E-08  3.3248E-07  3.6659E-16  2.1827E+08
  1.1780E+00  4.6852E+08  6.3841E+10  6.4633E+10  0.0000E+00 -7.8470E+08 -7.8910E+05 -6.7489E+06  0.0000E+00  0.0000E+00 -1.0487E-06 -7.0333E-06  1.2505E-16  1.4892E+10
  1.2090E+00  3.1967E+10  4.3558E+12  4.4098E+12  0.0000E+00 -5.3539E+10 -5.3840E+07 -4.6047E+08  0.0000E+00  0.0000E+00 -1.1969E-04 -9.5367E-04  2.4340E-16  1.0161E+12
  1.2400E+00  2.1811E+12  2.9719E+14  3.0088E+14  0.0000E+00 -3.6529E+12 -3.6734E+09 -3.1417E+10  0.0000E+00  0.0000E+00 -7.0305E-03  5.0289E-02  1.9051E-16  6.9326E+13
  1.2710E+00  1.4881E+14  2.0277E+16  2.0529E+16  0.0000E+00 -2.4924E+14 -2.5063E+11 -2.1436E+12  0.0000E+00  0.0000E+00 -6.4429E-01  1.9685E+00  1.2728E-16  4.7300E+15
  1.3020E+00  1.0153E+16  1.3835E+18  1.4006E+18  0.0000E+00 -1.7005E+16 -1.7101E+13 -1.4625E+14  0.0000E+00  0.0000E+00  1.2375E+01 -1.1600E+02  9.1654E-17  3.2273E+17
  1.3330E+00  6.9275E+17  9.4393E+19  9.5565E+19  0.0000E+00 -1.1602E+18 -1.1668E+15 -9.9788E+15  0.0000E+00  0.0000E+00  5.5600E+02  1.0752E+04  1.1833E-16  2.2019E+19
  1.3640E+00  4.7266E+19  6.4403E+21  6.5203E+21  0.0000E+00 -7.9162E+19 -7.9606E+16 -6.8084E+17  0.0000E+00  0.0000E+00 -8.0256E+04 -2.7853E+05  5.5026E-17  1.5023E+21
  1.3950E+00  3.2249E+21  4.3942E+23  4.4487E+23  0.0000E+00 -5.4011E+21 -5.4314E+18 -4.6453E+19  0.0000E+00  0.0000E+00 -1.2829E+07 -7.3925E+07  1.9501E-16  1.0250E+23
  1.4260E+00  2.2003E+23  2.9981E+25  3.0353E+25  0.0000E+00 -3.6851E+23 -3.7058E+20 -3.1695E+21  0.0000E+00  0.0000E+00  2.7158E+08  4.6976E+09  1.6371E-16  6.9937E+24
  1.4570E+00  1.5012E+25  2.0456E+27  2.0710E+27  0.0000E+00 -2.5143E+25 -2.5284E+22 -2.1625E+23  0.0000E+00  0.0000E+00  3.4226E+09  2.2549E+11  1.1053E-16  4.7717E+26
  1.4880E+00  1.0243E+27  1.3957E+29  1.4130E+29  0.0000E+00 -1.7155E+27 -1.7251E+24 -1.4754E+25  0.0000E+00  0.0000E+00  6.2492E+11  1.2370E+12  1.3177E-17  3.2557E+28
  1.5000E+00  5.2522E+27  7.1566E+29  7.2455E+29  0.0000E+00 -8.7967E+27 -8.8461E+24 -7.5657E+25  0.0000E+00  0.0000E+00 -3.8655E+12  7.4767E+13  1.0853E-16  1.9218E+29
