 #  1.  time
 #  2.  Total Energy
 #  3.  Total dE/dt
 #  4.  Drive 1 term
 #  5.  Heat sources (nonlocal)
 #  6.  Collisional Dissipation
 #  7.  hyp_v dissipation
 #  8.  hyp_z dissipation
 #  9.  hyp_x/y dissipation
 #  10. nonlinearity
 #  11. [Poisson err]_z,vpar
 #  12. curvature + remaining terms (if any)
 #  13. (abs(10)+abs(11)+abs(12))/abs(4): test for conservation
 #  14. change in energy: (E(t)-E(t_last_energy_calc))/(dt*istep_energy)
#        1           2           3           4           5           6           7           8           9          10          11          12          13          14
  0.0000E+00  1.0218E-01 -1.5003E-01  0.0000E+00  0.0000E+00  4.9749E-07 -8.2357E-08 -1.5003E-01  0.0000E+00  0.0000E+00 -2.4980E-16 -2.7756E-17  0.0000E+00  5.2945E+00
  1.9300E-02  1.2805E-01  2.0676E+00  2.8769E+00  0.0000E+00 -7.2663E-01 -3.0717E-03 -7.9650E-02  0.0000E+00  0.0000E+00 -3.4694E-16  8.3267E-17  1.4954E-16  1.3403E+00
  3.8600E-02  2.3035E-01  1.0827E+01  1.2430E+01  0.0000E+00 -1.4719E+00 -5.3307E-03 -1.2484E-01  0.0000E+00  0.0000E+00 -6.6613E-16  3.8858E-16  8.4855E-17  5.3002E+00
  5.7900E-02  6.3767E-01  3.6829E+01  4.0349E+01  0.0000E+00 -3.2565E+00 -1.0202E-02 -2.5301E-01  0.0000E+00  0.0000E+00  9.9920E-16 -5.5511E-15  1.6234E-16  2.1105E+01
  7.7200E-02  2.0676E+00  1.3215E+02  1.4238E+02  0.0000E+00 -9.5721E+00 -3.0242E-02 -6.2533E-01  0.0000E+00  0.0000E+00 -6.6613E-16  5.3291E-15  4.2106E-17  7.4092E+01
  9.6500E-02  7.1344E+00  4.5825E+02  4.9228E+02  0.0000E+00 -3.2092E+01 -1.0140E-01 -1.8418E+00  0.0000E+00  0.0000E+00 -7.7716E-15  1.1013E-13  2.3951E-16  2.6253E+02
  1.1580E-01  2.4978E+01  1.6320E+03  1.7498E+03  0.0000E+00 -1.1134E+02 -3.5208E-01 -6.0451E+00  0.0000E+00  0.0000E+00  1.3323E-14  7.1054E-14  4.8222E-17  9.2453E+02
  1.3510E-01  8.7804E+01  5.7240E+03  6.1371E+03  0.0000E+00 -3.9101E+02 -1.2340E+00 -2.0847E+01  0.0000E+00  0.0000E+00  7.1054E-14 -1.2506E-12  2.1535E-16  3.2553E+03
  1.5440E-01  3.0919E+02  2.0162E+04  2.1616E+04  0.0000E+00 -1.3761E+03 -4.3414E+00 -7.3059E+01  0.0000E+00  0.0000E+00 -4.8317E-13 -1.9327E-12  1.1176E-16  1.1471E+04
  1.7370E-01  1.0871E+03  7.0850E+04  7.5966E+04  0.0000E+00 -4.8427E+03 -1.5286E+01 -2.5718E+02  0.0000E+00  0.0000E+00 -1.5348E-12  1.5916E-11  2.2972E-16  4.0304E+04
  1.9300E-01  3.8217E+03  2.4910E+05  2.6709E+05  0.0000E+00 -1.7030E+04 -5.3773E+01 -9.0586E+02  0.0000E+00  0.0000E+00 -4.4338E-12 -4.0018E-11  1.6643E-16  1.4169E+05
  2.1230E-01  1.3443E+04  8.7691E+05  9.4016E+05  0.0000E+00 -5.9876E+04 -1.8903E+02 -3.1891E+03  0.0000E+00  0.0000E+00 -5.0477E-11  0.0000E+00  5.3689E-17  4.9852E+05
  2.3160E-01  4.7331E+04  3.0893E+06  3.3119E+06  0.0000E+00 -2.1067E+05 -6.6472E+02 -1.1224E+04  0.0000E+00  0.0000E+00 -3.0923E-11 -1.3097E-10  4.8882E-17  1.7559E+06
  2.5090E-01  1.6673E+05  1.0885E+07  1.1669E+07  0.0000E+00 -7.4182E+05 -2.3396E+03 -3.9512E+04  0.0000E+00  0.0000E+00  1.6735E-10 -6.4028E-10  6.9211E-17  6.1867E+06
  2.7020E-01  5.8743E+05  3.8350E+07  4.1111E+07  0.0000E+00 -2.6132E+06 -8.2402E+03 -1.3916E+05  0.0000E+00  0.0000E+00 -2.3574E-09 -3.7253E-09  1.4796E-16  2.1798E+07
  2.8950E-01  2.0694E+06  1.3508E+08  1.4481E+08  0.0000E+00 -9.2063E+06 -2.9029E+04 -4.9022E+05  0.0000E+00  0.0000E+00 -1.2922E-08 -3.3528E-08  3.2076E-16  7.6785E+07
  3.0880E-01  7.2892E+06  4.7580E+08  5.1006E+08  0.0000E+00 -3.2431E+07 -1.0226E+05 -1.7270E+06  0.0000E+00  0.0000E+00  1.1176E-08  2.2352E-08  6.5732E-17  2.7046E+08
  3.2810E-01  2.5675E+07  1.6759E+09  1.7966E+09  0.0000E+00 -1.1423E+08 -3.6023E+05 -6.0839E+06  0.0000E+00  0.0000E+00 -8.7544E-08  8.9407E-08  9.8493E-17  9.5263E+08
  3.4740E-01  9.0434E+07  5.9030E+09  6.3280E+09  0.0000E+00 -4.0236E+08 -1.2688E+06 -2.1430E+07  0.0000E+00  0.0000E+00  2.4587E-07 -2.1756E-06  3.8265E-16  3.3554E+09
  3.6670E-01  3.1853E+08  2.0792E+10  2.2289E+10  0.0000E+00 -1.4172E+09 -4.4692E+06 -7.5484E+07  0.0000E+00  0.0000E+00 -1.0133E-06 -5.0068E-06  2.7009E-16  1.1819E+10
  3.8600E-01  1.1220E+09  7.3234E+10  7.8507E+10  0.0000E+00 -4.9919E+09 -1.5742E+07 -2.6587E+08  0.0000E+00  0.0000E+00 -8.9407E-06  8.1062E-06  2.1714E-16  4.1628E+10
  4.0530E-01  3.9518E+09  2.5795E+11  2.7652E+11  0.0000E+00 -1.7583E+10 -5.5446E+07 -9.3647E+08  0.0000E+00  0.0000E+00 -1.1921E-05 -4.9591E-05  2.2245E-16  1.4662E+11
  4.2460E-01  1.3919E+10  9.0856E+11  9.7398E+11  0.0000E+00 -6.1930E+10 -1.9530E+08 -3.2985E+09  0.0000E+00  0.0000E+00 -5.2452E-06  0.0000E+00  5.3853E-18  5.1645E+11
  4.4390E-01  4.9027E+10  3.2002E+12  3.4306E+12  0.0000E+00 -2.1813E+11 -6.8788E+08 -1.1618E+10  0.0000E+00  0.0000E+00 -3.2043E-04  6.5613E-04  2.8466E-16  1.8191E+12
  4.6320E-01  1.7269E+11  1.1272E+13  1.2083E+13  0.0000E+00 -7.6832E+11 -2.4229E+09 -4.0922E+10  0.0000E+00  0.0000E+00  1.2207E-04  7.9346E-04  7.5767E-17  6.4072E+12
  4.8250E-01  6.0824E+11  3.9702E+13  4.2561E+13  0.0000E+00 -2.7062E+12 -8.5340E+09 -1.4414E+11  0.0000E+00  0.0000E+00 -2.8992E-03  1.1475E-02  3.3772E-16  2.2568E+13
  5.0180E-01  2.1424E+12  1.3984E+14  1.4991E+14  0.0000E+00 -9.5320E+12 -3.0059E+10 -5.0768E+11  0.0000E+00  0.0000E+00 -2.8687E-03  1.0742E-02  9.0794E-17  7.9489E+13
  5.2110E-01  7.5460E+12  4.9255E+14  5.2802E+14  0.0000E+00 -3.3574E+13 -1.0587E+11 -1.7882E+12  0.0000E+00  0.0000E+00 -1.2207E-03  3.9062E-03  9.7098E-18  2.7998E+14
  5.4040E-01  2.6579E+13  1.7349E+15  1.8598E+15  0.0000E+00 -1.1826E+14 -3.7292E+11 -6.2984E+12  0.0000E+00  0.0000E+00 -2.1484E-01  1.4062E-01  1.9113E-16  9.8615E+14
  5.5970E-01  9.3617E+13  6.1107E+15  6.5507E+15  0.0000E+00 -4.1653E+14 -1.3135E+12 -2.2185E+13  0.0000E+00  0.0000E+00 -7.8906E-01 -1.2500E-01  1.3954E-16  3.4735E+15
  5.7900E-01  3.2974E+14  2.1523E+16  2.3073E+16  0.0000E+00 -1.4671E+15 -4.6265E+12 -7.8140E+13  0.0000E+00  0.0000E+00 -6.4062E-01 -2.2500E+00  1.2528E-16  1.2234E+16
  5.9830E-01  1.1614E+15  7.5810E+16  8.1269E+16  0.0000E+00 -5.1675E+15 -1.6296E+13 -2.7523E+14  0.0000E+00  0.0000E+00 -5.3125E-01  6.5312E+00  8.6902E-17  4.3093E+16
  6.1760E-01  4.0908E+15  2.6702E+17  2.8625E+17  0.0000E+00 -1.8201E+16 -5.7397E+13 -9.6942E+14  0.0000E+00  0.0000E+00  2.7500E+00  4.6000E+01  1.7031E-16  1.5178E+17
  6.3690E-01  1.4409E+16  9.4052E+17  1.0082E+18  0.0000E+00 -6.4109E+16 -2.0217E+14 -3.4145E+15  0.0000E+00  0.0000E+00  4.0000E+00 -8.0000E+00  1.1902E-17  5.3462E+17
  6.5620E-01  5.0752E+16  3.3127E+18  3.5513E+18  0.0000E+00 -2.2581E+17 -7.1208E+14 -1.2027E+16  0.0000E+00  0.0000E+00  1.4000E+01  7.3600E+02  2.1119E-16  1.8831E+18
  6.7550E-01  1.7876E+17  1.1668E+19  1.2508E+19  0.0000E+00 -7.9535E+17 -2.5081E+15 -4.2361E+16  0.0000E+00  0.0000E+00 -1.0400E+03  2.5600E+03  2.8780E-16  6.6326E+18
  6.9480E-01  6.2964E+17  4.1099E+19  4.4058E+19  0.0000E+00 -2.8014E+18 -8.8342E+15 -1.4921E+17  0.0000E+00  0.0000E+00 -3.1680E+03  5.6320E+03  1.9974E-16  2.3362E+19
  7.1410E-01  2.2177E+18  1.4476E+20  1.5518E+20  0.0000E+00 -9.8673E+18 -3.1116E+16 -5.2555E+17  0.0000E+00  0.0000E+00 -3.3920E+03  3.4816E+04  2.4621E-16  8.2285E+19
  7.3340E-01  7.8114E+18  5.0988E+20  5.4659E+20  0.0000E+00 -3.4755E+19 -1.0960E+17 -1.8511E+18  0.0000E+00  0.0000E+00 -1.9968E+04 -7.3728E+04  1.7142E-16  2.8983E+20
  7.5270E-01  2.7514E+19  1.7959E+21  1.9252E+21  0.0000E+00 -1.2242E+20 -3.8603E+17 -6.5200E+18  0.0000E+00  0.0000E+00 -1.2595E+05 -4.9152E+04  9.0952E-17  1.0208E+21
  7.7200E-01  9.6910E+19  6.3257E+21  6.7812E+21  0.0000E+00 -4.3118E+20 -1.3597E+18 -2.2965E+19  0.0000E+00  0.0000E+00 -4.6694E+05 -3.9322E+05  1.2685E-16  3.5957E+21
  7.9130E-01  3.4134E+20  2.2281E+22  2.3885E+22  0.0000E+00 -1.5187E+21 -4.7892E+18 -8.0889E+19  0.0000E+00  0.0000E+00 -2.1463E+06 -3.9322E+05  1.0632E-16  1.2665E+22
  8.1060E-01  1.2023E+21  7.8477E+22  8.4129E+22  0.0000E+00 -5.3493E+21 -1.6869E+19 -2.8491E+20  0.0000E+00  0.0000E+00 -2.9819E+06 -1.0158E+06  4.7519E-17  4.4609E+22
  8.2990E-01  4.2348E+21  2.7642E+23  2.9632E+23  0.0000E+00 -1.8842E+22 -5.9416E+19 -1.0035E+21  0.0000E+00  0.0000E+00  7.4711E+06 -1.0276E+08  3.7200E-16  1.5712E+23
  8.4920E-01  1.4916E+22  9.7361E+23  1.0437E+24  0.0000E+00 -6.6365E+22 -2.0928E+20 -3.5347E+21  0.0000E+00  0.0000E+00  9.4372E+06 -1.0905E+08  1.1353E-16  5.5343E+23
  8.6850E-01  5.2537E+22  3.4293E+24  3.6762E+24  0.0000E+00 -2.3375E+23 -7.3713E+20 -1.2450E+22  0.0000E+00  0.0000E+00  1.7406E+08 -1.5099E+08  8.8422E-17  1.9493E+24
  8.8780E-01  1.8505E+23  1.2079E+25  1.2949E+25  0.0000E+00 -8.2334E+23 -2.5964E+21 -4.3852E+22  0.0000E+00  0.0000E+00 -7.6336E+08  2.8186E+09  2.7663E-16  6.8659E+24
  9.0710E-01  6.5179E+23  4.2545E+25  4.5608E+25  0.0000E+00 -2.9000E+24 -9.1450E+21 -1.5446E+23  0.0000E+00  0.0000E+00  7.0464E+08 -2.9528E+09  8.0193E-17  2.4183E+25
  9.2640E-01  2.2958E+24  1.4985E+26  1.6064E+26  0.0000E+00 -1.0214E+25 -3.2211E+22 -5.4404E+23  0.0000E+00  0.0000E+00 -8.7242E+09  2.5770E+10  2.1472E-16  8.5180E+25
  9.4570E-01  8.0863E+24  5.2782E+26  5.6582E+26  0.0000E+00 -3.5978E+25 -1.1346E+23 -1.9162E+24  0.0000E+00  0.0000E+00 -1.2348E+10 -8.1604E+10  1.6605E-16  3.0003E+26
  9.6500E-01  2.8482E+25  1.8591E+27  1.9930E+27  0.0000E+00 -1.2672E+26 -3.9962E+23 -6.7494E+24  0.0000E+00  0.0000E+00 -2.3300E+11  1.7072E+11  2.0258E-16  1.0568E+27
  9.8430E-01  1.0032E+26  6.5482E+27  7.0197E+27  0.0000E+00 -4.4635E+26 -1.4075E+24 -2.3773E+25  0.0000E+00  0.0000E+00  3.1353E+11  5.4976E+11  1.2298E-16  3.7222E+27
  1.0036E+00  3.5335E+26  2.3064E+28  2.4725E+28  0.0000E+00 -1.5722E+27 -4.9577E+24 -8.3735E+25  0.0000E+00  0.0000E+00 -2.3193E+12  1.0995E+12  1.3827E-16  1.3110E+28
  1.0229E+00  1.2446E+27  8.1239E+28  8.7089E+28  0.0000E+00 -5.5375E+27 -1.7462E+25 -2.9493E+26  0.0000E+00  0.0000E+00 -2.9893E+12  2.0375E+13  2.6829E-16  4.6178E+28
  1.0422E+00  4.3838E+27  2.8614E+29  3.0675E+29  0.0000E+00 -1.9505E+28 -6.1507E+25 -1.0388E+27  0.0000E+00  0.0000E+00 -6.0473E+12 -3.7383E+13  1.4158E-16  1.6265E+29
  1.0615E+00  1.5441E+28  1.0079E+30  1.0804E+30  0.0000E+00 -6.8700E+28 -2.1664E+26 -3.6590E+27  0.0000E+00  0.0000E+00  0.0000E+00  3.5184E+13  3.2565E-17  5.7290E+29
  1.0808E+00  5.4386E+28  3.5499E+30  3.8056E+30  0.0000E+00 -2.4198E+29 -7.6307E+26 -1.2888E+28  0.0000E+00  0.0000E+00 -1.9571E+14 -2.8147E+14  1.2539E-16  2.0179E+30
  1.1001E+00  1.9156E+29  1.2504E+31  1.3404E+31  0.0000E+00 -8.5230E+29 -2.6877E+27 -4.5395E+28  0.0000E+00  0.0000E+00 -2.7268E+14  1.0555E+15  9.9089E-17  7.1075E+30
  1.1194E+00  6.7472E+29  4.4041E+31  4.7213E+31  0.0000E+00 -3.0020E+30 -9.4668E+27 -1.5989E+29  0.0000E+00  0.0000E+00 -4.0814E+15 -2.5333E+15  1.4010E-16  2.5034E+31
  1.1387E+00  6.5009E+00  4.2433E+02  4.5489E+02  0.0000E+00 -2.8924E+01 -9.1211E-02 -1.5405E+00  0.0000E+00  0.0000E+00  4.6629E-15 -3.9080E-14  9.6162E-17 -3.4960E+31
  1.1580E+00  2.2898E+01  1.4946E+03  1.6022E+03  0.0000E+00 -1.0188E+02 -3.2127E-01 -5.4261E+00  0.0000E+00  0.0000E+00 -1.0036E-13  1.2790E-13  1.4247E-16  8.4957E+02
  1.1773E+00  8.0651E+01  5.2644E+03  5.6434E+03  0.0000E+00 -3.5884E+02 -1.1316E+00 -1.9112E+01  0.0000E+00  0.0000E+00 -4.1567E-13 -7.6739E-13  2.0963E-16  2.9924E+03
  1.1966E+00  2.8407E+02  1.8542E+04  1.9878E+04  0.0000E+00 -1.2639E+03 -3.9857E+00 -6.7318E+01  0.0000E+00  0.0000E+00 -6.5370E-13 -2.0464E-12  1.3583E-16  1.0540E+04
  1.2159E+00  1.0006E+03  6.5311E+04  7.0014E+04  0.0000E+00 -4.4518E+03 -1.4039E+01 -2.3711E+02  0.0000E+00  0.0000E+00 -7.6739E-13 -1.6371E-11  2.4478E-16  3.7124E+04
  1.2352E+00  3.5243E+03  2.3004E+05  2.4661E+05  0.0000E+00 -1.5680E+04 -4.9448E+01 -8.3516E+02  0.0000E+00  0.0000E+00 -1.3983E-11  0.0000E+00  5.6704E-17  1.3076E+05
  1.2545E+00  1.2413E+04  8.1026E+05  8.6861E+05  0.0000E+00 -5.5230E+04 -1.7417E+02 -2.9416E+03  0.0000E+00  0.0000E+00  4.5475E-11 -1.0186E-10  1.6963E-16  4.6057E+05
  1.2738E+00  4.3723E+04  2.8539E+06  3.0594E+06  0.0000E+00 -1.9453E+05 -6.1346E+02 -1.0361E+04  0.0000E+00  0.0000E+00 -4.0200E-10  2.6193E-10  2.1701E-16  1.6223E+06
  1.2931E+00  1.5400E+05  1.0052E+07  1.0776E+07  0.0000E+00 -6.8520E+05 -2.1608E+03 -3.6495E+04  0.0000E+00  0.0000E+00 -1.3461E-09  4.2492E-09  5.1922E-16  5.7140E+06
  1.3124E+00  5.4244E+05  3.5407E+07  3.7956E+07  0.0000E+00 -2.4134E+06 -7.6107E+03 -1.2854E+05  0.0000E+00  0.0000E+00 -3.0268E-09  2.7940E-09  1.5335E-16  2.0126E+07
  1.3317E+00  1.9106E+06  1.2471E+08  1.3369E+08  0.0000E+00 -8.5007E+06 -2.6807E+04 -4.5276E+05  0.0000E+00  0.0000E+00  6.5193E-09  1.3039E-08  1.4629E-16  7.0889E+07
  1.3510E+00  6.7296E+06  4.3926E+08  4.7089E+08  0.0000E+00 -2.9942E+07 -9.4420E+04 -1.5947E+06  0.0000E+00  0.0000E+00  1.3970E-09 -1.0803E-07  2.3239E-16  2.4969E+08
  1.3703E+00  2.3703E+07  1.5472E+09  1.6586E+09  0.0000E+00 -1.0546E+08 -3.3257E+05 -5.6170E+06  0.0000E+00  0.0000E+00  5.5879E-09  8.9407E-08  5.7274E-17  8.7947E+08
  1.3896E+00  8.3489E+07  5.4496E+09  5.8420E+09  0.0000E+00 -3.7146E+08 -1.1714E+06 -1.9785E+07  0.0000E+00  0.0000E+00  2.9802E-08  8.9407E-08  2.0406E-17  3.0977E+09
  1.4089E+00  2.9407E+08  1.9195E+10  2.0577E+10  0.0000E+00 -1.3084E+09 -4.1260E+06 -6.9686E+07  0.0000E+00  0.0000E+00 -1.3709E-06  2.2650E-06  1.7670E-16  1.0911E+10
  1.4282E+00  1.0358E+09  6.7609E+10  7.2477E+10  0.0000E+00 -4.6085E+09 -1.4533E+07 -2.4545E+08  0.0000E+00  0.0000E+00 -4.0531E-06 -9.5367E-07  6.9081E-17  3.8431E+10
  1.4475E+00  3.6483E+09  2.3814E+11  2.5528E+11  0.0000E+00 -1.6232E+10 -5.1188E+07 -8.6454E+08  0.0000E+00  0.0000E+00 -1.0014E-05 -1.9073E-06  4.6697E-17  1.3536E+11
  1.4668E+00  1.2850E+10  8.3877E+11  8.9917E+11  0.0000E+00 -5.7174E+10 -1.8030E+08 -3.0451E+09  0.0000E+00  0.0000E+00 -3.1948E-05 -6.1035E-05  1.0341E-16  4.7678E+11
  1.4861E+00  4.5261E+10  2.9544E+12  3.1671E+12  0.0000E+00 -2.0138E+11 -6.3504E+08 -1.0726E+10  0.0000E+00  0.0000E+00 -1.8883E-04 -3.5095E-04  1.7043E-16  1.6793E+12
  1.5000E+00  1.1209E+11  7.3162E+12  7.8431E+12  0.0000E+00 -4.9870E+11 -1.5726E+09 -2.6561E+10  0.0000E+00  0.0000E+00 -7.6294E-04  4.2725E-04  1.5175E-16  1.6706E+14
