 #  1.  time
 #  2.  Total Energy
 #  3.  Total dE/dt
 #  4.  Drive 1 term
 #  5.  Heat sources (nonlocal)
 #  6.  Collisional Dissipation
 #  7.  hyp_v dissipation
 #  8.  hyp_z dissipation
 #  9.  hyp_x/y dissipation
 #  10. nonlinearity
 #  11. [Poisson err]_z,vpar
 #  12. curvature + remaining terms (if any)
 #  13. (abs(10)+abs(11)+abs(12))/abs(4): test for conservation
 #  14. change in energy: (E(t)-E(t_last_energy_calc))/(dt*istep_energy)
#        1           2           3           4           5           6           7           8           9          10          11          12          13          14
  0.0000E+00  1.5333E-01 -3.9074E-02  0.0000E+00  0.0000E+00  6.1428E-05 -1.9237E-07 -3.9135E-02  0.0000E+00  0.0000E+00 -5.0654E-16 -1.3878E-17  0.0000E+00  3.7036E+00
  4.1400E-02  2.4935E+00  5.8867E+01  5.9740E+01  0.0000E+00 -7.8017E-01 -1.2631E-03 -9.0974E-02  0.0000E+00  0.0000E+00 -2.1094E-15 -8.2157E-15  1.7283E-16  5.6525E+01
  8.2800E-02  7.3987E+00  2.1398E+02  2.1948E+02  0.0000E+00 -5.3928E+00 -9.1437E-03 -9.4062E-02  0.0000E+00  0.0000E+00  1.0131E-15 -1.2421E-14  6.1208E-17  1.1848E+02
  1.2420E-01  2.8057E+01  1.0064E+03  1.0314E+03  0.0000E+00 -2.4947E+01 -3.4866E-02 -4.4774E-02  0.0000E+00  0.0000E+00 -3.4694E-15  6.7502E-14  6.8808E-17  4.9899E+02
  1.6560E-01  1.4273E+02  5.9703E+03  6.0874E+03  0.0000E+00 -1.1652E+02 -1.1640E-01 -4.0411E-01  0.0000E+00  0.0000E+00  2.8905E-13 -3.1269E-13  9.8851E-17  2.7698E+03
  2.0700E-01  8.4742E+02  3.7005E+04  3.7670E+04  0.0000E+00 -6.6044E+02 -4.9408E-01 -3.6819E+00  0.0000E+00  0.0000E+00  7.7893E-13 -2.8422E-12  9.6127E-17  1.7022E+04
  2.4840E-01  5.0893E+03  2.1719E+05  2.2134E+05  0.0000E+00 -4.1318E+03 -2.8325E+00 -1.8879E+01  0.0000E+00  0.0000E+00  6.3132E-12 -1.5461E-11  9.8376E-17  1.0246E+05
  2.8980E-01  2.8540E+04  1.1581E+06  1.1828E+06  0.0000E+00 -2.4637E+04 -1.7091E+01 -9.7065E+01  0.0000E+00  0.0000E+00  2.0464E-12  1.2369E-10  1.0630E-16  5.6644E+05
  3.3120E-01  1.4619E+05  5.6114E+06  5.7443E+06  0.0000E+00 -1.3221E+05 -9.4521E+01 -5.8849E+02  0.0000E+00  0.0000E+00  2.4386E-10 -8.7311E-11  5.7652E-17  2.8419E+06
  3.7260E-01  6.8593E+05  2.4924E+07  2.5567E+07  0.0000E+00 -6.3873E+05 -4.6892E+02 -3.7024E+03  0.0000E+00  0.0000E+00  1.3833E-09 -2.0955E-09  1.3607E-16  1.3037E+07
  4.1400E-01  2.9619E+06  1.0173E+08  1.0457E+08  0.0000E+00 -2.8156E+06 -2.1139E+03 -2.1507E+04  0.0000E+00  0.0000E+00  3.5288E-09  5.1223E-09  8.2731E-17  5.4974E+07
  4.5540E-01  1.1767E+07  3.8017E+08  3.9169E+08  0.0000E+00 -1.1401E+07 -8.7544E+03 -1.1189E+05  0.0000E+00  0.0000E+00 -2.1682E-09  6.5193E-08  1.7198E-16  2.1270E+08
  4.9680E-01  4.2994E+07  1.3055E+09  1.3484E+09  0.0000E+00 -4.2365E+07 -3.3315E+04 -5.2609E+05  0.0000E+00  0.0000E+00  2.9686E-08 -6.7055E-08  7.1746E-17  7.5427E+08
  5.3820E-01  1.4721E+08  4.3329E+09  4.4808E+09  0.0000E+00 -1.4557E+08 -1.1654E+05 -2.2664E+06  0.0000E+00  0.0000E+00  2.2352E-07  3.2783E-07  1.2304E-16  2.5173E+09
  5.7960E-01  5.1569E+08  1.6504E+10  1.7006E+10  0.0000E+00 -4.9224E+08 -3.8857E+05 -8.9713E+06  0.0000E+00  0.0000E+00  1.7323E-07  1.9073E-06  1.2234E-16  8.9004E+09
  6.2100E-01  2.2412E+09  8.8586E+10  9.0588E+10  0.0000E+00 -1.9679E+09 -1.4274E+06 -3.2468E+07  0.0000E+00  0.0000E+00 -8.7172E-07 -1.8358E-05  2.1228E-16  4.1679E+10
  6.6240E-01  1.3342E+10  6.1148E+11  6.2263E+11  0.0000E+00 -1.1039E+10 -7.1915E+06 -1.0814E+08  0.0000E+00  0.0000E+00 -1.2338E-05  2.8610E-05  6.5766E-17  2.6814E+11
  7.0380E-01  9.2499E+10  4.3515E+12  4.4286E+12  0.0000E+00 -7.6673E+10 -4.8133E+07 -3.5653E+08  0.0000E+00  0.0000E+00  5.0664E-06  0.0000E+00  1.1440E-18  1.9120E+12
  7.4520E-01  6.3321E+11  2.8935E+13  2.9476E+13  0.0000E+00 -5.3913E+11 -3.4278E+08 -1.4446E+09  0.0000E+00  0.0000E+00  5.2929E-04  6.7749E-03  2.4780E-16  1.3061E+13
  7.8660E-01  4.0313E+12  1.7624E+14  1.7979E+14  0.0000E+00 -3.5370E+12 -2.3073E+09 -8.5219E+09  0.0000E+00  0.0000E+00  2.5692E-03 -3.0273E-02  1.8268E-16  8.2079E+13
  8.2800E-01  2.3614E+13  9.8502E+14  1.0064E+15  0.0000E+00 -2.1321E+13 -1.4275E+10 -6.1204E+10  0.0000E+00  0.0000E+00  4.0512E-02  7.8125E-02  1.1788E-16  4.7300E+14
  8.6940E-01  1.2755E+14  5.0770E+15  5.1959E+15  0.0000E+00 -1.1838E+14 -8.1166E+10 -4.3420E+11  0.0000E+00  0.0000E+00 -3.5889E-02  5.4688E-01  1.1216E-16  2.5105E+15
  9.1080E-01  6.3787E+14  2.4233E+16  2.4845E+16  0.0000E+00 -6.0834E+14 -4.2616E+11 -2.8378E+12  0.0000E+00  0.0000E+00 -1.4746E-01 -6.5000E+00  2.6756E-16  1.2327E+16
  9.5220E-01  2.9646E+15  1.0752E+17  1.1044E+17  0.0000E+00 -2.9070E+15 -2.0754E+12 -1.6931E+13  0.0000E+00  0.0000E+00  3.1836E+00 -1.3000E+01  1.4653E-16  5.6201E+16
  9.9360E-01  1.2864E+16  4.4632E+17  4.5941E+17  0.0000E+00 -1.2982E+16 -9.4131E+12 -9.2609E+13  0.0000E+00  0.0000E+00  8.2188E+00 -5.0000E+01  1.2673E-16  2.3913E+17
  1.0350E+00  5.2644E+16  1.7632E+18  1.8184E+18  0.0000E+00 -5.4676E+16 -4.0021E+13 -4.6664E+14  0.0000E+00  0.0000E+00  2.3938E+01  5.2800E+02  3.0353E-16  9.6086E+17
  1.0764E+00  2.0838E+17  6.9209E+18  7.1449E+18  0.0000E+00 -2.2170E+17 -1.6191E+14 -2.1732E+15  0.0000E+00  0.0000E+00 -3.3375E+02  3.1975E+02  9.1464E-17  3.7616E+18
  1.1178E+00  8.4397E+17  2.9333E+19  3.0249E+19  0.0000E+00 -9.0501E+17 -6.4602E+14 -9.3803E+15  0.0000E+00  0.0000E+00 -4.8200E+02 -2.2400E+03  8.9988E-17  1.5353E+19
  1.1592E+00  3.8141E+18  1.4644E+20  1.5048E+20  0.0000E+00 -4.0018E+18 -2.7242E+15 -3.7757E+16  0.0000E+00  0.0000E+00 -5.1840E+03 -7.6800E+02  3.9553E-17  7.1742E+19
  1.2006E+00  2.0328E+19  8.5929E+20  8.7985E+20  0.0000E+00 -2.0405E+19 -1.3167E+16 -1.4453E+17  0.0000E+00  0.0000E+00  1.6320E+04  1.2288E+04  3.2515E-17  3.9889E+20
  1.2420E+00  1.2275E+20  5.4305E+21  5.5497E+21  0.0000E+00 -1.1858E+20 -7.4282E+16 -5.5541E+17  0.0000E+00  0.0000E+00 -7.4048E+04  1.9667E+05  4.8781E-17  2.4740E+21
  1.2834E+00  7.7065E+20  3.4130E+22  3.4864E+22  0.0000E+00 -7.3123E+20 -4.5786E+17 -2.3789E+18  0.0000E+00  0.0000E+00 -5.5501E+05  3.1457E+06  1.0615E-16  1.5650E+22
  1.3248E+00  4.7345E+21  2.0516E+23  2.0966E+23  0.0000E+00 -4.4873E+21 -2.8528E+18 -1.2447E+19  0.0000E+00  0.0000E+00  7.0451E+05  1.1010E+07  5.5873E-17  9.5744E+22
  1.3662E+00  2.7710E+22  1.1644E+24  1.1910E+24  0.0000E+00 -2.6494E+22 -1.7180E+19 -7.6782E+19  0.0000E+00  0.0000E+00 -4.0468E+06 -8.3902E+07  7.3847E-17  5.5497E+23
  1.4076E+00  1.5330E+23  6.2301E+24  6.3793E+24  0.0000E+00 -1.4863E+23 -9.8246E+19 -4.9906E+20  0.0000E+00  0.0000E+00 -1.9458E+08  7.2149E+08  1.4360E-16  3.0335E+24
  1.4490E+00  8.0181E+23  3.1532E+25  3.2326E+25  0.0000E+00 -7.9072E+23 -5.3135E+20 -3.1615E+21  0.0000E+00  0.0000E+00  1.7092E+08 -5.3687E+08  2.1895E-17  1.5665E+25
  1.4904E+00  3.9822E+24  1.5193E+26  1.5595E+26  0.0000E+00 -4.0010E+24 -2.7232E+21 -1.8926E+22  0.0000E+00  0.0000E+00 -7.6756E+08 -1.0737E+10  7.3772E-17  7.6821E+25
  1.5000E+00  5.7363E+24  2.1746E+26  2.2328E+26  0.0000E+00 -5.7892E+24 -3.9495E+21 -2.8398E+22  0.0000E+00  0.0000E+00  7.5497E+08  4.5097E+10  2.0536E-16  2.2489E+26
