 #  1.  time
 #  2.  Total Energy
 #  3.  Total dE/dt
 #  4.  Drive 1 term
 #  5.  Heat sources (nonlocal)
 #  6.  Collisional Dissipation
 #  7.  hyp_v dissipation
 #  8.  hyp_z dissipation
 #  9.  hyp_x/y dissipation
 #  10. nonlinearity
 #  11. [Poisson err]_z,vpar
 #  12. curvature + remaining terms (if any)
 #  13. (abs(10)+abs(11)+abs(12))/abs(4): test for conservation
 #  14. change in energy: (E(t)-E(t_last_energy_calc))/(dt*istep_energy)
#        1           2           3           4           5           6           7           8           9          10          11          12          13          14
  0.0000E+00  1.0196E-01 -2.2047E-01  0.0000E+00  0.0000E+00 -9.2352E-08 -8.1982E-08 -2.2047E-01  0.0000E+00  0.0000E+00 -1.6653E-16 -2.7756E-17  0.0000E+00  7.6089E+00
  1.3400E-02  1.0201E-01  2.4483E-01  1.3630E+00  0.0000E+00 -1.0015E+00 -4.5630E-03 -1.1216E-01  0.0000E+00  0.0000E+00 -2.2204E-16 -1.1102E-16  2.4436E-16  3.7754E-03
  2.6800E-02  1.1900E-01  3.3421E+00  4.9505E+00  0.0000E+00 -1.4577E+00 -5.6506E-03 -1.4502E-01  0.0000E+00  0.0000E+00 -6.3838E-16 -8.3267E-16  2.9715E-16  1.2677E+00
  4.0200E-02  2.0938E-01  1.0427E+01  1.2475E+01  0.0000E+00 -1.8847E+00 -6.0121E-03 -1.5720E-01  0.0000E+00  0.0000E+00 -1.8319E-15  1.4155E-15  2.6032E-16  6.7453E+00
  5.3600E-02  4.7629E-01  3.2453E+01  3.6029E+01  0.0000E+00 -3.3608E+00 -9.8366E-03 -2.0572E-01  0.0000E+00  0.0000E+00 -1.3878E-15 -6.5226E-15  2.1955E-16  1.9918E+01
  6.7000E-02  1.2205E+00  8.9292E+01  9.7540E+01  0.0000E+00 -7.7831E+00 -2.1971E-02 -4.4270E-01  0.0000E+00  0.0000E+00  2.8311E-15 -5.9397E-15  8.9920E-17  5.5537E+01
  8.0400E-02  3.2957E+00  2.4586E+02  2.6732E+02  0.0000E+00 -2.0183E+01 -5.5909E-02 -1.2253E+00  0.0000E+00  0.0000E+00 -3.5749E-14  4.2188E-15  1.4951E-16  1.5487E+02
  9.3800E-02  9.0019E+00  6.7785E+02  7.3591E+02  0.0000E+00 -5.4489E+01 -1.5010E-01 -3.4209E+00  0.0000E+00  0.0000E+00 -7.0166E-14  4.7073E-14  1.5931E-16  4.2584E+02
  1.0720E-01  2.4690E+01  1.8604E+03  2.0192E+03  0.0000E+00 -1.4905E+02 -4.0983E-01 -9.3899E+00  0.0000E+00  0.0000E+00 -1.9185E-13  3.7481E-13  2.8063E-16  1.1707E+03
  1.2060E-01  6.7789E+01  5.1139E+03  5.5497E+03  0.0000E+00 -4.0888E+02 -1.1242E+00 -2.5722E+01  0.0000E+00  0.0000E+00  1.4211E-14 -9.0949E-13  1.6644E-16  3.2164E+03
  1.3400E-01  1.8618E+02  1.4043E+04  1.5239E+04  0.0000E+00 -1.1228E+03 -3.0868E+00 -7.0573E+01  0.0000E+00  0.0000E+00  8.6686E-13 -4.0075E-12  3.1985E-16  8.8351E+03
  1.4740E-01  5.1140E+02  3.8581E+04  4.1867E+04  0.0000E+00 -3.0839E+03 -8.4780E+00 -1.9380E+02  0.0000E+00  0.0000E+00 -2.8422E-14  5.1159E-13  1.2898E-17  2.4270E+04
  1.6080E-01  1.4047E+03  1.0597E+05  1.1499E+05  0.0000E+00 -8.4708E+03 -2.3287E+01 -5.3231E+02  0.0000E+00  0.0000E+00 -1.0573E-11 -1.0004E-11  1.7894E-16  6.6663E+04
  1.7420E-01  3.8585E+03  2.9109E+05  3.1588E+05  0.0000E+00 -2.3268E+04 -6.3965E+01 -1.4622E+03  0.0000E+00  0.0000E+00 -1.0914E-11  5.5024E-11  2.0874E-16  1.8312E+05
  1.8760E-01  1.0599E+04  7.9957E+05  8.6768E+05  0.0000E+00 -6.3913E+04 -1.7570E+02 -4.0163E+03  0.0000E+00  0.0000E+00 -4.5475E-11  6.7303E-11  1.2998E-16  5.0300E+05
  2.0100E-01  2.9113E+04  2.1963E+06  2.3834E+06  0.0000E+00 -1.7556E+05 -4.8263E+02 -1.1032E+04  0.0000E+00  0.0000E+00  6.1846E-11 -4.0018E-11  4.2739E-17  1.3816E+06
  2.1440E-01  7.9968E+04  6.0329E+06  6.5467E+06  0.0000E+00 -4.8223E+05 -1.3257E+03 -3.0303E+04  0.0000E+00  0.0000E+00 -2.1100E-10  1.0514E-09  1.9283E-16  3.7951E+06
  2.2780E-01  2.1966E+05  1.6571E+07  1.7983E+07  0.0000E+00 -1.3246E+06 -3.6415E+03 -8.3238E+04  0.0000E+00  0.0000E+00  3.2014E-10 -1.5134E-09  1.0196E-16  1.0425E+07
  2.4120E-01  6.0337E+05  4.5519E+07  4.9396E+07  0.0000E+00 -3.6385E+06 -1.0003E+04 -2.2864E+05  0.0000E+00  0.0000E+00 -3.4051E-09 -4.5693E-09  1.6144E-16  2.8635E+07
  2.5460E-01  1.6573E+06  1.2503E+08  1.3568E+08  0.0000E+00 -9.9943E+06 -2.7475E+04 -6.2804E+05  0.0000E+00  0.0000E+00 -1.0477E-09 -1.8859E-08  1.4672E-16  7.8655E+07
  2.6800E-01  4.5525E+06  3.4345E+08  3.7270E+08  0.0000E+00 -2.7453E+07 -7.5470E+04 -1.7251E+06  0.0000E+00  0.0000E+00  9.7789E-09  8.1491E-08  2.4489E-16  2.1605E+08
  2.8140E-01  1.2505E+07  9.4339E+08  1.0237E+09  0.0000E+00 -7.5408E+07 -2.0730E+05 -4.7386E+06  0.0000E+00  0.0000E+00 -1.1362E-07 -1.6764E-08  1.2736E-16  5.9346E+08
  2.9480E-01  3.4349E+07  2.5913E+09  2.8121E+09  0.0000E+00 -2.0713E+08 -5.6943E+05 -1.3016E+07  0.0000E+00  0.0000E+00 -6.8918E-08 -3.5390E-08  3.7093E-17  1.6301E+09
  3.0820E-01  9.4351E+07  7.1180E+09  7.7243E+09  0.0000E+00 -5.6896E+08 -1.5641E+06 -3.5753E+07  0.0000E+00  0.0000E+00 -2.0117E-07  4.6939E-07  8.6811E-17  4.4777E+09
  3.2160E-01  2.5917E+08  1.9552E+10  2.1217E+10  0.0000E+00 -1.5628E+09 -4.2964E+06 -9.8209E+07  0.0000E+00  0.0000E+00  3.2783E-07 -4.9174E-07  3.8627E-17  1.2300E+10
  3.3500E-01  7.1189E+08  5.3706E+10  5.8280E+10  0.0000E+00 -4.2929E+09 -1.1802E+07 -2.6976E+08  0.0000E+00  0.0000E+00 -4.5896E-06 -7.2718E-06  2.0352E-16  3.3785E+10
  3.4840E-01  1.9554E+09  1.4752E+11  1.6009E+11  0.0000E+00 -1.1792E+10 -3.2417E+07 -7.4100E+08  0.0000E+00  0.0000E+00 -1.3113E-05  2.5153E-05  2.3903E-16  9.2802E+10
  3.6180E-01  5.3713E+09  4.0522E+11  4.3973E+11  0.0000E+00 -3.2390E+10 -8.9044E+07 -2.0354E+09  0.0000E+00  0.0000E+00  1.3113E-05 -1.5736E-05  6.5605E-17  2.5491E+11
  3.7520E-01  1.4754E+10  1.1131E+12  1.2079E+12  0.0000E+00 -8.8971E+10 -2.4459E+08 -5.5909E+09  0.0000E+00  0.0000E+00  2.7657E-05 -2.1935E-04  2.0449E-16  7.0020E+11
  3.8860E-01  4.0527E+10  3.0574E+12  3.3178E+12  0.0000E+00 -2.4439E+11 -6.7185E+08 -1.5357E+10  0.0000E+00  0.0000E+00  1.9073E-05 -9.1171E-04  2.8054E-16  1.9233E+12
  4.0200E-01  1.1132E+11  8.3982E+12  9.1135E+12  0.0000E+00 -6.7129E+11 -1.8455E+09 -4.2184E+10  0.0000E+00  0.0000E+00 -1.8311E-04  8.9264E-04  1.1804E-16  5.2831E+12
  4.1540E-01  3.0578E+11  2.3068E+13  2.5033E+13  0.0000E+00 -1.8439E+12 -5.0692E+09 -1.1587E+11  0.0000E+00  0.0000E+00 -1.4496E-03 -1.0986E-03  1.0179E-16  1.4512E+13
  4.2880E-01  8.3992E+11  6.3365E+13  6.8763E+13  0.0000E+00 -5.0650E+12 -1.3924E+10 -3.1828E+11  0.0000E+00  0.0000E+00 -8.2397E-03  1.4221E-02  3.2664E-16  3.9862E+13
  4.4220E-01  2.3071E+12  1.7405E+14  1.8888E+14  0.0000E+00 -1.3913E+13 -3.8247E+10 -8.7427E+11  0.0000E+00  0.0000E+00  7.6904E-03 -1.6846E-02  1.2990E-16  1.0949E+14
  4.5560E-01  6.3373E+12  4.7810E+14  5.1882E+14  0.0000E+00 -3.8216E+13 -1.0506E+11 -2.4015E+12  0.0000E+00  0.0000E+00  1.9531E-02  1.6211E-01  3.5010E-16  3.0076E+14
  4.6900E-01  1.7408E+13  1.3133E+15  1.4251E+15  0.0000E+00 -1.0497E+14 -2.8858E+11 -6.5965E+12  0.0000E+00  0.0000E+00  4.1992E-02  1.7578E-01  1.5281E-16  8.2614E+14
  4.8240E-01  4.7816E+13  3.6073E+15  3.9146E+15  0.0000E+00 -2.8834E+14 -7.9268E+11 -1.8119E+13  0.0000E+00  0.0000E+00  2.1875E-01 -6.9531E-01  2.3350E-16  2.2693E+15
  4.8508E-01  5.8525E+13  4.4152E+15  4.7913E+15  0.0000E+00 -3.5292E+14 -9.7021E+11 -2.2177E+13  0.0000E+00  0.0000E+00 -3.2031E-01 -2.0703E-01  1.1006E-16  7.9916E+14
