 #  1.  time
 #  2.  Total Energy
 #  3.  Total dE/dt
 #  4.  Drive 1 term
 #  5.  Heat sources (nonlocal)
 #  6.  Collisional Dissipation
 #  7.  hyp_v dissipation
 #  8.  hyp_z dissipation
 #  9.  hyp_x/y dissipation
 #  10. nonlinearity
 #  11. [Poisson err]_z,vpar
 #  12. curvature + remaining terms (if any)
 #  13. (abs(10)+abs(11)+abs(12))/abs(4): test for conservation
 #  14. change in energy: (E(t)-E(t_last_energy_calc))/(dt*istep_energy)
#        1           2           3           4           5           6           7           8           9          10          11          12          13          14
  0.0000E+00  1.0209E-01 -1.4794E-01  0.0000E+00  0.0000E+00 -3.7194E-07 -8.2206E-08 -1.4794E-01  0.0000E+00  0.0000E+00 -3.0531E-16  0.0000E+00  0.0000E+00  5.0792E+00
  2.0100E-02  2.4511E-01  2.5340E+01  2.6303E+01  0.0000E+00 -8.9285E-01 -3.2638E-03 -6.6924E-02  0.0000E+00  0.0000E+00  7.3552E-16  1.0103E-14  4.1207E-16  7.1152E+00
  4.0200E-02  3.3026E+00  4.3148E+02  4.3985E+02  0.0000E+00 -8.0398E+00 -1.4581E-02 -3.1737E-01  0.0000E+00  0.0000E+00  3.6471E-14 -4.7962E-14  1.9196E-16  1.5212E+02
  6.0300E-02  4.7609E+01  6.3588E+03  6.4801E+03  0.0000E+00 -1.1677E+02 -2.2618E-01 -4.2997E+00  0.0000E+00  0.0000E+00  8.2601E-14  1.5632E-13  3.6870E-17  2.2043E+03
  8.0400E-02  7.0150E+02  9.3881E+04  9.5661E+04  0.0000E+00 -1.7119E+03 -3.3044E+00 -6.4734E+01  0.0000E+00  0.0000E+00  3.5811E-12 -1.1369E-11  1.5628E-16  3.2532E+04
  1.0050E-01  1.0334E+04  1.3834E+06  1.4097E+06  0.0000E+00 -2.5227E+04 -4.8746E+01 -9.5579E+02  0.0000E+00  0.0000E+00 -1.0004E-11 -3.6744E-10  2.6775E-16  4.7923E+05
  1.2060E-01  1.5228E+05  2.0388E+07  2.0774E+07  0.0000E+00 -3.7173E+05 -7.1824E+02 -1.4081E+04  0.0000E+00  0.0000E+00  9.6588E-10  1.2224E-09  1.0533E-16  7.0620E+06
  1.4070E-01  2.2443E+06  3.0047E+08  3.0617E+08  0.0000E+00 -5.4785E+06 -1.0585E+04 -2.0753E+05  0.0000E+00  0.0000E+00  9.9826E-09  4.0047E-08  1.6341E-16  1.0408E+08
  1.6080E-01  3.3076E+07  4.4281E+09  4.5121E+09  0.0000E+00 -8.0741E+07 -1.5600E+05 -3.0587E+06  0.0000E+00  0.0000E+00 -6.5193E-08 -6.7055E-07  1.6306E-16  1.5339E+09
  1.8090E-01  4.8746E+08  6.5261E+10  6.6498E+10  0.0000E+00 -1.1899E+09 -2.2990E+06 -4.5076E+07  0.0000E+00  0.0000E+00  5.2005E-06  1.4305E-06  9.9717E-17  2.2606E+10
  2.0100E-01  7.1840E+09  9.6179E+11  9.8003E+11  0.0000E+00 -1.7537E+10 -3.3882E+07 -6.6433E+08  0.0000E+00  0.0000E+00  2.6584E-05  6.8665E-05  9.7189E-17  3.3316E+11
  2.2110E-01  1.0588E+11  1.4175E+13  1.4443E+13  0.0000E+00 -2.5845E+11 -4.9935E+08 -9.7906E+09  0.0000E+00  0.0000E+00  1.2913E-03  1.3733E-03  1.8448E-16  4.9100E+12
  2.4120E-01  1.5604E+12  2.0890E+14  2.1286E+14  0.0000E+00 -3.8090E+12 -7.3592E+09 -1.4429E+11  0.0000E+00  0.0000E+00  1.3458E-02  5.3711E-03  8.8458E-17  7.2363E+13
  2.6130E-01  2.2996E+13  3.0787E+15  3.1371E+15  0.0000E+00 -5.6135E+13 -1.0846E+11 -2.1265E+12  0.0000E+00  0.0000E+00  1.1206E-01 -6.8774E-01  2.5495E-16  1.0665E+15
  2.8140E-01  3.3891E+14  4.5373E+16  4.6233E+16  0.0000E+00 -8.2730E+14 -1.5984E+12 -3.1340E+13  0.0000E+00  0.0000E+00  2.6094E+00  9.6250E+00  2.6462E-16  1.5717E+16
  3.0150E-01  4.9948E+15  6.6869E+17  6.8137E+17  0.0000E+00 -1.2193E+16 -2.3557E+13 -4.6188E+14  0.0000E+00  0.0000E+00  3.0125E+01  8.4000E+01  1.6749E-16  2.3163E+17
  3.2160E-01  7.3611E+16  9.8550E+18  1.0042E+19  0.0000E+00 -1.7969E+17 -3.4718E+14 -6.8070E+15  0.0000E+00  0.0000E+00  2.2900E+02  5.4400E+02  7.6978E-17  3.4138E+18
  3.4170E-01  1.0849E+18  1.4524E+20  1.4799E+20  0.0000E+00 -2.6482E+18 -5.1166E+15 -1.0032E+17  0.0000E+00  0.0000E+00  1.6960E+03 -4.1472E+04  2.9169E-16  5.0311E+19
  3.6180E-01  1.5988E+19  2.1405E+21  2.1811E+21  0.0000E+00 -3.9029E+19 -7.5407E+16 -1.4785E+18  0.0000E+00  0.0000E+00 -1.2288E+05  3.1949E+05  2.0282E-16  7.4146E+20
  3.8190E-01  2.3563E+20  3.1546E+22  3.2144E+22  0.0000E+00 -5.7519E+20 -1.1113E+18 -2.1789E+19  0.0000E+00  0.0000E+00  9.8304E+05  3.5389E+06  1.4068E-16  1.0927E+22
  4.0200E-01  3.4726E+21  4.6492E+23  4.7373E+23  0.0000E+00 -8.4770E+21 -1.6378E+19 -3.2112E+20  0.0000E+00  0.0000E+00  1.4418E+06 -5.2429E+07  1.1372E-16  1.6105E+23
  4.2210E-01  5.1179E+22  6.8518E+24  6.9817E+24  0.0000E+00 -1.2493E+23 -2.4138E+20 -4.7326E+21  0.0000E+00  0.0000E+00 -2.0972E+06  6.0398E+08  8.6810E-17  2.3734E+24
  4.4220E-01  7.5426E+23  1.0098E+26  1.0289E+26  0.0000E+00 -1.8412E+24 -3.5573E+21 -6.9748E+22  0.0000E+00  0.0000E+00  8.7242E+08 -1.3959E+10  1.4414E-16  3.4979E+25
  4.6230E-01  1.1116E+25  1.4882E+27  1.5164E+27  0.0000E+00 -2.7135E+25 -5.2427E+22 -1.0279E+24  0.0000E+00  0.0000E+00  1.1945E+10  1.2885E+11  9.2847E-17  5.1551E+26
  4.8240E-01  1.6382E+26  2.1933E+28  2.2348E+28  0.0000E+00 -3.9991E+26 -7.7265E+23 -1.5149E+25  0.0000E+00  0.0000E+00  2.0551E+12  4.1919E+12  2.7953E-16  7.5974E+27
  5.0250E-01  2.4144E+27  3.2324E+29  3.2936E+29  0.0000E+00 -5.8937E+27 -1.1387E+25 -2.2326E+26  0.0000E+00  0.0000E+00  6.1848E+11  4.3980E+12  1.5231E-17  1.1197E+29
  5.1054E-01  7.0824E+27  9.4818E+29  9.6616E+29  0.0000E+00 -1.7289E+28 -3.3403E+25 -6.5492E+26  0.0000E+00  0.0000E+00 -2.4739E+12  2.5948E+14  2.7113E-16  2.3224E+29
