 #  1.  time
 #  2.  Total Energy
 #  3.  Total dE/dt
 #  4.  Drive 1 term
 #  5.  Heat sources (nonlocal)
 #  6.  Collisional Dissipation
 #  7.  hyp_v dissipation
 #  8.  hyp_z dissipation
 #  9.  hyp_x/y dissipation
 #  10. nonlinearity
 #  11. [Poisson err]_z,vpar
 #  12. curvature + remaining terms (if any)
 #  13. (abs(10)+abs(11)+abs(12))/abs(4): test for conservation
 #  14. change in energy: (E(t)-E(t_last_energy_calc))/(dt*istep_energy)
#        1           2           3           4           5           6           7           8           9          10          11          12          13          14
  0.0000E+00  1.0414E-01 -2.4928E-01  0.0000E+00  0.0000E+00  5.3295E-06 -8.5886E-08 -2.4929E-01  0.0000E+00  0.0000E+00 -1.6653E-16  5.5511E-17  0.0000E+00  3.6928E+00
  2.8200E-02  1.9978E+00  2.7647E+02  2.7884E+02  0.0000E+00 -2.1076E+00 -3.2221E-03 -2.5986E-01  0.0000E+00  0.0000E+00  4.7740E-15 -1.2212E-14  6.0918E-17  6.7150E+01
  5.6400E-02  1.0290E+02  1.5813E+04  1.5916E+04  0.0000E+00 -9.4967E+01 -8.0668E-02 -8.1859E+00  0.0000E+00  0.0000E+00  6.9278E-14 -5.4001E-13  3.8281E-17  3.5780E+03
  8.4600E-02  5.7761E+03  7.8143E+05  7.8659E+05  0.0000E+00 -4.9764E+03 -4.7454E+00 -1.7728E+02  0.0000E+00  0.0000E+00  2.3391E-11  1.6644E-10  2.4133E-16  2.0118E+05
  1.1280E-01  3.7525E+05  5.5619E+07  5.5943E+07  0.0000E+00 -3.2005E+05 -3.0561E+02 -3.7992E+03  0.0000E+00  0.0000E+00  2.8026E-09  1.9213E-09  8.4442E-17  1.3102E+07
  1.4100E-01  3.4654E+07  5.3922E+09  5.4279E+09  0.0000E+00 -3.5312E+07 -2.8917E+04 -4.1608E+05  0.0000E+00  0.0000E+00  5.2212E-08  3.3522E-07  7.1377E-17  1.2156E+09
  1.6920E-01  3.2568E+09  5.9668E+11  6.0018E+11  0.0000E+00 -3.4463E+09 -2.8480E+06 -5.0573E+07  0.0000E+00  0.0000E+00  6.5416E-06  1.7405E-04  3.0089E-16  1.1426E+11
  1.9740E-01  4.7946E+11  8.3629E+13  8.4141E+13  0.0000E+00 -5.0536E+11 -4.0036E+08 -6.2182E+09  0.0000E+00  0.0000E+00 -7.7820E-04 -2.1484E-02  2.6459E-16  1.6887E+13
  2.2560E-01  9.2279E+13  1.8008E+16  1.8108E+16  0.0000E+00 -9.8608E+13 -7.7018E+10 -1.4290E+12  0.0000E+00  0.0000E+00  5.8179E-01 -4.1094E+00  2.5907E-16  3.2553E+15
  2.5380E-01  2.0403E+16  3.8160E+18  3.8389E+18  0.0000E+00 -2.2566E+16 -1.7673E+13 -3.1544E+14  0.0000E+00  0.0000E+00  6.8062E+01 -5.2400E+02  1.5423E-16  7.2023E+17
  2.8200E-01  4.1652E+18  7.9421E+20  7.9886E+20  0.0000E+00 -4.5802E+18 -3.5902E+15 -6.3826E+16  0.0000E+00  0.0000E+00  1.3832E+04 -1.8943E+05  2.5444E-16  1.4698E+20
  3.1020E-01  8.8488E+20  1.6773E+23  1.6872E+23  0.0000E+00 -9.6929E+20 -7.5364E+17 -1.3363E+19  0.0000E+00  0.0000E+00  8.2022E+06  1.2059E+07  1.2009E-16  3.1231E+22
  3.3840E-01  1.8951E+23  3.6177E+25  3.6388E+25  0.0000E+00 -2.0776E+23 -1.6175E+20 -2.9105E+21  0.0000E+00  0.0000E+00  1.7936E+09 -3.7581E+09  1.5257E-16  6.6890E+24
  3.6660E-01  4.0694E+25  7.7320E+27  7.7774E+27  0.0000E+00 -4.4711E+25 -3.4856E+22 -6.2316E+23  0.0000E+00  0.0000E+00  2.2830E+11 -3.2642E+11  7.1325E-17  1.4363E+27
  3.9480E-01  8.6646E+27  1.6489E+30  1.6585E+30  0.0000E+00 -9.5110E+27 -7.4136E+24 -1.3245E+26  0.0000E+00  0.0000E+00  8.5813E+13 -8.2463E+13  1.0146E-16  3.0581E+29
  4.2300E-01  3.0512E+00  5.8041E+02  5.8380E+02  0.0000E+00 -3.3482E+00 -2.6081E-03 -4.6614E-02  0.0000E+00  0.0000E+00  1.6362E-14 -1.7941E-13  3.3534E-16 -3.0725E+29
  4.5120E-01  6.5235E+02  1.2415E+05  1.2488E+05  0.0000E+00 -7.1598E+02 -5.5784E-01 -9.9808E+00  0.0000E+00  0.0000E+00  2.6823E-13 -1.8531E-11  1.5054E-16  2.3025E+04
  4.7940E-01  1.3946E+05  2.6530E+07  2.6685E+07  0.0000E+00 -1.5308E+05 -1.1928E+02 -2.1328E+03  0.0000E+00  0.0000E+00  8.6447E-10 -4.5984E-09  2.0472E-16  4.9221E+06
  5.0760E-01  2.9793E+07  5.6686E+09  5.7017E+09  0.0000E+00 -3.2700E+07 -2.5480E+04 -4.5556E+05  0.0000E+00  0.0000E+00  1.3167E-07  4.4703E-08  3.0932E-17  1.0515E+09
  5.3580E-01  6.3673E+09  1.2115E+12  1.2185E+12  0.0000E+00 -6.9886E+09 -5.4451E+06 -9.7363E+07  0.0000E+00  0.0000E+00  6.7487E-05  3.7998E-06  5.8502E-17  2.2474E+11
  5.6400E-01  1.3608E+12  2.5892E+14  2.6044E+14  0.0000E+00 -1.4936E+12 -1.1638E+09 -2.0811E+10  0.0000E+00  0.0000E+00  1.4225E-02  4.3213E-02  2.2055E-16  4.8031E+13
  5.9220E-01  2.9083E+14  5.5333E+16  5.5657E+16  0.0000E+00 -3.1921E+14 -2.4872E+11 -4.4474E+12  0.0000E+00  0.0000E+00  6.0059E-01 -1.2500E+00  3.3250E-17  1.0265E+16
  6.2040E-01  6.2151E+16  1.1825E+19  1.1894E+19  0.0000E+00 -6.8217E+16 -5.3152E+13 -9.5042E+14  0.0000E+00  0.0000E+00  5.2488E+02  4.3760E+03  4.1204E-16  2.1936E+18
  6.4860E-01  1.3283E+19  2.5272E+21  2.5420E+21  0.0000E+00 -1.4579E+19 -1.1359E+16 -2.0312E+17  0.0000E+00  0.0000E+00  1.1530E+05  5.9392E+04  6.8722E-17  4.6881E+20
  6.7680E-01  2.8386E+21  5.4008E+23  5.4325E+23  0.0000E+00 -3.1157E+21 -2.4276E+18 -4.3409E+19  0.0000E+00  0.0000E+00  1.5974E+06  6.9730E+07  1.3130E-16  1.0019E+23
  7.0500E-01  6.0665E+23  1.1542E+26  1.1610E+26  0.0000E+00 -6.6585E+23 -5.1881E+20 -9.2769E+21  0.0000E+00  0.0000E+00  6.6113E+09 -1.7438E+09  7.1966E-17  2.1412E+25
  7.3320E-01  1.2965E+26  2.4667E+28  2.4811E+28  0.0000E+00 -1.4230E+26 -1.1087E+23 -1.9826E+24  0.0000E+00  0.0000E+00  1.0826E+12 -1.4946E+12  1.0387E-16  4.5759E+27
  7.5012E-01  3.2408E+27  6.1661E+29  6.2022E+29  0.0000E+00 -3.5571E+27 -2.7716E+24 -4.9559E+25  0.0000E+00  0.0000E+00  2.5237E+13  7.6966E+13  1.6479E-16  1.1033E+29
