 #  1.  time
 #  2.  Total Energy
 #  3.  Total dE/dt
 #  4.  Drive 1 term
 #  5.  Heat sources (nonlocal)
 #  6.  Collisional Dissipation
 #  7.  hyp_v dissipation
 #  8.  hyp_z dissipation
 #  9.  hyp_x/y dissipation
 #  10. nonlinearity
 #  11. [Poisson err]_z,vpar
 #  12. curvature + remaining terms (if any)
 #  13. (abs(10)+abs(11)+abs(12))/abs(4): test for conservation
 #  14. change in energy: (E(t)-E(t_last_energy_calc))/(dt*istep_energy)
#        1           2           3           4           5           6           7           8           9          10          11          12          13          14
  0.0000E+00  1.0195E-01 -2.2049E-01  0.0000E+00  0.0000E+00 -1.0013E-07 -8.1972E-08 -2.2049E-01  0.0000E+00  0.0000E+00 -2.2204E-16  2.7756E-17  0.0000E+00  8.4259E+00
  1.2100E-02  9.5644E-02 -1.0333E+00 -2.3174E-02  0.0000E+00 -8.9397E-01 -4.1912E-03 -1.1198E-01  0.0000E+00  0.0000E+00 -1.9429E-16 -2.7756E-17  9.5817E-15 -5.2149E-01
  2.4200E-02  7.9784E-02 -1.4448E+00  6.8218E-03  0.0000E+00 -1.3035E+00 -5.5228E-03 -1.4262E-01  0.0000E+00  0.0000E+00 -1.1102E-16  5.5511E-17  2.4412E-14 -1.3107E+00
  3.6300E-02  6.2812E-02 -1.3097E+00  6.9624E-03  0.0000E+00 -1.1707E+00 -4.6934E-03 -1.4125E-01  0.0000E+00  0.0000E+00 -1.3878E-16  1.1102E-16  3.5878E-14 -1.4026E+00
  4.8400E-02  4.8440E-02 -1.0458E+00 -7.8339E-04  0.0000E+00 -9.2023E-01 -3.5635E-03 -1.2124E-01  0.0000E+00  0.0000E+00 -9.7145E-17  8.3267E-17  2.3030E-13 -1.1878E+00
  6.0500E-02  3.7277E-02 -8.0374E-01 -2.5228E-03  0.0000E+00 -7.0076E-01 -2.6276E-03 -9.7834E-02  0.0000E+00  0.0000E+00 -4.1633E-17  4.1633E-17  3.3005E-14 -9.2258E-01
  7.2600E-02  2.8835E-02 -6.0619E-01  6.5703E-03  0.0000E+00 -5.3403E-01 -1.9347E-03 -7.6790E-02  0.0000E+00  0.0000E+00 -1.3878E-17  8.3267E-17  1.4785E-14 -6.9770E-01
  8.4700E-02  2.2395E-02 -4.6385E-01  3.0160E-03  0.0000E+00 -4.0618E-01 -1.4142E-03 -5.9277E-02  0.0000E+00  0.0000E+00 -6.9389E-18  2.7756E-17  1.1503E-14 -5.3224E-01
  9.6800E-02  1.7449E-02 -3.5578E-01  2.9816E-03  0.0000E+00 -3.1241E-01 -1.0405E-03 -4.5309E-02  0.0000E+00  0.0000E+00 -6.9389E-18 -4.1633E-17  1.6291E-14 -4.0874E-01
  1.0890E-01  1.3645E-02 -2.7577E-01  1.7259E-03  0.0000E+00 -2.4224E-01 -7.7469E-04 -3.4481E-02  0.0000E+00  0.0000E+00  0.0000E+00  5.5511E-17  3.2164E-14 -3.1438E-01
  1.2100E-01  1.0689E-02 -2.1489E-01  1.0151E-03  0.0000E+00 -1.8920E-01 -5.7682E-04 -2.6124E-02  0.0000E+00  0.0000E+00 -6.9389E-18  2.7756E-17  3.4177E-14 -2.4433E-01
  1.3310E-01  8.3864E-03 -1.6633E-01  1.5473E-03  0.0000E+00 -1.4778E-01 -4.3263E-04 -1.9668E-02  0.0000E+00  0.0000E+00 -3.4694E-18 -1.0408E-17  8.9688E-15 -1.9027E-01
  1.4520E-01  6.6263E-03 -1.2538E-01  4.7797E-03  0.0000E+00 -1.1531E-01 -3.2558E-04 -1.4523E-02  0.0000E+00  0.0000E+00  1.7347E-18  0.0000E+00  3.6294E-16 -1.4547E-01
  1.5730E-01  5.2888E-03 -9.7008E-02  3.9623E-03  0.0000E+00 -9.0082E-02 -2.4671E-04 -1.0642E-02  0.0000E+00  0.0000E+00 -3.4694E-18 -6.9389E-18  2.6269E-15 -1.1054E-01
  1.6940E-01  4.2426E-03 -7.6660E-02  1.7631E-03  0.0000E+00 -7.0359E-02 -1.8820E-04 -7.8761E-03  0.0000E+00  0.0000E+00  1.7347E-18 -5.2042E-18  3.9356E-15 -8.6462E-02
  1.8150E-01  3.4174E-03 -5.9902E-02  1.7153E-03  0.0000E+00 -5.5526E-02 -1.4551E-04 -5.9459E-03  0.0000E+00  0.0000E+00 -1.7347E-18 -4.3368E-18  3.5397E-15 -6.8196E-02
  1.9360E-01  2.7806E-03 -4.5525E-02  3.1623E-03  0.0000E+00 -4.4013E-02 -1.1431E-04 -4.5597E-03  0.0000E+00  0.0000E+00 -1.7347E-18  2.6021E-18  1.3714E-15 -5.2626E-02
  2.0570E-01  2.2977E-03 -3.4949E-02  4.0080E-03  0.0000E+00 -3.5306E-02 -9.0801E-05 -3.5605E-03  0.0000E+00  0.0000E+00 -4.3368E-19 -4.3368E-19  2.1641E-16 -3.9908E-02
  2.1780E-01  1.9164E-03 -2.8318E-02  3.5361E-03  0.0000E+00 -2.8979E-02 -7.3022E-05 -2.8026E-03  0.0000E+00  0.0000E+00 -8.6736E-19  4.3368E-19  3.6793E-16 -3.1514E-02
  2.2990E-01  1.6035E-03 -2.3442E-02  3.0940E-03  0.0000E+00 -2.4239E-02 -5.9962E-05 -2.2375E-03  0.0000E+00  0.0000E+00  0.0000E+00 -5.2042E-18  1.6820E-15 -2.5864E-02
  2.4200E-01  1.3452E-03 -1.9038E-02  3.2752E-03  0.0000E+00 -2.0428E-02 -5.0521E-05 -1.8355E-03  0.0000E+00  0.0000E+00 -1.0842E-18 -4.3368E-19  4.6345E-16 -2.1343E-02
  2.5410E-01  1.1411E-03 -1.4794E-02  4.0034E-03  0.0000E+00 -1.7195E-02 -4.2549E-05 -1.5600E-03  0.0000E+00  0.0000E+00 -8.6736E-19  3.9031E-18  1.1916E-15 -1.6873E-02
  2.6620E-01  9.8319E-04 -1.1402E-02  4.5815E-03  0.0000E+00 -1.4585E-02 -3.6341E-05 -1.3621E-03  0.0000E+00  0.0000E+00  0.0000E+00  8.6736E-19  1.8932E-16 -1.3047E-02
  2.7830E-01  8.5878E-04 -9.3169E-03  4.4794E-03  0.0000E+00 -1.2547E-02 -3.1727E-05 -1.2176E-03  0.0000E+00  0.0000E+00  4.3368E-19  0.0000E+00  9.6817E-17 -1.0282E-02
  2.9040E-01  7.5800E-04 -7.3222E-03  4.7200E-03  0.0000E+00 -1.0900E-02 -2.8664E-05 -1.1138E-03  0.0000E+00  0.0000E+00 -1.3010E-18 -1.7347E-18  6.4318E-16 -8.3290E-03
  3.0250E-01  6.7838E-04 -5.7074E-03  4.9260E-03  0.0000E+00 -9.5571E-03 -2.6668E-05 -1.0496E-03  0.0000E+00  0.0000E+00 -2.1684E-19 -4.3368E-19  1.3206E-16 -6.5801E-03
  3.1460E-01  6.2012E-04 -3.9387E-03  5.6330E-03  0.0000E+00 -8.5308E-03 -2.5270E-05 -1.0156E-03  0.0000E+00  0.0000E+00 -2.1684E-19 -2.1684E-19  7.6990E-17 -4.8145E-03
  3.2670E-01  5.8055E-04 -2.7189E-03  6.1236E-03  0.0000E+00 -7.8183E-03 -2.4107E-05 -1.0001E-03  0.0000E+00  0.0000E+00  0.0000E+00  4.3368E-19  7.0821E-17 -3.2704E-03
  3.3880E-01  5.5222E-04 -1.9310E-03  6.4448E-03  0.0000E+00 -7.3522E-03 -2.3592E-05 -9.9989E-04  0.0000E+00  0.0000E+00  6.5052E-19 -1.7347E-18  3.7011E-16 -2.3412E-03
  3.5090E-01  5.3268E-04 -1.2339E-03  6.8444E-03  0.0000E+00 -7.0340E-03 -2.3674E-05 -1.0206E-03  0.0000E+00  0.0000E+00 -4.3368E-19  2.1684E-19  9.5045E-17 -1.6147E-03
  3.6300E-01  5.2253E-04 -4.0463E-04  7.4951E-03  0.0000E+00 -6.8183E-03 -2.4097E-05 -1.0574E-03  0.0000E+00  0.0000E+00  0.0000E+00  1.7347E-18  2.3145E-16 -8.3961E-04
  3.7510E-01  5.2173E-04  2.4886E-04  8.1186E-03  0.0000E+00 -6.7426E-03 -2.4668E-05 -1.1025E-03  0.0000E+00  0.0000E+00  4.3368E-19 -1.7347E-18  2.6709E-16 -6.5793E-05
  3.8720E-01  5.2647E-04  5.3626E-04  8.5272E-03  0.0000E+00 -6.8098E-03 -2.5569E-05 -1.1556E-03  0.0000E+00  0.0000E+00 -2.1684E-19 -2.1684E-18  2.7972E-16  3.9216E-04
  3.9930E-01  5.3309E-04  5.8370E-04  8.7812E-03  0.0000E+00 -6.9544E-03 -2.6824E-05 -1.2163E-03  0.0000E+00  0.0000E+00 -2.1684E-18  8.6736E-19  3.4571E-16  5.4645E-04
  4.1140E-01  5.4107E-04  8.1767E-04  9.2523E-03  0.0000E+00 -7.1193E-03 -2.8303E-05 -1.2870E-03  0.0000E+00  0.0000E+00 -1.3010E-18 -2.1684E-18  3.7498E-16  6.6008E-04
  4.2350E-01  5.5298E-04  1.1871E-03  9.8967E-03  0.0000E+00 -7.3115E-03 -2.9833E-05 -1.3683E-03  0.0000E+00  0.0000E+00  8.6736E-19 -1.3010E-18  2.1910E-16  9.8397E-04
  4.3560E-01  5.6947E-04  1.5861E-03  1.0627E-02  0.0000E+00 -7.5555E-03 -3.1338E-05 -1.4545E-03  0.0000E+00  0.0000E+00 -6.5052E-19 -4.3368E-19  1.0202E-16  1.3631E-03
  4.4770E-01  5.9039E-04  1.9022E-03  1.1339E-02  0.0000E+00 -7.8619E-03 -3.2898E-05 -1.5417E-03  0.0000E+00  0.0000E+00 -1.3010E-18 -1.7347E-18  2.6774E-16  1.7285E-03
  4.5980E-01  6.1501E-04  2.2105E-03  1.2093E-02  0.0000E+00 -8.2166E-03 -3.4651E-05 -1.6309E-03  0.0000E+00  0.0000E+00 -1.7347E-18 -1.7347E-18  2.8691E-16  2.0350E-03
  4.7190E-01  6.4327E-04  2.4991E-03  1.2877E-02  0.0000E+00 -8.6145E-03 -3.6611E-05 -1.7263E-03  0.0000E+00  0.0000E+00  8.6736E-19 -3.9031E-18  3.7048E-16  2.3357E-03
  4.8400E-01  6.7466E-04  2.7251E-03  1.3658E-02  0.0000E+00 -9.0638E-03 -3.8758E-05 -1.8306E-03  0.0000E+00  0.0000E+00 -1.5179E-18 -2.6021E-18  3.0165E-16  2.5940E-03
  4.9610E-01  7.0876E-04  2.9591E-03  1.4511E-02  0.0000E+00 -9.5674E-03 -4.1096E-05 -1.9433E-03  0.0000E+00  0.0000E+00 -1.3010E-18  0.0000E+00  8.9659E-17  2.8179E-03
  5.0820E-01  7.4543E-04  3.1587E-03  1.5379E-02  0.0000E+00 -1.0113E-02 -4.3640E-05 -2.0636E-03  0.0000E+00  0.0000E+00 -1.7347E-18  5.2042E-18  4.5120E-16  3.0307E-03
  5.2030E-01  7.8461E-04  3.3884E-03  1.6311E-02  0.0000E+00 -1.0684E-02 -4.6375E-05 -2.1923E-03  0.0000E+00  0.0000E+00 -1.7347E-18  8.6736E-19  1.5953E-16  3.2379E-03
  5.3240E-01  8.2717E-04  3.7274E-03  1.7389E-02  0.0000E+00 -1.1282E-02 -4.9275E-05 -2.3310E-03  0.0000E+00  0.0000E+00 -2.1684E-18 -2.6021E-18  2.7433E-16  3.5174E-03
  5.4450E-01  8.7427E-04  4.1145E-03  1.8569E-02  0.0000E+00 -1.1923E-02 -5.2315E-05 -2.4794E-03  0.0000E+00  0.0000E+00 -2.6021E-18  2.1684E-18  2.5691E-16  3.8923E-03
  5.5660E-01  9.2581E-04  4.4613E-03  1.9780E-02  0.0000E+00 -1.2627E-02 -5.5521E-05 -2.6361E-03  0.0000E+00  0.0000E+00 -2.1684E-18 -8.6736E-19  1.5348E-16  4.2601E-03
  5.6870E-01  9.8105E-04  4.7272E-03  2.0985E-02  0.0000E+00 -1.3398E-02 -5.8949E-05 -2.8011E-03  0.0000E+00  0.0000E+00  1.3010E-18 -6.0715E-18  3.5133E-16  4.5647E-03
  5.8080E-01  1.0391E-03  4.9696E-03  2.2228E-02  0.0000E+00 -1.4219E-02 -6.2656E-05 -2.9768E-03  0.0000E+00  0.0000E+00 -1.7347E-18  3.4694E-18  2.3413E-16  4.8015E-03
  5.9290E-01  1.1008E-03  5.3189E-03  2.3631E-02  0.0000E+00 -1.5080E-02 -6.6633E-05 -3.1655E-03  0.0000E+00  0.0000E+00  4.3368E-19 -7.3726E-18  3.3034E-16  5.0928E-03
  6.0500E-01  1.1674E-03  5.7874E-03  2.5215E-02  0.0000E+00 -1.5990E-02 -7.0840E-05 -3.3673E-03  0.0000E+00  0.0000E+00 -6.0715E-18 -1.7347E-18  3.0958E-16  5.5067E-03
  6.1710E-01  1.2396E-03  6.2262E-03  2.6854E-02  0.0000E+00 -1.6971E-02 -7.5273E-05 -3.5809E-03  0.0000E+00  0.0000E+00 -1.3010E-18 -1.7347E-18  1.1305E-16  5.9698E-03
  6.2920E-01  1.3166E-03  6.5971E-03  2.8516E-02  0.0000E+00 -1.8032E-02 -7.9994E-05 -3.8065E-03  0.0000E+00  0.0000E+00  0.0000E+00 -8.6736E-19  3.0417E-17  6.3649E-03
  6.4130E-01  1.3981E-03  6.9826E-03  3.0277E-02  0.0000E+00 -1.9163E-02 -8.5060E-05 -4.0465E-03  0.0000E+00  0.0000E+00 -4.3368E-18  1.7347E-18  2.0053E-16  6.7338E-03
  6.5340E-01  1.4847E-03  7.4528E-03  3.2203E-02  0.0000E+00 -2.0356E-02 -9.0467E-05 -4.3032E-03  0.0000E+00  0.0000E+00 -6.9389E-18  1.7347E-18  2.6934E-16  7.1567E-03
  6.6550E-01  1.5774E-03  7.9818E-03  3.4279E-02  0.0000E+00 -2.1624E-02 -9.6192E-05 -4.5769E-03  0.0000E+00  0.0000E+00  8.6736E-19 -3.4694E-18  1.2652E-16  7.6570E-03
  6.7760E-01  1.6765E-03  8.5134E-03  3.6464E-02  0.0000E+00 -2.2981E-02 -1.0225E-04 -4.8672E-03  0.0000E+00  0.0000E+00 -3.4694E-18 -3.4694E-18  1.9029E-16  8.1887E-03
  6.8970E-01  1.7818E-03  9.0259E-03  3.8743E-02  0.0000E+00 -2.4433E-02 -1.0872E-04 -5.1750E-03  0.0000E+00  0.0000E+00  2.6021E-18  1.7347E-18  1.1194E-16  8.7048E-03
  7.0180E-01  1.8934E-03  9.5708E-03  4.1162E-02  0.0000E+00 -2.5973E-02 -1.1562E-04 -5.5025E-03  0.0000E+00  0.0000E+00 -1.1276E-17 -3.4694E-18  3.5823E-16  9.2233E-03
  7.1390E-01  2.0121E-03  1.0208E-02  4.3786E-02  0.0000E+00 -2.7603E-02 -1.2295E-04 -5.8515E-03  0.0000E+00  0.0000E+00 -7.8063E-18 -1.7347E-18  2.1790E-16  9.8083E-03
  7.2600E-01  2.1388E-03  1.0899E-02  4.6590E-02  0.0000E+00 -2.9338E-02 -1.3072E-04 -6.2227E-03  0.0000E+00  0.0000E+00 -1.7347E-18  6.9389E-18  1.8617E-16  1.0475E-02
  7.3810E-01  2.2738E-03  1.1583E-02  4.9529E-02  0.0000E+00 -3.1191E-02 -1.3897E-04 -6.6166E-03  0.0000E+00  0.0000E+00 -4.3368E-18  2.6021E-18  1.4010E-16  1.1158E-02
  7.5020E-01  2.4171E-03  1.2290E-02  5.2636E-02  0.0000E+00 -3.3164E-02 -1.4775E-04 -7.0349E-03  0.0000E+00  0.0000E+00 -4.3368E-18  6.9389E-18  2.1422E-16  1.1843E-02
  7.6230E-01  2.5693E-03  1.3068E-02  5.5962E-02  0.0000E+00 -3.5257E-02 -1.5711E-04 -7.4800E-03  0.0000E+00  0.0000E+00 -1.7347E-18 -1.3010E-17  2.6348E-16  1.2578E-02
  7.7440E-01  2.7313E-03  1.3924E-02  5.9523E-02  0.0000E+00 -3.7479E-02 -1.6706E-04 -7.9537E-03  0.0000E+00  0.0000E+00 -6.9389E-18  8.6736E-18  2.6229E-16  1.3390E-02
  7.8650E-01  2.9040E-03  1.4831E-02  6.3310E-02  0.0000E+00 -3.9845E-02 -1.7762E-04 -8.4572E-03  0.0000E+00  0.0000E+00 -5.2042E-18  1.0408E-17  2.4660E-16  1.4268E-02
  7.9860E-01  3.0877E-03  1.5768E-02  6.7316E-02  0.0000E+00 -4.2367E-02 -1.8884E-04 -8.9921E-03  0.0000E+00  0.0000E+00 -1.2143E-17  3.4694E-18  2.3193E-16  1.5184E-02
  8.1070E-01  3.2829E-03  1.6747E-02  7.1558E-02  0.0000E+00 -4.5049E-02 -2.0079E-04 -9.5607E-03  0.0000E+00  0.0000E+00  3.4694E-18 -6.9389E-18  1.4545E-16  1.6133E-02
  8.2280E-01  3.4903E-03  1.7805E-02  7.6083E-02  0.0000E+00 -4.7898E-02 -2.1352E-04 -1.0166E-02  0.0000E+00  0.0000E+00 -1.7347E-18 -3.4694E-18  6.8401E-17  1.7141E-02
  8.3490E-01  3.7110E-03  1.8950E-02  8.0913E-02  0.0000E+00 -5.0926E-02 -2.2704E-04 -1.0810E-02  0.0000E+00  0.0000E+00 -1.2143E-17 -3.4694E-18  1.9295E-16  1.8235E-02
  8.4700E-01  3.9458E-03  2.0160E-02  8.6044E-02  0.0000E+00 -5.4148E-02 -2.4140E-04 -1.1494E-02  0.0000E+00  0.0000E+00  3.4694E-18  3.4694E-18  8.0644E-17  1.9406E-02
  8.5910E-01  4.1955E-03  2.1428E-02  9.1483E-02  0.0000E+00 -5.7576E-02 -2.5668E-04 -1.2222E-02  0.0000E+00  0.0000E+00 -1.0408E-17 -1.5613E-17  2.8443E-16  2.0636E-02
  8.7120E-01  4.4608E-03  2.2775E-02  9.7264E-02  0.0000E+00 -6.1221E-02 -2.7293E-04 -1.2995E-02  0.0000E+00  0.0000E+00  1.7347E-18 -6.9389E-18  8.9176E-17  2.1931E-02
  8.8330E-01  4.7430E-03  2.4221E-02  1.0342E-01  0.0000E+00 -6.5094E-02 -2.9022E-04 -1.3818E-02  0.0000E+00  0.0000E+00 -8.6736E-18 -2.4286E-17  3.1869E-16  2.3316E-02
  8.9540E-01  5.0431E-03  2.5768E-02  1.0998E-01  0.0000E+00 -6.9211E-02 -3.0859E-04 -1.4693E-02  0.0000E+00  0.0000E+00 -1.2143E-17 -6.9389E-18  1.7350E-16  2.4802E-02
  9.0750E-01  5.3623E-03  2.7405E-02  1.1695E-01  0.0000E+00 -7.3592E-02 -3.2811E-04 -1.5623E-02  0.0000E+00  0.0000E+00 -1.9082E-17 -1.7347E-18  1.7800E-16  2.6383E-02
  9.1960E-01  5.7017E-03  2.9131E-02  1.2434E-01  0.0000E+00 -7.8251E-02 -3.4888E-04 -1.6612E-02  0.0000E+00  0.0000E+00 -1.3878E-17  0.0000E+00  1.1161E-16  2.8051E-02
  9.3170E-01  6.0625E-03  3.0967E-02  1.3221E-01  0.0000E+00 -8.3205E-02 -3.7097E-04 -1.7664E-02  0.0000E+00  0.0000E+00 -1.3878E-17 -1.0408E-17  1.8370E-16  2.9817E-02
  9.4380E-01  6.4461E-03  3.2931E-02  1.4058E-01  0.0000E+00 -8.8471E-02 -3.9446E-04 -1.8782E-02  0.0000E+00  0.0000E+00 -6.9389E-18  6.9389E-18  9.8719E-17  3.1702E-02
  9.5590E-01  6.8541E-03  3.5026E-02  1.4949E-01  0.0000E+00 -9.4069E-02 -4.1943E-04 -1.9971E-02  0.0000E+00  0.0000E+00  6.9389E-18 -4.8572E-17  3.7135E-16  3.3717E-02
  9.6800E-01  7.2880E-03  3.7248E-02  1.5895E-01  0.0000E+00 -1.0002E-01 -4.4598E-04 -2.1236E-02  0.0000E+00  0.0000E+00 -2.4286E-17  2.0817E-17  2.8375E-16  3.5860E-02
  9.8010E-01  7.7494E-03  3.9602E-02  1.6901E-01  0.0000E+00 -1.0636E-01 -4.7421E-04 -2.2580E-02  0.0000E+00  0.0000E+00 -3.4694E-18 -4.5103E-17  2.8739E-16  3.8130E-02
  9.9220E-01  8.2399E-03  4.2103E-02  1.7971E-01  0.0000E+00 -1.1309E-01 -5.0423E-04 -2.4009E-02  0.0000E+00  0.0000E+00 -6.9389E-18  1.3878E-17  1.1584E-16  4.0538E-02
  1.0043E+00  8.7614E-03  4.4771E-02  1.9108E-01  0.0000E+00 -1.2025E-01 -5.3615E-04 -2.5529E-02  0.0000E+00  0.0000E+00 -2.0817E-17  5.2042E-17  3.8129E-16  4.3102E-02
  1.0164E+00  9.3160E-03  4.7612E-02  2.0319E-01  0.0000E+00 -1.2786E-01 -5.7010E-04 -2.7145E-02  0.0000E+00  0.0000E+00 -2.0817E-17  6.9389E-18  1.3660E-16  4.5836E-02
  1.0285E+00  9.9058E-03  5.0628E-02  2.1605E-01  0.0000E+00 -1.3595E-01 -6.0618E-04 -2.8864E-02  0.0000E+00  0.0000E+00  3.4694E-18  1.3878E-17  8.0292E-17  4.8743E-02
  1.0406E+00  1.0533E-02  5.3830E-02  2.2973E-01  0.0000E+00 -1.4456E-01 -6.4456E-04 -3.0691E-02  0.0000E+00  0.0000E+00 -2.0817E-17  2.7756E-17  2.1144E-16  5.1827E-02
  1.0527E+00  1.1200E-02  5.7235E-02  2.4427E-01  0.0000E+00 -1.5371E-01 -6.8537E-04 -3.2634E-02  0.0000E+00  0.0000E+00 -3.4694E-17 -4.1633E-17  3.1248E-16  5.5105E-02
  1.0648E+00  1.1909E-02  6.0862E-02  2.5973E-01  0.0000E+00 -1.6344E-01 -7.2876E-04 -3.4700E-02  0.0000E+00  0.0000E+00  1.3878E-17 -5.5511E-17  2.6715E-16  5.8594E-02
  1.0769E+00  1.2663E-02  6.4719E-02  2.7618E-01  0.0000E+00 -1.7379E-01 -7.7490E-04 -3.6897E-02  0.0000E+00  0.0000E+00 -1.3878E-17  0.0000E+00  5.0249E-17  6.2308E-02
  1.0890E+00  1.3464E-02  6.8815E-02  2.9366E-01  0.0000E+00 -1.8479E-01 -8.2395E-04 -3.9233E-02  0.0000E+00  0.0000E+00  6.9389E-18  8.3267E-17  3.0717E-16  6.6254E-02
  1.1011E+00  1.4317E-02  7.3167E-02  3.1225E-01  0.0000E+00 -1.9649E-01 -8.7611E-04 -4.1716E-02  0.0000E+00  0.0000E+00  6.9389E-18  5.5511E-17  2.0000E-16  7.0445E-02
  1.1132E+00  1.5223E-02  7.7799E-02  3.3202E-01  0.0000E+00 -2.0893E-01 -9.3158E-04 -4.4357E-02  0.0000E+00  0.0000E+00 -6.9389E-18 -4.1633E-17  1.4629E-16  7.4902E-02
  1.1253E+00  1.6187E-02  8.2728E-02  3.5304E-01  0.0000E+00 -2.2216E-01 -9.9056E-04 -4.7166E-02  0.0000E+00  0.0000E+00 -3.4694E-17  4.8572E-17  2.3585E-16  7.9645E-02
  1.1374E+00  1.7211E-02  8.7968E-02  3.7540E-01  0.0000E+00 -2.3622E-01 -1.0533E-03 -5.0152E-02  0.0000E+00  0.0000E+00  2.0817E-17 -4.1633E-17  1.6636E-16  8.4691E-02
  1.1495E+00  1.8301E-02  9.3536E-02  3.9916E-01  0.0000E+00 -2.5118E-01 -1.1200E-03 -5.3327E-02  0.0000E+00  0.0000E+00 -9.0206E-17  2.0817E-17  2.7814E-16  9.0054E-02
  1.1616E+00  1.9460E-02  9.9455E-02  4.2443E-01  0.0000E+00 -2.6708E-01 -1.1909E-03 -5.6703E-02  0.0000E+00  0.0000E+00 -3.4694E-17 -1.3878E-17  1.1444E-16  9.5753E-02
  1.1737E+00  2.0692E-02  1.0575E-01  4.5130E-01  0.0000E+00 -2.8399E-01 -1.2662E-03 -6.0293E-02  0.0000E+00  0.0000E+00 -2.0817E-17 -6.9389E-17  1.9988E-16  1.0181E-01
  1.1858E+00  2.2002E-02  1.1245E-01  4.7987E-01  0.0000E+00 -3.0197E-01 -1.3464E-03 -6.4110E-02  0.0000E+00  0.0000E+00  2.7756E-17  2.7756E-17  1.1568E-16  1.0826E-01
  1.1979E+00  2.3394E-02  1.1957E-01  5.1025E-01  0.0000E+00 -3.2108E-01 -1.4317E-03 -6.8168E-02  0.0000E+00  0.0000E+00 -4.1633E-17  2.7756E-17  1.3599E-16  1.1512E-01
  1.2100E+00  2.4876E-02  1.2714E-01  5.4255E-01  0.0000E+00 -3.4141E-01 -1.5223E-03 -7.2484E-02  0.0000E+00  0.0000E+00 -6.9389E-17 -2.7756E-17  1.7905E-16  1.2240E-01
  1.2221E+00  2.6450E-02  1.3518E-01  5.7690E-01  0.0000E+00 -3.6303E-01 -1.6187E-03 -7.7073E-02  0.0000E+00  0.0000E+00 -1.3878E-17 -4.1633E-17  9.6223E-17  1.3015E-01
  1.2342E+00  2.8125E-02  1.4374E-01  6.1343E-01  0.0000E+00 -3.8601E-01 -1.7211E-03 -8.1952E-02  0.0000E+00  0.0000E+00  1.3878E-17  0.0000E+00  2.2623E-17  1.3839E-01
  1.2463E+00  2.9905E-02  1.5284E-01  6.5226E-01  0.0000E+00 -4.1045E-01 -1.8301E-03 -8.7141E-02  0.0000E+00  0.0000E+00 -8.3267E-17 -5.5511E-17  2.1276E-16  1.4715E-01
  1.2584E+00  3.1799E-02  1.6252E-01  6.9356E-01  0.0000E+00 -4.3643E-01 -1.9460E-03 -9.2658E-02  0.0000E+00  0.0000E+00 -1.3878E-16  1.8041E-16  4.6022E-16  1.5647E-01
  1.2705E+00  3.3812E-02  1.7281E-01  7.3746E-01  0.0000E+00 -4.6406E-01 -2.0692E-03 -9.8524E-02  0.0000E+00  0.0000E+00  1.3878E-17  1.3878E-17  3.7637E-17  1.6638E-01
  1.2826E+00  3.5952E-02  1.8375E-01  7.8415E-01  0.0000E+00 -4.9344E-01 -2.2002E-03 -1.0476E-01  0.0000E+00  0.0000E+00  1.3878E-17 -1.3878E-16  1.9468E-16  1.7691E-01
  1.2947E+00  3.8229E-02  1.9538E-01  8.3379E-01  0.0000E+00 -5.2468E-01 -2.3394E-03 -1.1139E-01  0.0000E+00  0.0000E+00 -1.2490E-16 -1.1102E-16  2.8295E-16  1.8811E-01
  1.3068E+00  4.0649E-02  2.0775E-01  8.8658E-01  0.0000E+00 -5.5790E-01 -2.4876E-03 -1.1845E-01  0.0000E+00  0.0000E+00 -1.3878E-17 -1.1102E-16  1.4088E-16  2.0002E-01
  1.3189E+00  4.3222E-02  2.2091E-01  9.4271E-01  0.0000E+00 -5.9322E-01 -2.6450E-03 -1.2594E-01  0.0000E+00  0.0000E+00 -1.1102E-16  2.4980E-16  3.8275E-16  2.1268E-01
  1.3310E+00  4.5959E-02  2.3489E-01  1.0024E+00  0.0000E+00 -6.3077E-01 -2.8125E-03 -1.3392E-01  0.0000E+00  0.0000E+00  2.7756E-17  1.3878E-16  1.6614E-16  2.2614E-01
  1.3431E+00  4.8868E-02  2.4976E-01  1.0659E+00  0.0000E+00 -6.7070E-01 -2.9905E-03 -1.4240E-01  0.0000E+00  0.0000E+00 -1.3878E-16  1.6653E-16  2.8645E-16  2.4046E-01
  1.3552E+00  5.1962E-02  2.6557E-01  1.1333E+00  0.0000E+00 -7.1317E-01 -3.1799E-03 -1.5141E-01  0.0000E+00  0.0000E+00 -3.3307E-16  5.5511E-17  3.4286E-16  2.5568E-01
  1.3673E+00  5.5251E-02  2.8239E-01  1.2051E+00  0.0000E+00 -7.5832E-01 -3.3812E-03 -1.6100E-01  0.0000E+00  0.0000E+00 -2.7756E-17 -1.6653E-16  1.6123E-16  2.7187E-01
  1.3794E+00  5.8749E-02  3.0026E-01  1.2814E+00  0.0000E+00 -8.0632E-01 -3.5952E-03 -1.7119E-01  0.0000E+00  0.0000E+00 -5.5511E-17 -1.1102E-16  1.2997E-16  2.8908E-01
  1.3915E+00  6.2469E-02  3.1927E-01  1.3625E+00  0.0000E+00 -8.5737E-01 -3.8229E-03 -1.8203E-01  0.0000E+00  0.0000E+00  1.1102E-16 -5.5511E-17  1.2223E-16  3.0738E-01
  1.4036E+00  6.6423E-02  3.3948E-01  1.4487E+00  0.0000E+00 -9.1165E-01 -4.0649E-03 -1.9355E-01  0.0000E+00  0.0000E+00 -3.3307E-16  2.2204E-16  3.8317E-16  3.2684E-01
  1.4157E+00  7.0629E-02  3.6098E-01  1.5405E+00  0.0000E+00 -9.6936E-01 -4.3222E-03 -2.0580E-01  0.0000E+00  0.0000E+00 -5.5511E-17 -3.3307E-16  2.5225E-16  3.4753E-01
  1.4278E+00  7.5100E-02  3.8383E-01  1.6380E+00  0.0000E+00 -1.0307E+00 -4.5958E-03 -2.1883E-01  0.0000E+00  0.0000E+00 -8.3267E-17  1.6653E-16  1.5250E-16  3.6954E-01
  1.4399E+00  7.9855E-02  4.0813E-01  1.7417E+00  0.0000E+00 -1.0960E+00 -4.8868E-03 -2.3269E-01  0.0000E+00  0.0000E+00  5.5511E-17 -8.3267E-17  7.9680E-17  3.9293E-01
  1.4520E+00  8.4910E-02  4.3397E-01  1.8520E+00  0.0000E+00 -1.1654E+00 -5.1962E-03 -2.4742E-01  0.0000E+00  0.0000E+00 -3.8858E-16  3.3307E-16  3.8967E-16  4.1781E-01
  1.4641E+00  9.0286E-02  4.6144E-01  1.9692E+00  0.0000E+00 -1.2392E+00 -5.5251E-03 -2.6308E-01  0.0000E+00  0.0000E+00 -2.7756E-16 -1.6653E-16  2.2552E-16  4.4426E-01
  1.4762E+00  9.6001E-02  4.9065E-01  2.0939E+00  0.0000E+00 -1.3176E+00 -5.8749E-03 -2.7974E-01  0.0000E+00  0.0000E+00 -5.5511E-17  0.0000E+00  2.6511E-17  4.7238E-01
  1.4883E+00  1.0208E-01  5.2171E-01  2.2264E+00  0.0000E+00 -1.4010E+00 -6.2469E-03 -2.9745E-01  0.0000E+00  0.0000E+00  2.2204E-16 -1.1102E-16  1.4960E-16  5.0229E-01
  1.5000E+00  1.0832E-01  5.5361E-01  2.3626E+00  0.0000E+00 -1.4867E+00 -6.6289E-03 -3.1564E-01  0.0000E+00  0.0000E+00  1.6653E-16  2.7756E-16  1.8797E-16  7.4316E-01
