 #  1.  time
 #  2.  Total Energy
 #  3.  Total dE/dt
 #  4.  Drive 1 term
 #  5.  Heat sources (nonlocal)
 #  6.  Collisional Dissipation
 #  7.  hyp_v dissipation
 #  8.  hyp_z dissipation
 #  9.  hyp_x/y dissipation
 #  10. nonlinearity
 #  11. [Poisson err]_z,vpar
 #  12. curvature + remaining terms (if any)
 #  13. (abs(10)+abs(11)+abs(12))/abs(4): test for conservation
 #  14. change in energy: (E(t)-E(t_last_energy_calc))/(dt*istep_energy)
#        1           2           3           4           5           6           7           8           9          10          11          12          13          14
  0.0000E+00  1.0200E-01 -1.0921E-01  0.0000E+00  0.0000E+00 -2.1809E-07 -8.2047E-08 -1.0921E-01  0.0000E+00  0.0000E+00 -1.9429E-16 -1.3878E-17  0.0000E+00  5.7625E+00
  1.7700E-02  2.0408E-01  1.8956E+01  2.0044E+01  0.0000E+00 -1.0062E+00 -3.9208E-03 -7.7706E-02  0.0000E+00  0.0000E+00  3.8858E-16  7.7716E-16  5.8158E-17  5.7677E+00
  3.5400E-02  1.3982E+00  1.4539E+02  1.5171E+02  0.0000E+00 -5.8823E+00 -1.3879E-02 -4.2013E-01  0.0000E+00  0.0000E+00  1.2268E-14 -2.2204E-16  8.2329E-17  6.7463E+01
  5.3100E-02  8.0157E+00  7.8212E+02  8.2533E+02  0.0000E+00 -4.0570E+01 -1.2984E-01 -2.5047E+00  0.0000E+00  0.0000E+00  0.0000E+00 -2.4780E-13  3.0025E-16  3.7387E+02
  7.0800E-02  4.5150E+01  4.4194E+03  4.6644E+03  0.0000E+00 -2.2938E+02 -7.6434E-01 -1.4828E+01  0.0000E+00  0.0000E+00  3.3396E-13  2.6823E-13  1.2910E-16  2.0980E+03
  8.8500E-02  2.5420E+02  2.4830E+04  2.6212E+04  0.0000E+00 -1.2925E+03 -4.3088E+00 -8.5353E+01  0.0000E+00  0.0000E+00  1.2506E-12  0.0000E+00  4.7710E-17  1.1811E+04
  1.0620E-01  1.4306E+03  1.3974E+05  1.4752E+05  0.0000E+00 -7.2747E+03 -2.4267E+01 -4.8156E+02  0.0000E+00  0.0000E+00  6.8212E-13  2.2396E-11  1.5644E-16  6.6464E+04
  1.2390E-01  8.0521E+03  7.8644E+05  8.3023E+05  0.0000E+00 -4.0945E+04 -1.3657E+02 -2.7114E+03  0.0000E+00  0.0000E+00  4.0927E-11  2.3647E-11  7.7778E-17  3.7409E+05
  1.4160E-01  4.5321E+04  4.4264E+06  4.6729E+06  0.0000E+00 -2.3046E+05 -7.6871E+02 -1.5261E+04  0.0000E+00  0.0000E+00 -3.4743E-10  9.2768E-11  9.4201E-17  2.1056E+06
  1.5930E-01  2.5508E+05  2.4914E+07  2.6301E+07  0.0000E+00 -1.2971E+06 -4.3266E+03 -8.5895E+04  0.0000E+00  0.0000E+00  4.6566E-10  4.1910E-09  1.7705E-16  1.1851E+07
  1.7700E-01  1.4357E+06  1.4022E+08  1.4803E+08  0.0000E+00 -7.3007E+06 -2.4352E+04 -4.8345E+05  0.0000E+00  0.0000E+00 -1.0070E-08  1.1583E-08  1.4627E-16  6.6703E+07
  1.9470E-01  8.0809E+06  7.8924E+08  8.3319E+08  0.0000E+00 -4.1091E+07 -1.3706E+05 -2.7211E+06  0.0000E+00  0.0000E+00 -6.4727E-08  3.0594E-07  4.4488E-16  3.7543E+08
  2.1240E-01  4.5483E+07  4.4422E+09  4.6896E+09  0.0000E+00 -2.3128E+08 -7.7146E+05 -1.5315E+07  0.0000E+00  0.0000E+00 -5.4017E-08 -8.3633E-07  1.8986E-16  2.1131E+09
  2.3010E-01  2.5600E+08  2.5003E+10  2.6395E+10  0.0000E+00 -1.3017E+09 -4.3421E+06 -8.6202E+07  0.0000E+00  0.0000E+00 -4.7684E-07 -4.0233E-06  1.7049E-16  1.1893E+10
  2.4780E-01  1.4409E+09  1.4073E+11  1.4856E+11  0.0000E+00 -7.3268E+09 -2.4439E+07 -4.8518E+08  0.0000E+00  0.0000E+00  2.6822E-06 -4.9472E-06  5.1355E-17  6.6941E+10
  2.6550E-01  8.1098E+09  7.9207E+11  8.3617E+11  0.0000E+00 -4.1238E+10 -1.3756E+08 -2.7308E+09  0.0000E+00  0.0000E+00 -5.3406E-05 -1.5640E-04  2.5092E-16  3.7678E+11
  2.8320E-01  4.5645E+10  4.4581E+12  4.7063E+12  0.0000E+00 -2.3211E+11 -7.7422E+08 -1.5370E+10  0.0000E+00  0.0000E+00 -3.7956E-04  4.9400E-04  1.8561E-16  2.1207E+12
  3.0090E-01  2.5691E+11  2.5092E+13  2.6489E+13  0.0000E+00 -1.3064E+12 -4.3577E+09 -8.6510E+10  0.0000E+00  0.0000E+00 -2.4567E-03  3.5706E-03  2.2753E-16  1.1936E+13
  3.1860E-01  1.4460E+12  1.4123E+14  1.4909E+14  0.0000E+00 -7.3530E+12 -2.4527E+10 -4.8692E+11  0.0000E+00  0.0000E+00 -3.1738E-03  4.7363E-02  3.3896E-16  6.7181E+13
  3.3630E-01  8.1388E+12  7.9490E+14  8.3916E+14  0.0000E+00 -4.1386E+13 -1.3805E+11 -2.7406E+12  0.0000E+00  0.0000E+00  1.2695E-02 -2.4170E-01  3.0315E-16  3.7812E+14
  3.5400E-01  4.5809E+13  4.4740E+15  4.7232E+15  0.0000E+00 -2.3294E+14 -7.7699E+11 -1.5425E+13  0.0000E+00  0.0000E+00  6.0547E-02 -1.0234E+00  2.2950E-16  2.1282E+15
  3.7170E-01  2.5783E+14  2.5182E+16  2.6584E+16  0.0000E+00 -1.3111E+15 -4.3732E+12 -8.6820E+13  0.0000E+00  0.0000E+00  1.2188E+00  1.5625E-02  4.6433E-17  1.1979E+16
  3.8232E-01  7.2706E+14  7.1010E+16  7.4964E+16  0.0000E+00 -3.6971E+15 -1.2332E+13 -2.4482E+14  0.0000E+00  0.0000E+00  3.4062E+00 -2.2281E+01  3.4266E-16  2.6510E+16
