 #  1.  time
 #  2.  Total Energy
 #  3.  Total dE/dt
 #  4.  Drive 1 term
 #  5.  Heat sources (nonlocal)
 #  6.  Collisional Dissipation
 #  7.  hyp_v dissipation
 #  8.  hyp_z dissipation
 #  9.  hyp_x/y dissipation
 #  10. nonlinearity
 #  11. [Poisson err]_z,vpar
 #  12. curvature + remaining terms (if any)
 #  13. (abs(10)+abs(11)+abs(12))/abs(4): test for conservation
 #  14. change in energy: (E(t)-E(t_last_energy_calc))/(dt*istep_energy)
#        1           2           3           4           5           6           7           8           9          10          11          12          13          14
  0.0000E+00  1.0199E-01 -1.0964E-01  0.0000E+00  0.0000E+00 -4.2121E-07 -8.2039E-08 -1.0964E-01  0.0000E+00  0.0000E+00 -1.3878E-16  0.0000E+00  0.0000E+00  6.3351E+00
  1.6100E-02  9.8828E-02 -4.6188E-01  3.7404E-01  0.0000E+00 -7.6036E-01 -3.4995E-03 -7.2072E-02  0.0000E+00  0.0000E+00 -1.5266E-16  0.0000E+00  4.0812E-16 -1.9670E-01
  3.2200E-02  8.9683E-02 -4.2260E-01  8.1871E-01  0.0000E+00 -1.1492E+00 -4.7464E-03 -8.7332E-02  0.0000E+00  0.0000E+00 -2.3592E-16 -1.9429E-16  5.2548E-16 -5.6797E-01
  4.8300E-02  9.6015E-02  1.5570E+00  2.7689E+00  0.0000E+00 -1.1215E+00 -4.2249E-03 -8.6250E-02  0.0000E+00  0.0000E+00 -2.3592E-16  4.1633E-16  2.3556E-16  3.9326E-01
  6.4400E-02  1.5327E-01  6.3783E+00  7.7301E+00  0.0000E+00 -1.2607E+00 -4.0680E-03 -8.7001E-02  0.0000E+00  0.0000E+00  5.5511E-17 -1.2212E-15  1.6517E-16  3.5561E+00
  8.0500E-02  3.4584E-01  1.9714E+01  2.1933E+01  0.0000E+00 -2.0939E+00 -5.9205E-03 -1.1890E-01  0.0000E+00  0.0000E+00  5.5511E-17 -8.8818E-15  4.0749E-16  1.1961E+01
  9.6600E-02  9.2306E-01  5.9304E+01  6.4439E+01  0.0000E+00 -4.8765E+00 -1.3077E-02 -2.4524E-01  0.0000E+00  0.0000E+00 -5.4678E-15  2.0178E-14  3.9799E-16  3.5852E+01
  1.1270E-01  2.6361E+00  1.7246E+02  1.8645E+02  0.0000E+00 -1.3316E+01 -3.4829E-02 -6.3878E-01  0.0000E+00  0.0000E+00 -1.0325E-14  2.1316E-14  1.6970E-16  1.0640E+02
  1.2880E-01  7.5526E+00  4.9574E+02  5.3550E+02  0.0000E+00 -3.7874E+01 -9.8703E-02 -1.7878E+00  0.0000E+00  0.0000E+00 -1.7097E-14  8.3489E-14  1.8784E-16  3.0537E+02
  1.4490E-01  2.1820E+01  1.4416E+03  1.5559E+03  0.0000E+00 -1.0888E+02 -2.8381E-01 -5.1352E+00  0.0000E+00  0.0000E+00 -1.9540E-14 -2.0606E-13  1.4499E-16  8.8615E+02
  1.6100E-01  6.3125E+01  4.1622E+03  4.4927E+03  0.0000E+00 -3.1482E+02 -8.1959E-01 -1.4827E+01  0.0000E+00  0.0000E+00 -2.5935E-13  6.5370E-13  2.0323E-16  2.5656E+03
  1.7710E-01  1.8245E+02  1.2039E+04  1.2995E+04  0.0000E+00 -9.0999E+02 -2.3697E+00 -4.2842E+01  0.0000E+00  0.0000E+00 -7.3186E-13  1.1369E-13  6.5069E-17  7.4112E+03
  1.9320E-01  5.2775E+02  3.4831E+04  3.7594E+04  0.0000E+00 -2.6314E+03 -6.8526E+00 -1.2390E+02  0.0000E+00  0.0000E+00 -1.4495E-12 -1.7394E-11  5.0124E-16  2.1448E+04
  2.0930E-01  1.5263E+03  1.0072E+05  1.0871E+05  0.0000E+00 -7.6111E+03 -1.9818E+01 -3.5832E+02  0.0000E+00  0.0000E+00  2.5580E-12 -5.0022E-12  6.9544E-17  6.2023E+04
  2.2540E-01  4.4144E+03  2.9132E+05  3.1442E+05  0.0000E+00 -2.2012E+04 -5.7318E+01 -1.0363E+03  0.0000E+00  0.0000E+00 -1.0914E-11  4.5475E-11  1.7934E-16  1.7938E+05
  2.4150E-01  1.2767E+04  8.4255E+05  9.0938E+05  0.0000E+00 -6.3662E+04 -1.6577E+02 -2.9972E+03  0.0000E+00  0.0000E+00 -2.3192E-11  8.3674E-11  1.1751E-16  5.1882E+05
  2.5760E-01  3.6926E+04  2.4368E+06  2.6301E+06  0.0000E+00 -1.8412E+05 -4.7945E+02 -8.6684E+03  0.0000E+00  0.0000E+00 -3.5470E-10  2.4738E-10  2.2892E-16  1.5005E+06
  2.7370E-01  1.0680E+05  7.0479E+06  7.6069E+06  0.0000E+00 -5.3253E+05 -1.3867E+03 -2.5071E+04  0.0000E+00  0.0000E+00 -6.6575E-10 -1.7462E-10  1.1048E-16  4.3398E+06
  2.8980E-01  3.0888E+05  2.0384E+07  2.2000E+07  0.0000E+00 -1.5402E+06 -4.0105E+03 -7.2510E+04  0.0000E+00  0.0000E+00 -1.7899E-09 -2.3283E-09  1.8719E-16  1.2552E+07
  3.0590E-01  8.9333E+05  5.8953E+07  6.3629E+07  0.0000E+00 -4.4545E+06 -1.1599E+04 -2.0971E+05  0.0000E+00  0.0000E+00 -7.2469E-09  7.4506E-09  2.3099E-16  3.6301E+07
  3.2200E-01  2.5837E+06  1.7050E+08  1.8403E+08  0.0000E+00 -1.2883E+07 -3.3547E+04 -6.0654E+05  0.0000E+00  0.0000E+00 -7.2177E-09  1.3970E-08  1.1513E-16  1.0499E+08
  3.3810E-01  7.4724E+06  4.9312E+08  5.3223E+08  0.0000E+00 -3.7260E+07 -9.7025E+04 -1.7542E+06  0.0000E+00  0.0000E+00 -5.1688E-08  3.5390E-08  1.6361E-16  3.0365E+08
  3.5420E-01  2.1611E+07  1.4262E+09  1.5393E+09  0.0000E+00 -1.0776E+08 -2.8061E+05 -5.0735E+06  0.0000E+00  0.0000E+00 -5.9605E-08 -3.0547E-07  2.3717E-16  8.7820E+08
  3.7030E-01  6.2504E+07  4.1248E+09  4.4520E+09  0.0000E+00 -3.1167E+08 -8.1158E+05 -1.4673E+07  0.0000E+00  0.0000E+00 -1.4715E-07 -1.0431E-06  2.6735E-16  2.5399E+09
  3.8640E-01  1.8077E+08  1.1930E+10  1.2876E+10  0.0000E+00 -9.0141E+08 -2.3472E+06 -4.2438E+07  0.0000E+00  0.0000E+00 -8.3447E-07  3.5167E-06  3.3793E-16  7.3459E+09
  4.0250E-01  5.2283E+08  3.4503E+10  3.7239E+10  0.0000E+00 -2.6070E+09 -6.7886E+06 -1.2274E+08  0.0000E+00  0.0000E+00 -1.6689E-06 -3.2187E-06  1.3125E-16  2.1246E+10
  4.1860E-01  1.5121E+09  9.9789E+10  1.0770E+11  0.0000E+00 -7.5400E+09 -1.9634E+07 -3.5498E+08  0.0000E+00  0.0000E+00 -2.0862E-06  1.4305E-06  3.2652E-17  6.1447E+10
  4.3470E-01  4.3733E+09  2.8861E+11  3.1150E+11  0.0000E+00 -2.1807E+10 -5.6785E+07 -1.0267E+09  0.0000E+00  0.0000E+00 -1.5140E-05  2.9445E-05  1.4313E-16  1.7771E+11
  4.5080E-01  1.2648E+10  8.3470E+11  9.0091E+11  0.0000E+00 -6.3070E+10 -1.6423E+08 -2.9693E+09  0.0000E+00  0.0000E+00 -9.0599E-06  3.8147E-06  1.4291E-17  5.1398E+11
  4.6690E-01  3.6582E+10  2.4141E+12  2.6056E+12  0.0000E+00 -1.8241E+11 -4.7499E+08 -8.5878E+09  0.0000E+00  0.0000E+00 -3.3951E-04  6.3324E-04  3.7333E-16  1.4865E+12
  4.8300E-01  1.0580E+11  6.9820E+12  7.5358E+12  0.0000E+00 -5.2756E+11 -1.3737E+09 -2.4837E+10  0.0000E+00  0.0000E+00 -5.9891E-04  9.4604E-04  2.0501E-16  4.2993E+12
  4.9910E-01  3.0599E+11  2.0193E+13  2.1795E+13  0.0000E+00 -1.5258E+12 -3.9731E+09 -7.1834E+10  0.0000E+00  0.0000E+00 -5.4932E-04 -6.1035E-04  5.3208E-17  1.2434E+13
  5.1520E-01  8.8499E+11  5.8403E+13  6.3035E+13  0.0000E+00 -4.4129E+12 -1.1491E+10 -2.0776E+11  0.0000E+00  0.0000E+00 -2.2583E-03 -9.5215E-03  1.8688E-16  3.5962E+13
  5.3130E-01  2.5595E+12  1.6891E+14  1.8231E+14  0.0000E+00 -1.2763E+13 -3.3234E+10 -6.0087E+11  0.0000E+00  0.0000E+00 -1.1597E-02  2.0508E-02  1.7610E-16  1.0401E+14
  5.4740E-01  7.4027E+12  4.8852E+14  5.2727E+14  0.0000E+00 -3.6913E+13 -9.6119E+10 -1.7378E+12  0.0000E+00  0.0000E+00 -8.3008E-03 -7.2266E-02  1.5280E-16  3.0081E+14
  5.6350E-01  2.1410E+13  1.4129E+15  1.5250E+15  0.0000E+00 -1.0676E+14 -2.7799E+11 -5.0261E+12  0.0000E+00  0.0000E+00 -9.1797E-02 -2.6562E-01  2.3438E-16  8.7001E+14
  5.7960E-01  6.1921E+13  4.0863E+15  4.4104E+15  0.0000E+00 -3.0876E+14 -8.0401E+11 -1.4536E+13  0.0000E+00  0.0000E+00  2.1484E-02  4.8438E-01  1.1470E-16  2.5162E+15
  5.9570E-01  1.7909E+14  1.1818E+16  1.2756E+16  0.0000E+00 -8.9300E+14 -2.3253E+12 -4.2042E+13  0.0000E+00  0.0000E+00  7.0312E-01  4.4375E+00  4.0300E-16  7.2774E+15
  6.1180E-01  5.1795E+14  3.4181E+16  3.6892E+16  0.0000E+00 -2.5827E+15 -6.7253E+12 -1.2159E+14  0.0000E+00  0.0000E+00 -1.2188E+00 -4.3750E+00  1.5163E-16  2.1047E+16
  6.2790E-01  1.4980E+15  9.8857E+16  1.0670E+17  0.0000E+00 -7.4696E+15 -1.9451E+13 -3.5167E+14  0.0000E+00  0.0000E+00 -3.5625E+00  4.0000E+00  7.0878E-17  6.0873E+16
  6.4400E-01  4.3325E+15  2.8591E+17  3.0859E+17  0.0000E+00 -2.1604E+16 -5.6255E+13 -1.0171E+15  0.0000E+00  0.0000E+00 -2.5375E+01  2.0000E+01  1.4704E-16  1.7606E+17
  6.6010E-01  1.2530E+16  8.2691E+17  8.9250E+17  0.0000E+00 -6.2481E+16 -1.6270E+14 -2.9416E+15  0.0000E+00  0.0000E+00  1.8000E+01 -1.5200E+02  1.9048E-16  5.0919E+17
  6.7620E-01  3.6240E+16  2.3916E+18  2.5813E+18  0.0000E+00 -1.8071E+17 -4.7055E+14 -8.5077E+15  0.0000E+00  0.0000E+00 -2.8200E+02  5.2000E+02  3.1070E-16  1.4727E+18
  6.9230E-01  1.0481E+17  6.9169E+18  7.4655E+18  0.0000E+00 -5.2264E+17 -1.3609E+15 -2.4606E+16  0.0000E+00  0.0000E+00 -9.6000E+01 -1.1520E+03  1.6717E-16  4.2592E+18
  7.0840E-01  3.0314E+17  2.0005E+19  2.1592E+19  0.0000E+00 -1.5116E+18 -3.9361E+15 -7.1164E+16  0.0000E+00  0.0000E+00  4.8000E+01 -5.3120E+03  2.4825E-16  1.2318E+19
  7.2450E-01  8.7673E+17  5.7858E+19  6.2447E+19  0.0000E+00 -4.3717E+18 -1.1384E+16 -2.0582E+17  0.0000E+00  0.0000E+00  5.4400E+02 -1.3056E+04  2.1779E-16  3.5627E+19
  7.4060E-01  2.5357E+18  1.6733E+20  1.8061E+20  0.0000E+00 -1.2644E+19 -3.2924E+16 -5.9527E+17  0.0000E+00  0.0000E+00  4.7360E+03 -9.2160E+03  7.7251E-17  1.0304E+20
  7.5670E-01  7.3336E+18  4.8396E+20  5.2235E+20  0.0000E+00 -3.6568E+19 -9.5222E+16 -1.7216E+18  0.0000E+00  0.0000E+00 -1.2544E+04  3.0720E+04  8.2826E-17  2.9801E+20
  7.7280E-01  2.1210E+19  1.3997E+21  1.5107E+21  0.0000E+00 -1.0576E+20 -2.7540E+17 -4.9792E+18  0.0000E+00  0.0000E+00 -3.0720E+04 -1.4746E+05  1.1794E-16  8.6189E+20
  7.8890E-01  6.1343E+19  4.0482E+21  4.3693E+21  0.0000E+00 -3.0588E+20 -7.9650E+17 -1.4401E+19  0.0000E+00  0.0000E+00 -4.9152E+04  9.6666E+05  2.3249E-16  2.4927E+21
  8.0500E-01  1.7742E+20  1.1708E+22  1.2637E+22  0.0000E+00 -8.8466E+20 -2.3036E+18 -4.1650E+19  0.0000E+00  0.0000E+00 -3.0310E+05 -2.2938E+06  2.0550E-16  7.2095E+21
  8.2110E-01  5.1312E+20  3.3862E+22  3.6548E+22  0.0000E+00 -2.5586E+21 -6.6625E+18 -1.2046E+20  0.0000E+00  0.0000E+00 -1.4418E+06 -7.8643E+06  2.5463E-16  2.0851E+22
  8.3720E-01  1.4840E+21  9.7935E+22  1.0570E+23  0.0000E+00 -7.3999E+21 -1.9269E+19 -3.4839E+20  0.0000E+00  0.0000E+00 -1.3763E+06 -5.7672E+06  6.7581E-17  6.0305E+22
  8.5330E-01  4.2921E+21  2.8324E+23  3.0571E+23  0.0000E+00 -2.1402E+22 -5.5730E+19 -1.0076E+21  0.0000E+00  0.0000E+00  6.2915E+06 -1.0905E+08  3.7730E-16  1.7441E+23
  8.6940E-01  1.2413E+22  8.1920E+23  8.8417E+23  0.0000E+00 -6.1898E+22 -1.6118E+20 -2.9142E+21  0.0000E+00  0.0000E+00 -3.6700E+07  1.5938E+08  2.2177E-16  5.0443E+23
  8.8550E-01  3.5902E+22  2.3693E+24  2.5572E+24  0.0000E+00 -1.7902E+23 -4.6616E+20 -8.4283E+21  0.0000E+00  0.0000E+00 -1.7931E+08  4.1104E+08  2.3086E-16  1.4589E+24
  9.0160E-01  1.0383E+23  6.8523E+24  7.3958E+24  0.0000E+00 -5.1776E+23 -1.3482E+21 -2.4376E+22  0.0000E+00  0.0000E+00 -3.3554E+07 -5.3687E+08  7.7128E-17  4.2194E+24
  9.1770E-01  3.0031E+23  1.9818E+25  2.1390E+25  0.0000E+00 -1.4975E+24 -3.8993E+21 -7.0500E+22  0.0000E+00  0.0000E+00 -1.3841E+09 -7.3820E+08  9.9220E-17  1.2203E+25
  9.3380E-01  8.6855E+23  5.7318E+25  6.1864E+25  0.0000E+00 -4.3309E+24 -1.1278E+22 -2.0390E+23  0.0000E+00  0.0000E+00 -2.1810E+09  9.1268E+09  1.8279E-16  3.5294E+25
  9.4990E-01  2.5120E+24  1.6577E+26  1.7892E+26  0.0000E+00 -1.2526E+25 -3.2617E+22 -5.8971E+23  0.0000E+00  0.0000E+00 -3.6910E+09  9.5966E+09  7.4265E-17  1.0208E+26
  9.6600E-01  7.2651E+24  4.7944E+26  5.1747E+26  0.0000E+00 -3.6227E+25 -9.4333E+22 -1.7055E+24  0.0000E+00  0.0000E+00 -2.8186E+10  4.7245E+10  1.4577E-16  2.9523E+26
  9.8210E-01  2.1012E+25  1.3866E+27  1.4966E+27  0.0000E+00 -1.0477E+26 -2.7283E+23 -4.9328E+24  0.0000E+00  0.0000E+00 -1.6106E+11  2.9206E+11  3.0276E-16  8.5385E+26
  9.9820E-01  6.0771E+25  4.0104E+27  4.3285E+27  0.0000E+00 -3.0303E+26 -7.8907E+23 -1.4266E+25  0.0000E+00  0.0000E+00 -1.5462E+11 -3.6078E+11  1.1907E-16  2.4695E+27
  1.0143E+00  1.7576E+26  1.1599E+28  1.2519E+28  0.0000E+00 -8.7641E+26 -2.2821E+24 -4.1261E+25  0.0000E+00  0.0000E+00 -1.3916E+12  3.7109E+12  4.0758E-16  7.1422E+27
  1.0304E+00  5.0833E+26  3.3546E+28  3.6207E+28  0.0000E+00 -2.5347E+27 -6.6003E+24 -1.1933E+26  0.0000E+00  0.0000E+00 -9.1053E+11 -2.7488E+11  3.2740E-17  2.0656E+28
  1.0465E+00  1.4702E+27  9.7021E+28  1.0472E+29  0.0000E+00 -7.3309E+27 -1.9089E+25 -3.4514E+26  0.0000E+00  0.0000E+00 -5.3601E+12 -1.5943E+13  2.0344E-16  5.9742E+28
  1.0626E+00  4.2520E+27  2.8060E+29  3.0286E+29  0.0000E+00 -2.1202E+28 -5.5210E+25 -9.9820E+26  0.0000E+00  0.0000E+00 -1.2919E+13  3.4085E+13  1.5520E-16  1.7279E+29
  1.0787E+00  1.2298E+28  8.1155E+29  8.7592E+29  0.0000E+00 -6.1321E+28 -1.5968E+26 -2.8870E+27  0.0000E+00  0.0000E+00 -3.2436E+13 -4.3980E+13  8.7241E-17  4.9973E+29
  1.0948E+00  3.5567E+28  2.3471E+30  2.5333E+30  0.0000E+00 -1.7735E+29 -4.6181E+26 -8.3496E+27  0.0000E+00  0.0000E+00  5.2777E+13 -2.6388E+13  3.1250E-17  1.4453E+30
  1.1109E+00  1.0287E+29  6.7884E+30  7.3268E+30  0.0000E+00 -5.1293E+29 -1.3356E+27 -2.4149E+28  0.0000E+00  0.0000E+00 -4.1342E+14 -7.7406E+14  1.6207E-16  4.1801E+30
  1.1270E+00  2.9751E+29  1.9633E+31  2.1190E+31  0.0000E+00 -1.4835E+30 -3.8629E+27 -6.9842E+28  0.0000E+00  0.0000E+00 -7.5646E+14 -5.1369E+15  2.7812E-16  1.2089E+31
  1.1431E+00  1.7064E+00  1.1261E+02  1.2154E+02  0.0000E+00 -8.5087E+00 -2.2156E-02 -4.0059E-01  0.0000E+00  0.0000E+00 -1.0658E-14 -4.4409E-16  9.1346E-17 -1.8479E+31
  1.1592E+00  4.9352E+00  3.2568E+02  3.5151E+02  0.0000E+00 -2.4609E+01 -6.4080E-02 -1.1586E+00  0.0000E+00  0.0000E+00 -5.9952E-15 -3.0198E-14  1.0296E-16  2.0055E+02
  1.1753E+00  1.4273E+01  9.4194E+02  1.0166E+03  0.0000E+00 -7.1172E+01 -1.8533E-01 -3.3508E+00  0.0000E+00  0.0000E+00 -3.5083E-14 -2.0961E-13  2.4069E-16  5.8001E+02
  1.1914E+00  4.1281E+01  2.7242E+03  2.9403E+03  0.0000E+00 -2.0584E+02 -5.3601E-01 -9.6911E+00  0.0000E+00  0.0000E+00  1.0658E-14 -2.8422E-13  1.0029E-16  1.6775E+03
  1.2075E+00  1.1939E+02  7.8790E+03  8.5039E+03  0.0000E+00 -5.9534E+02 -1.5502E+00 -2.8028E+01  0.0000E+00  0.0000E+00 -8.1712E-14  1.1369E-12  1.4330E-16  4.8516E+03
  1.2236E+00  3.4530E+02  2.2787E+04  2.4595E+04  0.0000E+00 -1.7218E+03 -4.4836E+00 -8.1063E+01  0.0000E+00  0.0000E+00 -2.7001E-13 -3.0695E-12  1.3578E-16  1.4032E+04
  1.2397E+00  9.9868E+02  6.5906E+04  7.1133E+04  0.0000E+00 -4.9798E+03 -1.2967E+01 -2.3445E+02  0.0000E+00  0.0000E+00 -8.1855E-12 -4.5475E-12  1.7900E-16  4.0582E+04
  1.2558E+00  2.8884E+03  1.9061E+05  2.0573E+05  0.0000E+00 -1.4402E+04 -3.7504E+01 -6.7807E+02  0.0000E+00  0.0000E+00 -6.8212E-12 -2.3647E-11  1.4810E-16  1.1737E+05
  1.2719E+00  8.3537E+03  5.5128E+05  5.9500E+05  0.0000E+00 -4.1655E+04 -1.0847E+02 -1.9611E+03  0.0000E+00  0.0000E+00 -4.3428E-11 -4.5702E-11  1.4980E-16  3.3946E+05
  1.2880E+00  2.4160E+04  1.5944E+06  1.7209E+06  0.0000E+00 -1.2047E+05 -3.1371E+02 -5.6718E+03  0.0000E+00  0.0000E+00 -3.7289E-11 -4.6566E-10  2.9227E-16  9.8178E+05
  1.3041E+00  6.9876E+04  4.6113E+06  4.9770E+06  0.0000E+00 -3.4843E+05 -9.0729E+02 -1.6404E+04  0.0000E+00  0.0000E+00 -1.4552E-11 -8.7311E-11  2.0467E-17  2.8395E+06
  1.3202E+00  2.0209E+05  1.3337E+07  1.4394E+07  0.0000E+00 -1.0077E+06 -2.6241E+03 -4.7443E+04  0.0000E+00  0.0000E+00 -3.8563E-10 -1.8626E-09  1.5619E-16  8.2123E+06
  1.3363E+00  5.8449E+05  3.8572E+07  4.1631E+07  0.0000E+00 -2.9145E+06 -7.5892E+03 -1.3721E+05  0.0000E+00  0.0000E+00 -1.6880E-09 -3.0268E-09  1.1325E-16  2.3751E+07
  1.3524E+00  1.6905E+06  1.1156E+08  1.2041E+08  0.0000E+00 -8.4292E+06 -2.1949E+04 -3.9685E+05  0.0000E+00  0.0000E+00 -3.7253E-09  3.7253E-09  6.1879E-17  6.8693E+07
  1.3685E+00  4.8891E+06  3.2264E+08  3.4823E+08  0.0000E+00 -2.4379E+07 -6.3482E+04 -1.1478E+06  0.0000E+00  0.0000E+00 -2.6310E-08  6.8918E-08  2.7346E-16  1.9867E+08
  1.3846E+00  1.4140E+07  9.3314E+08  1.0072E+09  0.0000E+00 -7.0508E+07 -1.8360E+05 -3.3195E+06  0.0000E+00  0.0000E+00 -3.7253E-09 -2.0489E-07  2.0713E-16  5.7460E+08
  1.4007E+00  4.0896E+07  2.6988E+09  2.9129E+09  0.0000E+00 -2.0392E+08 -5.3101E+05 -9.6006E+06  0.0000E+00  0.0000E+00 -2.6636E-07  5.3644E-07  2.7560E-16  1.6618E+09
  1.4168E+00  1.1828E+08  7.8055E+09  8.4245E+09  0.0000E+00 -5.8978E+08 -1.5358E+06 -2.7767E+07  0.0000E+00  0.0000E+00 -1.2293E-07 -5.9605E-07  8.5344E-17  4.8063E+09
  1.4329E+00  3.4208E+08  2.2575E+10  2.4365E+10  0.0000E+00 -1.7057E+09 -4.4417E+06 -8.0306E+07  0.0000E+00  0.0000E+00 -1.1623E-06 -1.9073E-06  1.2598E-16  1.3901E+10
  1.4490E+00  9.8936E+08  6.5290E+10  7.0469E+10  0.0000E+00 -4.9333E+09 -1.2846E+07 -2.3226E+08  0.0000E+00  0.0000E+00 -3.4869E-06  6.6757E-06  1.4421E-16  4.0204E+10
  1.4651E+00  2.8614E+09  1.8883E+11  2.0381E+11  0.0000E+00 -1.4268E+10 -3.7153E+07 -6.7174E+08  0.0000E+00  0.0000E+00 -5.4836E-06 -3.8147E-06  4.5623E-17  1.1628E+11
  1.4812E+00  8.2757E+09  5.4613E+11  5.8945E+11  0.0000E+00 -4.1266E+10 -1.0745E+08 -1.9428E+09  0.0000E+00  0.0000E+00 -1.8835E-05 -5.9128E-05  1.3226E-16  3.3629E+11
  1.4973E+00  2.3935E+10  1.5795E+12  1.7048E+12  0.0000E+00 -1.1935E+11 -3.1078E+08 -5.6189E+09  0.0000E+00  0.0000E+00 -1.1826E-04 -8.3923E-05  1.1859E-16  9.7261E+11
  1.5000E+00  2.8601E+10  1.8874E+12  2.0371E+12  0.0000E+00 -1.4261E+11 -3.7136E+08 -6.7143E+09  0.0000E+00  0.0000E+00 -7.1526E-05 -3.6621E-04  2.1488E-16  3.7629E+11
