 #  1.  time
 #  2.  Total Energy
 #  3.  Total dE/dt
 #  4.  Drive 1 term
 #  5.  Heat sources (nonlocal)
 #  6.  Collisional Dissipation
 #  7.  hyp_v dissipation
 #  8.  hyp_z dissipation
 #  9.  hyp_x/y dissipation
 #  10. nonlinearity
 #  11. [Poisson err]_z,vpar
 #  12. curvature + remaining terms (if any)
 #  13. (abs(10)+abs(11)+abs(12))/abs(4): test for conservation
 #  14. change in energy: (E(t)-E(t_last_energy_calc))/(dt*istep_energy)
#        1           2           3           4           5           6           7           8           9          10          11          12          13          14
  0.0000E+00  1.2543E-01 -2.1291E-02  0.0000E+00  0.0000E+00  4.6481E-05 -1.2922E-07 -2.1337E-02  0.0000E+00  0.0000E+00 -3.5041E-16  0.0000E+00  0.0000E+00  3.3449E+00
  3.7500E-02  2.4476E+00  9.1562E+01  9.3105E+01  0.0000E+00 -1.5073E+00 -1.9774E-03 -3.4155E-02  0.0000E+00  0.0000E+00  5.8287E-16  8.4377E-15  9.6886E-17  6.1923E+01
  7.5000E-02  2.1633E+01  1.4339E+03  1.4522E+03  0.0000E+00 -1.8245E+01 -2.7117E-02 -4.7877E-02  0.0000E+00  0.0000E+00 -1.6390E-14  3.5527E-14  3.5750E-17  5.1162E+02
  1.1250E-01  3.0900E+02  2.2601E+04  2.2837E+04  0.0000E+00 -2.3565E+02 -2.5082E-01 -4.6469E-01  0.0000E+00  0.0000E+00  1.0136E-13 -9.3792E-13  4.5508E-17  7.6632E+03
  1.5000E-01  4.8007E+03  3.5057E+05  3.5420E+05  0.0000E+00 -3.6232E+03 -3.1794E+00 -7.2412E+00  0.0000E+00  0.0000E+00 -3.5083E-12  1.0232E-10  2.9878E-16  1.1978E+05
  1.8750E-01  7.4784E+04  5.4975E+06  5.5532E+06  0.0000E+00 -5.5557E+04 -4.7769E+01 -1.0646E+02  0.0000E+00  0.0000E+00 -2.0094E-11 -1.1642E-10  2.4582E-17  1.8662E+06
  2.2500E-01  1.1809E+06  8.6823E+07  8.7702E+07  0.0000E+00 -8.7614E+05 -7.6063E+02 -1.6403E+03  0.0000E+00  0.0000E+00 -4.4770E-10 -3.9579E-09  5.0234E-17  2.9497E+07
  2.6250E-01  1.8479E+07  1.3544E+09  1.3682E+09  0.0000E+00 -1.3749E+07 -1.2388E+04 -2.4216E+04  0.0000E+00  0.0000E+00 -1.2617E-08 -4.2841E-08  4.0533E-17  4.6129E+08
  3.0000E-01  2.9171E+08  2.1593E+10  2.1808E+10  0.0000E+00 -2.1465E+08 -2.0051E+05 -3.7221E+05  0.0000E+00  0.0000E+00 -1.2515E-08  4.3809E-06  2.0146E-16  7.2862E+09
  3.3750E-01  4.7608E+09  3.5626E+11  3.5975E+11  0.0000E+00 -3.4821E+09 -3.3143E+06 -6.0383E+06  0.0000E+00  0.0000E+00 -5.4920E-06  6.1998E-06  3.2500E-17  1.1918E+11
  3.7500E-01  7.9186E+10  5.9444E+12  6.0026E+12  0.0000E+00 -5.8079E+10 -5.6255E+07 -9.9334E+07  0.0000E+00  0.0000E+00 -2.3618E-05 -1.1444E-03  1.9458E-16  1.9847E+12
  4.1250E-01  1.3248E+12  9.9648E+13  1.0062E+14  0.0000E+00 -9.7256E+11 -9.5966E+08 -1.6720E+09  0.0000E+00  0.0000E+00 -1.3804E-04 -1.6846E-02  1.6879E-16  3.3216E+13
  4.5000E-01  2.2319E+13  1.6835E+15  1.6999E+15  0.0000E+00 -1.6381E+13 -1.6400E+10 -2.8566E+10  0.0000E+00  0.0000E+00 -9.4376E-03  3.9844E-01  2.3994E-16  5.5985E+14
  4.8750E-01  3.7886E+14  2.8646E+16  2.8925E+16  0.0000E+00 -2.7809E+14 -2.8172E+11 -4.8802E+11  0.0000E+00  0.0000E+00  7.2632E-01  3.2500E+00  1.3747E-16  9.5078E+15
  5.2500E-01  6.4702E+15  4.9013E+17  4.9489E+17  0.0000E+00 -4.7498E+15 -4.8599E+12 -8.3763E+12  0.0000E+00  0.0000E+00 -5.2080E+00  4.8001E+01  1.0752E-16  1.6244E+17
  5.6250E-01  1.1101E+17  8.4212E+18  8.5030E+18  0.0000E+00 -8.1506E+16 -8.4083E+13 -1.4453E+14  0.0000E+00  0.0000E+00  2.0262E+02 -4.1600E+02  7.2754E-17  2.7877E+18
  6.0000E-01  1.9120E+18  1.4523E+20  1.4664E+20  0.0000E+00 -1.4039E+18 -1.4581E+15 -2.5004E+15  0.0000E+00  0.0000E+00 -4.6600E+02 -2.0736E+04  1.4458E-16  4.8026E+19
  6.3750E-01  3.3046E+19  2.5130E+21  2.5373E+21  0.0000E+00 -2.4265E+19 -2.5339E+16 -4.3375E+16  0.0000E+00  0.0000E+00 -8.0800E+04  3.2768E+04  4.4759E-17  8.3024E+20
  6.7500E-01  5.7277E+20  4.3594E+22  4.4015E+22  0.0000E+00 -4.2059E+20 -4.4117E+17 -7.5408E+17  0.0000E+00  0.0000E+00  1.2428E+06 -5.5052E+06  1.5331E-16  1.4393E+22
  7.1250E-01  9.9492E+21  7.5774E+23  7.6507E+23  0.0000E+00 -7.3061E+21 -7.6910E+18 -1.3131E+19  0.0000E+00  0.0000E+00  5.3146E+06 -7.9690E+07  1.1111E-16  2.5004E+23
  7.5000E-01  1.7312E+23  1.3192E+25  1.3320E+25  0.0000E+00 -1.2713E+23 -1.3420E+20 -2.2896E+20  0.0000E+00  0.0000E+00  1.0338E+08  4.5302E+08  4.1773E-17  4.3512E+24
  7.8750E-01  3.0166E+24  2.2997E+26  2.3220E+26  0.0000E+00 -2.2154E+24 -2.3436E+21 -3.9960E+21  0.0000E+00  0.0000E+00  6.2616E+09  4.8324E+09  4.7778E-17  7.5826E+25
  8.2500E-01  5.2623E+25  4.0133E+27  4.0520E+27  0.0000E+00 -3.8647E+25 -4.0958E+22 -6.9797E+22  0.0000E+00  0.0000E+00  4.2111E+10 -5.1540E+10  2.3112E-17  1.3228E+27
  8.6250E-01  9.1885E+26  7.0095E+28  7.0772E+28  0.0000E+00 -6.7481E+26 -7.1622E+23 -1.2200E+24  0.0000E+00  0.0000E+00  1.0077E+12  1.8967E+13  2.8224E-16  2.3099E+28
  9.0000E-01  1.6055E+28  1.2251E+30  1.2369E+30  0.0000E+00 -1.1791E+28 -1.2530E+25 -2.1334E+25  0.0000E+00  0.0000E+00 -2.2334E+12 -1.0775E+14  8.8921E-17  4.0364E+29
  9.3750E-01  2.8070E+29  2.1422E+31  2.1629E+31  0.0000E+00 -2.0616E+29 -2.1926E+26 -3.7323E+26  0.0000E+00  0.0000E+00  2.5777E+14 -2.2870E+15  1.1766E-16  7.0572E+30
  9.7500E-01  1.8904E+01  1.4429E+03  1.4568E+03  0.0000E+00 -1.3884E+01 -1.4776E-02 -2.5148E-02  0.0000E+00  0.0000E+00 -9.4542E-15  8.1716E-14  6.2583E-17 -7.4853E+30
  1.0125E+00  3.3076E+02  2.5249E+04  2.5493E+04  0.0000E+00 -2.4293E+02 -2.5868E-01 -4.4021E-01  0.0000E+00  0.0000E+00  9.1804E-13 -3.6380E-12  1.7872E-16  8.3163E+03
  1.0500E+00  5.7892E+03  4.4196E+05  4.4622E+05  0.0000E+00 -4.2519E+03 -4.5297E+00 -7.7071E+00  0.0000E+00  0.0000E+00  1.2554E-11  2.0009E-11  7.2973E-17  1.4556E+05
  1.0875E+00  1.0135E+05  7.7377E+06  7.8124E+06  0.0000E+00 -7.4436E+04 -7.9330E+01 -1.3496E+02  0.0000E+00  0.0000E+00  5.5024E-11  1.2515E-09  1.6723E-16  2.5483E+06
  1.1250E+00  1.7746E+06  1.3549E+08  1.3680E+08  0.0000E+00 -1.3034E+06 -1.3894E+03 -2.3636E+03  0.0000E+00  0.0000E+00 -3.2746E-09 -2.2817E-08  1.9073E-16  4.4619E+07
  1.1625E+00  3.1076E+07  2.3728E+09  2.3957E+09  0.0000E+00 -2.2824E+07 -2.4337E+04 -4.1397E+04  0.0000E+00  0.0000E+00 -2.8929E-08  6.2212E-07  2.7176E-16  7.8138E+08
  1.2000E+00  5.4427E+08  4.1559E+10  4.1960E+10  0.0000E+00 -3.9975E+08 -4.2631E+05 -7.2512E+05  0.0000E+00  0.0000E+00  1.2263E-06 -7.0333E-06  1.9685E-16  1.3685E+10
  1.2375E+00  9.5332E+09  7.2795E+11  7.3497E+11  0.0000E+00 -7.0018E+09 -7.4680E+06 -1.2702E+07  0.0000E+00  0.0000E+00  5.8748E-06  1.1635E-04  1.6630E-16  2.3970E+11
  1.2750E+00  1.6699E+11  1.2752E+13  1.2875E+13  0.0000E+00 -1.2265E+11 -1.3083E+08 -2.2252E+08  0.0000E+00  0.0000E+00  3.7503E-04 -4.4250E-04  6.3499E-17  4.1989E+12
  1.3125E+00  2.9253E+12  2.2339E+14  2.2554E+14  0.0000E+00 -2.1485E+12 -2.2921E+09 -3.8983E+09  0.0000E+00  0.0000E+00  2.0895E-03 -7.8125E-02  3.5565E-16  7.3555E+13
  1.3500E+00  5.1247E+13  3.9134E+15  3.9512E+15  0.0000E+00 -3.7640E+13 -4.0158E+10 -6.8296E+10  0.0000E+00  0.0000E+00  2.0988E-02  3.1258E-02  1.3223E-17  1.2886E+15
  1.3875E+00  8.9781E+14  6.8561E+16  6.9222E+16  0.0000E+00 -6.5941E+14 -7.0356E+11 -1.1965E+12  0.0000E+00  0.0000E+00 -2.8809E-02  1.0250E+01  1.4849E-16  2.2575E+16
  1.4250E+00  1.5729E+16  1.2012E+18  1.2128E+18  0.0000E+00 -1.1553E+16 -1.2327E+13 -2.0963E+13  0.0000E+00  0.0000E+00  7.1094E+00 -4.8000E+01  4.5441E-17  3.9551E+17
  1.4625E+00  2.7558E+17  2.1045E+19  2.1248E+19  0.0000E+00 -2.0240E+17 -2.1597E+14 -3.6729E+14  0.0000E+00  0.0000E+00  4.3400E+02 -7.0400E+02  5.3559E-17  6.9293E+18
  1.5000E+00  4.8282E+18  3.6871E+20  3.7227E+20  0.0000E+00 -3.5462E+18 -3.7840E+15 -6.4351E+15  0.0000E+00  0.0000E+00 -1.0400E+03  5.4272E+04  1.4858E-16  1.2140E+20
