 #  1.  time
 #  2.  Total Energy
 #  3.  Total dE/dt
 #  4.  Drive 1 term
 #  5.  Heat sources (nonlocal)
 #  6.  Collisional Dissipation
 #  7.  hyp_v dissipation
 #  8.  hyp_z dissipation
 #  9.  hyp_x/y dissipation
 #  10. nonlinearity
 #  11. [Poisson err]_z,vpar
 #  12. curvature + remaining terms (if any)
 #  13. (abs(10)+abs(11)+abs(12))/abs(4): test for conservation
 #  14. change in energy: (E(t)-E(t_last_energy_calc))/(dt*istep_energy)
#        1           2           3           4           5           6           7           8           9          10          11          12          13          14
  0.0000E+00  1.5301E-01 -3.9342E-02  0.0000E+00  0.0000E+00  6.1000E-05 -1.9165E-07 -3.9403E-02  0.0000E+00  0.0000E+00 -5.6205E-16  2.0817E-17  0.0000E+00  3.7229E+00
  4.1100E-02  2.4951E+00  5.4025E+01  5.4892E+01  0.0000E+00 -7.6484E-01 -1.2399E-03 -1.0067E-01  0.0000E+00  0.0000E+00  1.3878E-16  2.6645E-15  5.1070E-17  5.6985E+01
  8.2200E-02  7.4520E+00  2.2222E+02  2.2766E+02  0.0000E+00 -5.3272E+00 -9.0986E-03 -1.0296E-01  0.0000E+00  0.0000E+00 -4.6629E-15  1.3323E-14  7.9001E-17  1.2061E+02
  1.2330E-01  3.6984E+01  1.5461E+03  1.5745E+03  0.0000E+00 -2.8357E+01 -3.7925E-02 -5.0312E-02  0.0000E+00  0.0000E+00  3.2335E-15  1.1724E-13  7.6514E-17  7.1854E+02
  1.6440E-01  2.3877E+02  1.1328E+04  1.1498E+04  0.0000E+00 -1.6979E+02 -1.5999E-01 -4.1684E-01  0.0000E+00  0.0000E+00 -4.6685E-14  1.4211E-12  1.2765E-16  4.9097E+03
  2.0550E-01  1.7119E+03  8.2073E+04  8.3273E+04  0.0000E+00 -1.1953E+03 -9.3027E-01 -3.6457E+00  0.0000E+00  0.0000E+00  4.2486E-12 -8.8671E-12  1.5750E-16  3.5842E+04
  2.4660E-01  1.1974E+04  5.5817E+05  5.6681E+05  0.0000E+00 -8.6113E+03 -6.5112E+00 -2.3416E+01  0.0000E+00  0.0000E+00 -1.4641E-11 -6.0030E-11  1.3174E-16  2.4969E+05
  2.8770E-01  7.8673E+04  3.5431E+06  3.6014E+06  0.0000E+00 -5.8093E+04 -4.4630E+01 -1.5848E+02  0.0000E+00  0.0000E+00  1.7604E-10  1.2951E-09  4.0850E-16  1.6228E+06
  3.2880E-01  4.8726E+05  2.1339E+07  2.1703E+07  0.0000E+00 -3.6270E+05 -2.8404E+02 -1.1540E+03  0.0000E+00  0.0000E+00 -1.7940E-10 -1.8044E-09  9.1410E-17  9.9413E+06
  3.6990E-01  2.8967E+06  1.2471E+08  1.2686E+08  0.0000E+00 -2.1386E+06 -1.7000E+03 -8.2562E+03  0.0000E+00  0.0000E+00  4.1928E-09 -1.2573E-08  1.3216E-16  5.8623E+07
  4.1100E-01  1.6887E+07  7.2349E+08  7.3579E+08  0.0000E+00 -1.2233E+07 -9.8237E+03 -5.5185E+04  0.0000E+00  0.0000E+00  4.3132E-08 -6.5193E-08  1.4722E-16  3.4040E+08
  4.5210E-01  9.8679E+07  4.2590E+09  4.3291E+09  0.0000E+00 -6.9701E+07 -5.6221E+04 -3.4547E+05  0.0000E+00  0.0000E+00  3.9232E-08  6.7055E-07  1.6396E-16  1.9901E+09
  4.9320E-01  5.8958E+08  2.5878E+10  2.6286E+10  0.0000E+00 -4.0592E+08 -3.2644E+05 -2.0676E+06  0.0000E+00  0.0000E+00  7.8324E-07  1.7881E-06  9.7824E-17  1.1944E+10
  5.3430E-01  3.6448E+09  1.6315E+11  1.6563E+11  0.0000E+00 -2.4637E+09 -1.9627E+06 -1.2109E+07  0.0000E+00  0.0000E+00  2.4997E-06  1.1921E-05  8.7065E-17  7.4336E+10
  5.7540E-01  2.3289E+10  1.0586E+12  1.0743E+12  0.0000E+00 -1.5647E+10 -1.2323E+07 -7.0905E+07  0.0000E+00  0.0000E+00  6.1095E-07  1.5640E-04  1.4615E-16  4.7797E+11
  6.1650E-01  1.5200E+11  6.9589E+12  7.0621E+12  0.0000E+00 -1.0264E+11 -8.0136E+07 -4.2309E+08  0.0000E+00  0.0000E+00 -8.1956E-05  6.1041E-04  9.8040E-17  3.1316E+12
  6.5760E-01  9.9816E+11  4.5683E+13  4.6367E+13  0.0000E+00 -6.8131E+11 -5.2992E+08 -2.6058E+09  0.0000E+00  0.0000E+00  8.2207E-04  1.0376E-02  2.4151E-16  2.0588E+13
  6.9870E-01  6.5173E+12  2.9671E+14  3.0123E+14  0.0000E+00 -4.4994E+12 -3.5011E+09 -1.6582E+10  0.0000E+00  0.0000E+00  2.5311E-03  3.8084E-02  1.3483E-16  1.3429E+14
  7.3980E-01  4.2039E+13  1.9000E+15  1.9294E+15  0.0000E+00 -2.9279E+13 -2.2853E+10 -1.0793E+11  0.0000E+00  0.0000E+00  6.6971E-02  1.4062E-01  1.0760E-16  8.6427E+14
  7.8090E-01  2.6750E+14  1.2005E+16  1.2194E+16  0.0000E+00 -1.8721E+14 -1.4674E+11 -7.0811E+11  0.0000E+00  0.0000E+00  4.9438E-02 -2.7812E+00  2.3215E-16  5.4857E+15
  8.2200E-01  1.6829E+15  7.5138E+16  7.6323E+16  0.0000E+00 -1.1788E+15 -9.2769E+11 -4.6262E+12  0.0000E+00  0.0000E+00  2.3877E+00  4.2500E+00  8.6969E-17  3.4437E+16
  8.6310E-01  1.0512E+16  4.6821E+17  4.7559E+17  0.0000E+00 -7.3459E+15 -5.7987E+12 -2.9885E+13  0.0000E+00  0.0000E+00  1.1559E+01 -9.0039E+00  4.3236E-17  2.1483E+17
  9.0420E-01  6.5537E+16  2.9196E+18  2.9655E+18  0.0000E+00 -4.5598E+16 -3.6048E+13 -1.9051E+14  0.0000E+00  0.0000E+00  3.2625E+01 -2.5600E+02  9.7329E-17  1.3388E+18
  9.4530E-01  4.0958E+17  1.8288E+19  1.8573E+19  0.0000E+00 -2.8361E+17 -2.2419E+14 -1.2005E+15  0.0000E+00  0.0000E+00  6.8525E+02  3.6800E+03  2.3503E-16  8.3708E+18
  9.8640E-01  2.5731E+18  1.1526E+20  1.1705E+20  0.0000E+00 -1.7749E+18 -1.4013E+15 -7.5082E+15  0.0000E+00  0.0000E+00 -3.8200E+02  1.2288E+04  1.0825E-16  5.2641E+19
  1.0275E+00  1.6262E+19  7.3068E+20  7.4193E+20  0.0000E+00 -1.1194E+19 -8.8213E+15 -4.6832E+16  0.0000E+00  0.0000E+00  2.7080E+04 -1.2288E+04  5.3062E-17  3.3305E+20
  1.0686E+00  1.0327E+20  4.6499E+21  4.7213E+21  0.0000E+00 -7.1078E+19 -5.5912E+16 -2.9264E+17  0.0000E+00  0.0000E+00  6.6304E+04  9.6666E+05  2.1879E-16  2.1170E+21
  1.1097E+00  6.5759E+20  2.9634E+22  3.0089E+22  0.0000E+00 -4.5317E+20 -3.5605E+17 -1.8374E+18  0.0000E+00  0.0000E+00 -1.4490E+05  1.1141E+06  4.1843E-17  1.3487E+22
  1.1508E+00  4.1891E+21  1.8871E+23  1.9162E+23  0.0000E+00 -2.8925E+21 -2.2715E+18 -1.1604E+19  0.0000E+00  0.0000E+00  6.0723E+06 -1.1534E+07  9.1883E-17  8.5924E+22
  1.1919E+00  2.6649E+22  1.1992E+24  1.2177E+24  0.0000E+00 -1.8437E+22 -1.4481E+19 -7.3641E+19  0.0000E+00  0.0000E+00  2.1012E+07  1.8883E+07  3.2762E-17  5.4647E+23
  1.2330E+00  1.6914E+23  7.6009E+24  7.7186E+24  0.0000E+00 -1.1718E+23 -9.2099E+19 -4.6873E+20  0.0000E+00  0.0000E+00  1.5794E+08  1.5267E+09  2.1826E-16  3.4668E+24
  1.2741E+00  1.0709E+24  4.8067E+25  4.8813E+25  0.0000E+00 -7.4242E+23 -5.8397E+20 -2.9856E+21  0.0000E+00  0.0000E+00  1.5540E+09 -1.4764E+09  6.2082E-17  2.1940E+25
  1.3152E+00  6.7676E+24  3.0353E+26  3.0824E+26  0.0000E+00 -4.6916E+24 -3.6929E+21 -1.8996E+22  0.0000E+00  0.0000E+00  1.3741E+10 -2.6844E+09  5.3285E-17  1.3861E+26
  1.3563E+00  4.2728E+25  1.9158E+27  1.9456E+27  0.0000E+00 -2.9604E+25 -2.3312E+22 -1.2060E+23  0.0000E+00  0.0000E+00  6.8938E+10  3.4360E+10  5.3093E-17  8.7494E+26
  1.3974E+00  2.6975E+26  1.2098E+28  1.2285E+28  0.0000E+00 -1.8674E+26 -1.4708E+23 -7.6379E+23  0.0000E+00  0.0000E+00  5.3526E+11  3.1267E+12  2.9808E-16  5.5237E+27
  1.4385E+00  1.7041E+27  7.6463E+28  7.7647E+28  0.0000E+00 -1.1788E+27 -9.2830E+23 -4.8282E+24  0.0000E+00  0.0000E+00 -1.2670E+12  2.1990E+12  4.4638E-17  3.4900E+28
  1.4796E+00  1.0777E+28  4.8381E+29  4.9130E+29  0.0000E+00 -7.4500E+27 -5.8654E+24 -3.0488E+25  0.0000E+00  0.0000E+00  2.2360E+13 -3.7383E+13  1.2160E-16  2.2074E+29
  1.5000E+00  2.6929E+28  1.2093E+30  1.2280E+30  0.0000E+00 -1.8613E+28 -1.4652E+25 -7.6092E+25  0.0000E+00  0.0000E+00 -3.2195E+13  6.5971E+12  3.1590E-17  6.1885E+29
