#1.zgrid 2.gxx 3.gxy 4.gyy 5.gBfield
-1.000000000000000000e+00 2.696281480130530372e+00 2.547881709479523860e+00 3.217446083283590497e+00 1.477646500230239468e+00
-9.947916666666666297e-01 2.688931698531115355e+00 2.615341110983427697e+00 3.355386498698289977e+00 1.477293551294074581e+00
-9.895833333333333703e-01 2.667587188554322530e+00 2.667527140751402293e+00 3.484438357486298266e+00 1.476259445842598383e+00
-9.843750000000000000e-01 2.632957227876660422e+00 2.703807301999261004e+00 3.602397493826078101e+00 1.474579496742706386e+00
-9.791666666666666297e-01 2.586885343004410753e+00 2.725227529865983822e+00 3.708919036513201206e+00 1.472305410708579787e+00
-9.739583333333333703e-01 2.530539340058397535e+00 2.732086358995871489e+00 3.803013916581321041e+00 1.469483054877623651e+00
-9.687500000000000000e-01 2.465457174096228332e+00 2.725372563176907015e+00 3.884591413849317831e+00 1.466164236318773906e+00
-9.635416666666666297e-01 2.393156503831372461e+00 2.705984053926714594e+00 3.953342116277240414e+00 1.462400937538599788e+00
-9.583333333333333703e-01 2.315661257480555957e+00 2.675842715017774154e+00 4.010357959335152600e+00 1.458251074175667350e+00
-9.531250000000000000e-01 2.233794573630819791e+00 2.635705296138891374e+00 4.056037631366492313e+00 1.453758207787984258e+00
-9.479166666666666297e-01 2.149383190353598483e+00 2.587348876876047310e+00 4.091362175928188627e+00 1.448975893656388125e+00
-9.427083333333333703e-01 2.063492700389848000e+00 2.531528488508196340e+00 4.116138738110688422e+00 1.443947996057626471e+00
-9.375000000000000000e-01 1.976938989393984603e+00 2.470306863547696352e+00 4.133820786274166714e+00 1.438713170692796028e+00
-9.322916666666666297e-01 1.891189455186088830e+00 2.404744043024457767e+00 4.144052039425768719e+00 1.433315619254425188e+00
-9.270833333333333703e-01 1.806611966518812507e+00 2.335502373286745925e+00 4.147621034990859101e+00 1.427785198275349554e+00
-9.218750000000000000e-01 1.723766443728701914e+00 2.263706049468977355e+00 4.146083733196381793e+00 1.422151566534008982e+00
-9.166666666666666297e-01 1.643331533019734447e+00 2.190448431449028899e+00 4.140598417656466523e+00 1.416443317563066406e+00
-9.114583333333333703e-01 1.565726030258468127e+00 2.116348134417713300e+00 4.131603671877654982e+00 1.410684289367974076e+00
-9.062500000000000000e-01 1.490714263235854098e+00 2.041669121827576205e+00 4.120257495949699589e+00 1.404889302619030556e+00
-9.010416666666666297e-01 1.419096297332988588e+00 1.967316919410586173e+00 4.106675148952124488e+00 1.399082424427174010e+00
-8.958333333333333703e-01 1.350493685170412350e+00 1.893578537055245814e+00 4.092465844837298583e+00 1.393272771499076468e+00
-8.906250000000000000e-01 1.285102173566003758e+00 1.820745638582396797e+00 4.077652053201431315e+00 1.387474263834876487e+00
-8.854166666666666297e-01 1.223046614908208651e+00 1.749367959869193134e+00 4.063115782668469400e+00 1.381698872193109606e+00
-8.802083333333333703e-01 1.164151849169875685e+00 1.679369714741592245e+00 4.048897479517629350e+00 1.375953847724589396e+00
-8.750000000000000000e-01 1.108310647802666304e+00 1.611023108500445389e+00 4.035843770839541378e+00 1.370245728452365919e+00
-8.697916666666667407e-01 1.055448646858222705e+00 1.544351342681667738e+00 4.023976610094091910e+00 1.364580452912349307e+00
-8.645833333333333703e-01 1.005404630137292088e+00 1.479450353707552290e+00 4.013856635509974957e+00 1.358961774597065908e+00
-8.593750000000000000e-01 9.581854259971933629e-01 1.416593504380539992e+00 4.005920016780274651e+00 1.353394643102527883e+00
-8.541666666666667407e-01 9.137372913943961894e-01 1.355648008493635981e+00 3.999583398160706516e+00 1.347882441903399453e+00
-8.489583333333333703e-01 8.716755664000723769e-01 1.296624003478552334e+00 3.996139833990052015e+00 1.342424471091299587e+00
-8.437500000000000000e-01 8.319212358705734278e-01 1.239730398753837726e+00 3.996245280134646638e+00 1.337022823964600038e+00
-8.385416666666667407e-01 7.945017273314338713e-01 1.183602517241506114e+00 3.995316147261810169e+00 1.331679630430263162e+00
-8.333333333333333703e-01 7.591193803704336940e-01 1.130094598314153043e+00 3.999942315047674057e+00 1.326393553385829538e+00
-8.281250000000000000e-01 7.257942278661515534e-01 1.079168288203540271e+00 4.009515947496542054e+00 1.321165980543782092e+00
-8.229166666666667407e-01 6.942877806786864614e-01 1.029981478607884915e+00 4.022402157925828448e+00 1.315995070652317134e+00
-8.177083333333333703e-01 6.645494267454638004e-01 9.828029021050483927e-01 4.039293411614381490e+00 1.310880733754000715e+00
-8.125000000000000000e-01 6.364597753104735967e-01 9.375441864390874347e-01 4.060208955577440548e+00 1.305821819033589515e+00
-8.072916666666667407e-01 6.099281972259446016e-01 8.941351416050860035e-01 4.085076186143681731e+00 1.300817235629625701e+00
-8.020833333333333703e-01 5.848492090055681381e-01 8.526234111864996468e-01 4.114281385109366695e+00 1.295865591547393780e+00
-7.968750000000000000e-01 5.611452781059286243e-01 8.130445223570520463e-01 4.148004589002074916e+00 1.290965482820253030e+00
-7.916666666666667407e-01 5.387153799054447134e-01 7.753343469684175204e-01 4.186320749701687660e+00 1.286115134312293851e+00
-7.864583333333333703e-01 5.174919424632249410e-01 7.395312947774292933e-01 4.229378676407117510e+00 1.281312940287612445e+00
-7.812500000000000000e-01 4.973998954227086822e-01 7.057103565344788887e-01 4.277493682844232481e+00 1.276557028938403393e+00
-7.760416666666667407e-01 4.783638257802871885e-01 6.738395331503657104e-01 4.330700299980591694e+00 1.271845434341202452e+00
-7.708333333333333703e-01 4.603297671129762958e-01 6.440601544454727101e-01 4.389351328573114941e+00 1.267176240636262552e+00
-7.656250000000000000e-01 4.432359379690418710e-01 6.161602089779603109e-01 4.452886067634479694e+00 1.262547380396364050e+00
-7.604166666666667407e-01 4.270298148608156485e-01 5.904893126259558311e-01 4.522242768454001194e+00 1.257956746739445686e+00
-7.552083333333333703e-01 4.116962178849660203e-01 5.669237865066443227e-01 4.596643507063647327e+00 1.253402589191736194e+00
-7.500000000000000000e-01 3.971382597641716083e-01 5.454047612571004677e-01 4.676389956728183250e+00 1.248882221517858326e+00
-7.447916666666667407e-01 3.833895935892424056e-01 5.262089320794337555e-01 4.761247194381588166e+00 1.244394291642983763e+00
-7.395833333333333703e-01 3.703596250648861221e-01 5.092180603216985846e-01 4.851349601470181128e+00 1.239936182079440785e+00
-7.343750000000000000e-01 3.580934544425987132e-01 4.946996082516840754e-01 4.946207798119067078e+00 1.235506605309508066e+00
-7.291666666666667407e-01 3.464864895058739069e-01 4.825534561742506057e-01 5.046291213713370638e+00 1.231102805182057391e+00
-7.239583333333333703e-01 3.355940127400248163e-01 4.729352494182958444e-01 5.150624191536265606e+00 1.226723684144194415e+00
-7.187500000000000000e-01 3.253831321649217068e-01 4.658771793319972931e-01 5.259101390936904430e+00 1.222367177557321938e+00
-7.135416666666667407e-01 3.158952088501795208e-01 4.615163146569550845e-01 5.370766838274980692e+00 1.218032184384237882e+00
-7.083333333333333703e-01 3.069964835855231167e-01 4.593381682899917440e-01 5.485722194511263083e+00 1.213715734353783882e+00
-7.031250000000000000e-01 2.988344886161168890e-01 4.603708494128510020e-01 5.603882397309273067e+00 1.209418055786979584e+00
-6.979166666666667407e-01 2.913311848831818818e-01 4.640106153561526781e-01 5.724277978286538726e+00 1.205136780661602236e+00
-6.927083333333333703e-01 2.845763662299951591e-01 4.703863996413564230e-01 5.845021879075309457e+00 1.200871204233884937e+00
-6.875000000000000000e-01 2.784591741600486170e-01 4.794141893789362618e-01 5.967610058939134099e+00 1.196619331548508969e+00
-6.822916666666667407e-01 2.731141729487464587e-01 4.912121598668928724e-01 6.089256041804741670e+00 1.192381162801848138e+00
-6.770833333333333703e-01 2.685114373399797860e-01 5.059925029886300774e-01 6.211063210173774607e+00 1.188155392471374583e+00
-6.718750000000000000e-01 2.646719584918006962e-01 5.233601633886945104e-01 6.330945619917889289e+00 1.183941189059387167e+00
-6.666666666666667407e-01 2.616279154016684094e-01 5.434751442267738986e-01 6.448645391350148692e+00 1.179737958914489626e+00
-6.614583333333333703e-01 2.593417539339862299e-01 5.652843768878025310e-01 6.560655360676173053e+00 1.175544655802945648e+00
-6.562500000000000000e-01 2.579337253417307574e-01 5.907713309830134873e-01 6.672639725748804373e+00 1.171361617481294859e+00
-6.510416666666667407e-01 2.573883288697434435e-01 6.186294912664701551e-01 6.779755549550786853e+00 1.167188147793464470e+00
-6.458333333333333703e-01 2.576571300986931767e-01 6.475095463997606604e-01 6.876937567727949840e+00 1.163023186043565804e+00
-6.406250000000000000e-01 2.589426890298033856e-01 6.786782470487960905e-01 6.965169345323144690e+00 1.158868218228801261e+00
-6.354166666666667407e-01 2.610045631626087825e-01 7.113745582708542736e-01 7.047513531987380730e+00 1.154720689497236830e+00
-6.302083333333333703e-01 2.640618050916488380e-01 7.458359329691299777e-01 7.119996156941350129e+00 1.150582509212181082e+00
-6.250000000000000000e-01 2.680300495122892035e-01 7.819442515879808653e-01 7.184993939210130520e+00 1.146452666678021259e+00
-6.197916666666667407e-01 2.728557456351173305e-01 8.186708792008189350e-01 7.238780255894164739e+00 1.142330521604279614e+00
-6.145833333333333703e-01 2.786660783180271994e-01 8.564396083703287310e-01 7.281201341030313579e+00 1.138216840916871808e+00
-6.093750000000000000e-01 2.855723358511748633e-01 8.968096306707848964e-01 7.320321348094616098e+00 1.134113618577134552e+00
-6.041666666666667407e-01 2.933440544193460786e-01 9.359111981634486988e-01 7.339056562855355459e+00 1.130017217623628722e+00
-5.989583333333333703e-01 3.019093891763273141e-01 9.741866951352252668e-01 7.342451818006718867e+00 1.125928767346231041e+00
-5.937500000000000000e-01 3.115703197430403359e-01 1.013374773547391916e+00 7.335351019191032051e+00 1.121850778170463414e+00
-5.885416666666667407e-01 3.222799415461361505e-01 1.053184035082654457e+00 7.318586545815392697e+00 1.117781903101200180e+00
-5.833333333333333703e-01 3.336382748135905962e-01 1.092598240820920497e+00 7.295761875353020898e+00 1.113719800665458948e+00
-5.781250000000000000e-01 3.461127837397579565e-01 1.132176264425277745e+00 7.261200370107688151e+00 1.109668683654401855e+00
-5.729166666666667407e-01 3.594349662003791801e-01 1.171118683298772556e+00 7.216676119573524062e+00 1.105626020792683795e+00
-5.677083333333333703e-01 3.735793951549079006e-01 1.208898759533729939e+00 7.160307696801141653e+00 1.101592030935214961e+00
-5.625000000000000000e-01 3.886966013533205144e-01 1.246278733012495810e+00 7.095165538599188082e+00 1.097568268932670010e+00
-5.572916666666667407e-01 4.046324756882457852e-01 1.282708113748020073e+00 7.021681842646149363e+00 1.093553314583918690e+00
-5.520833333333333703e-01 4.215411033596929702e-01 1.318403354441264996e+00 6.939547372731563968e+00 1.089548765308691936e+00
-5.468750000000000000e-01 4.393011270907445920e-01 1.352922674425165672e+00 6.849120584255771860e+00 1.085553615540658434e+00
-5.416666666666667407e-01 4.579031983531948180e-01 1.386484008803943180e+00 6.752790921040062955e+00 1.081568210254830742e+00
-5.364583333333333703e-01 4.774694438682799413e-01 1.419332454922187514e+00 6.651129006739450844e+00 1.077593357334158286e+00
-5.312500000000000000e-01 4.978985140320341674e-01 1.450831137475861787e+00 6.542684525080141533e+00 1.073628294760842872e+00
-5.260416666666667407e-01 5.192179562350948130e-01 1.481288438354756209e+00 6.429703868266374300e+00 1.069673333494169043e+00
-5.208333333333333703e-01 5.413395898309070198e-01 1.510576440081094818e+00 6.313260047405997888e+00 1.065727785994850629e+00
-5.156250000000000000e-01 5.644195406594040287e-01 1.539151371287690528e+00 6.194664818980179177e+00 1.061792904169941654e+00
-5.104166666666667407e-01 5.885485178022495933e-01 1.566811145565987884e+00 6.072539538859620833e+00 1.057869661344158496e+00
-5.052083333333333703e-01 6.135090154886181368e-01 1.593518435431308333e+00 5.949584635758530915e+00 1.053955902705170367e+00
-5.000000000000000000e-01 6.394499607751417125e-01 1.619303648182148336e+00 5.824936631716783886e+00 1.050053107971040456e+00
-4.947916666666667407e-01 6.663898012997967468e-01 1.644274266065499868e+00 5.699503962271908364e+00 1.046161333061634391e+00
-4.895833333333333703e-01 6.943306864371862064e-01 1.668450877719959813e+00 5.573824292801012881e+00 1.042280551239141539e+00
-4.843750000000000000e-01 7.232839835952595831e-01 1.691731290456279124e+00 5.447723840736479417e+00 1.038410815737522475e+00
-4.791666666666667407e-01 7.533364166805630591e-01 1.714433588128482233e+00 5.322431264115738969e+00 1.034552785635096894e+00
-4.739583333333333703e-01 7.844302778678927668e-01 1.736390585356097915e+00 5.197921204123572281e+00 1.030705936906565201e+00
-4.687500000000000000e-01 8.166255316451773716e-01 1.757675031246396680e+00 5.074397290625061174e+00 1.026870683456674982e+00
-4.635416666666667407e-01 8.500543895110306281e-01 1.778393865239814575e+00 4.951813055213821535e+00 1.023048051087302124e+00
-4.583333333333333703e-01 8.844877500641629142e-01 1.798346520942034177e+00 4.830923521002024046e+00 1.019236099555328900e+00
-4.531250000000000000e-01 9.203420954802797871e-01 1.818046085690171232e+00 4.711732801338769150e+00 1.015438104384280615e+00
-4.479166666666667407e-01 9.573795290599197427e-01 1.837160578015883949e+00 4.594415041100743835e+00 1.011652057301649421e+00
-4.427083333333333703e-01 9.956884706202521196e-01 1.855698025052813449e+00 4.478744622380994578e+00 1.007878583699135078e+00
-4.375000000000000000e-01 1.035410548321310742e+00 1.873957059945849934e+00 4.365388647612646444e+00 1.004118709392119557e+00
-4.322916666666667407e-01 1.076480286362231364e+00 1.891840913277970326e+00 4.254424983845071395e+00 1.000371795890027338e+00
-4.270833333333333703e-01 1.119065964757025800e+00 1.909369288693584465e+00 4.145403893125920725e+00 9.966390885910678676e-01
-4.218750000000000000e-01 1.163064535563813839e+00 1.926535782979585942e+00 4.038838954966923467e+00 9.929197116146811775e-01
-4.166666666666667407e-01 1.208671187980152606e+00 1.943443847974747563e+00 3.934503030198365892e+00 9.892151402678734939e-01
-4.114583333333333703e-01 1.255780441048907070e+00 1.960061322973325471e+00 3.832755362256326848e+00 9.855244893749611768e-01
-4.062500000000000000e-01 1.304536855112423899e+00 1.976420427935728030e+00 3.733328813196168383e+00 9.818488949761363660e-01
-4.010416666666667407e-01 1.354843923886530854e+00 1.992326634978643485e+00 3.636002962497346225e+00 9.781876517826936235e-01
-3.958333333333333703e-01 1.406786301329753019e+00 2.007922502144345422e+00 3.541037385727899167e+00 9.745414724195695655e-01
-3.906250000000000000e-01 1.460533148806862247e+00 2.023343404771511977e+00 3.448458604553132467e+00 9.709117053534118691e-01
-3.854166666666667407e-01 1.515882005714116465e+00 2.038273881568919421e+00 3.357928727176497041e+00 9.672969252422192188e-01
-3.802083333333333703e-01 1.573041698448596426e+00 2.052911941503201554e+00 3.269565772024052741e+00 9.636988103547472484e-01
-3.750000000000000000e-01 1.631971260972645554e+00 2.067213880925867553e+00 3.183388382389458648e+00 9.601171860842354633e-01
-3.697916666666667407e-01 1.692815901046301974e+00 2.081159108380032929e+00 3.099107010671660500e+00 9.565532783602571643e-01
-3.645833333333333703e-01 1.755556357399790102e+00 2.094783869067339044e+00 3.016901782689387357e+00 9.530070914277970484e-01
-3.593750000000000000e-01 1.820249148059211564e+00 2.108096002447283457e+00 2.936729619697849181e+00 9.494792264242842839e-01
-3.541666666666667407e-01 1.886982473564576379e+00 2.121086390169815594e+00 2.858462103895594630e+00 9.459705444174117961e-01
-3.489583333333333703e-01 1.955665898707837913e+00 2.133710888848163290e+00 2.782168354366797658e+00 9.424806613718026416e-01
-3.437500000000000000e-01 2.026313292805597577e+00 2.145870620195384770e+00 2.707627666544083489e+00 9.390099916155976167e-01
-3.385416666666667407e-01 2.098927204315624184e+00 2.157520032152287826e+00 2.634757006920928735e+00 9.355589642453872035e-01
-3.333333333333333703e-01 2.173469977879497250e+00 2.168592093238420393e+00 2.563483582692397178e+00 9.321277748819718489e-01
-3.281250000000000000e-01 2.249981722046110910e+00 2.179103768230074678e+00 2.493802008748071675e+00 9.287172024361272094e-01
-3.229166666666667407e-01 2.328395856237940098e+00 2.188898698252379482e+00 2.425493052682520467e+00 9.253273226633459414e-01
-3.177083333333333703e-01 2.408765840872197028e+00 2.198052603281835271e+00 2.358653410279051954e+00 9.219591002570128868e-01
-3.125000000000000000e-01 2.491186069362773647e+00 2.206537100085499858e+00 2.293147645496469433e+00 9.186138184784092831e-01
-3.072916666666667407e-01 2.575585900580547261e+00 2.214336169125342035e+00 2.229024160868931848e+00 9.152916163185298437e-01
-3.020833333333333703e-01 2.662003585438717845e+00 2.221426922428813899e+00 2.166214158793069444e+00 9.119934764642017022e-01
-2.968750000000000000e-01 2.750238937438694187e+00 2.227616212290522757e+00 2.104560258178695964e+00 9.087187986022878805e-01
-2.916666666666667407e-01 2.840301041003870264e+00 2.232904998268947505e+00 2.044057271089840810e+00 9.054685582913059028e-01
-2.864583333333333703e-01 2.931977882593292062e+00 2.237098493679878342e+00 1.984548223889510465e+00 9.022422805560768033e-01
-2.812500000000000000e-01 3.025200260049770051e+00 2.240157549748671872e+00 1.926014490120444789e+00 8.990405736741918785e-01
-2.760416666666667407e-01 3.119871349193526822e+00 2.242028542746766551e+00 1.868430984203950596e+00 8.958639291673942129e-01
-2.708333333333333703e-01 3.216003473207403651e+00 2.242648221029200251e+00 1.811692196314532266e+00 8.927136182036126133e-01
-2.656250000000000000e-01 3.313613522203512574e+00 2.242051770483520556e+00 1.755837994995320450e+00 8.895910017388031221e-01
-2.604166666666667407e-01 3.412540930492778291e+00 2.240155936465384023e+00 1.700836554466652828e+00 8.864963035313362383e-01
-2.552083333333333703e-01 3.512641219617011590e+00 2.236915088276460573e+00 1.646691848598830665e+00 8.834299943052815740e-01
-2.500000000000000000e-01 3.613563526343964938e+00 2.232103100018814512e+00 1.593267406691198040e+00 8.803912849300231658e-01
-2.447916666666667407e-01 3.715077590919402706e+00 2.225569171727467044e+00 1.540467001914661349e+00 8.773803233541987989e-01
-2.395833333333333703e-01 3.817005499154531467e+00 2.217290115644773962e+00 1.488325405604933094e+00 8.743976819158186808e-01
-2.343750000000000000e-01 3.919278809190920310e+00 2.207269055907482791e+00 1.436859319753323705e+00 8.714447259033615278e-01
-2.291666666666667407e-01 4.021919510967574496e+00 2.195458112236740256e+00 1.385997311355535500e+00 8.685234537419903589e-01
-2.239583333333333703e-01 4.124711524172173682e+00 2.181867755948180054e+00 1.335819436467933885e+00 8.656344030504553588e-01
-2.187500000000000000e-01 4.227280311548175185e+00 2.166348727036641719e+00 1.286276605748695845e+00 8.627772189174796047e-01
-2.135416666666667407e-01 4.329192969463155016e+00 2.148725370843991733e+00 1.237306141428559103e+00 8.599513083018959225e-01
-2.083333333333333703e-01 4.430090859344631760e+00 2.128905710350704084e+00 1.188904962719568026e+00 8.571566455115133820e-01
-2.031250000000000000e-01 4.530072938848160646e+00 2.106994903098197369e+00 1.141134026573578097e+00 8.543961603695835461e-01
-1.979166666666667407e-01 4.628966908491264576e+00 2.082968538994374619e+00 1.094002762282089813e+00 8.516710960495731397e-01
-1.927083333333333703e-01 4.726732482865457996e+00 2.056956103451011764e+00 1.047624177564436376e+00 8.489836366840329829e-01
-1.875000000000000000e-01 4.822637237946897137e+00 2.028564045051336695e+00 1.001806787454576408e+00 8.463316939206715350e-01
-1.822916666666667407e-01 4.916453814823208646e+00 1.997760750089995208e+00 9.565646796129747553e-01 8.437164805937286127e-01
-1.770833333333333703e-01 5.007818948577070550e+00 1.964898963580818947e+00 9.122418989441778425e-01 8.411383108750059012e-01
-1.718750000000000000e-01 5.097006580687994060e+00 1.929793248625165880e+00 8.686186609438787398e-01 8.386014941162077685e-01
-1.666666666666667407e-01 5.183863033827547540e+00 1.892627940451905522e+00 8.258543317266275885e-01 8.361077131805477736e-01
-1.614583333333333703e-01 5.267953374622191376e+00 1.853283841857103154e+00 7.839185201965719330e-01 8.336570429212774025e-01
-1.562500000000000000e-01 5.348813847342141159e+00 1.811707311804441778e+00 7.428298870263597697e-01 8.312494027145849174e-01
-1.510416666666667407e-01 5.426303365625575026e+00 1.767959538623025129e+00 7.026392834843334656e-01 8.288865892345824715e-01
-1.458333333333333703e-01 5.500672573233245544e+00 1.722242605560348805e+00 6.634357328613587068e-01 8.265727361798341777e-01
-1.406250000000000000e-01 5.572018954401984914e+00 1.674726903676110323e+00 6.253026882539626241e-01 8.243111136713441311e-01
-1.354166666666667407e-01 5.639676183727238445e+00 1.625359795938913443e+00 5.882685925026280849e-01 8.221004367622685161e-01
-1.302083333333333703e-01 5.703497025459267178e+00 1.574153922337854672e+00 5.523393177130450082e-01 8.199424637448923248e-01
-1.250000000000000000e-01 5.763666523076731885e+00 1.521251934106235826e+00 5.175649800840077530e-01 8.178407545836896553e-01
-1.197916666666667407e-01 5.820364830930852662e+00 1.466844155935600247e+00 4.840176914409610731e-01 8.157987806121914653e-01
-1.145833333333333703e-01 5.873712776069647923e+00 1.411100197530736899e+00 4.517596572076082451e-01 8.138198134009189122e-01
-1.093750000000000000e-01 5.922976391690524700e+00 1.353910960788365259e+00 4.207782514331618873e-01 8.119019693715263664e-01
-1.041666666666667407e-01 5.968652191356628833e+00 1.295448459625816007e+00 3.911048971708960265e-01 8.100503774121097234e-01
-9.895833333333337034e-02 6.010929729027370882e+00 1.235832113198486404e+00 3.627689863440858309e-01 8.082681654308432329e-01
-9.375000000000000000e-02 6.049951783365609792e+00 1.175281169260954606e+00 3.358408979105161341e-01 8.065583505768729733e-01
-8.854166666666674068e-02 6.085420337579377836e+00 1.113766287903248386e+00 3.103112304879833694e-01 8.049213658801224192e-01
-8.333333333333337034e-02 6.117441481498008038e+00 1.051328245115814575e+00 2.861781342843984222e-01 8.033596731882843844e-01
-7.812500000000000000e-02 6.146792605657381614e+00 9.881972635702949148e-01 2.634780765585603146e-01 8.018794046888665372e-01
-7.291666666666674068e-02 6.173434664284327411e+00 9.244853711858109779e-01 2.422386835774515967e-01 8.004820405989486742e-01
-6.770833333333337034e-02 6.196944300408119943e+00 8.601893904184161332e-01 2.224634303391540002e-01 7.991669113858289597e-01
-6.250000000000000000e-02 6.217533814380383106e+00 7.953560535431083434e-01 2.041475683360585991e-01 7.979366960977092305e-01
-5.729166666666674068e-02 6.236362519663012804e+00 7.301117294787710099e-01 1.872809320927627252e-01 7.967992343012171297e-01
-5.208333333333337034e-02 6.252749690989736209e+00 6.645927846622343704e-01 1.719091315365339767e-01 7.957518091131375870e-01
-4.687500000000000000e-02 6.266798256657800437e+00 5.987602979045425489e-01 1.580096501955506327e-01 7.947964336653918771e-01
-4.166666666666674068e-02 6.278897856278531364e+00 5.326945676167236243e-01 1.455826462681253375e-01 7.939363321434557141e-01
-3.645833333333337034e-02 6.289340761979237193e+00 4.663660986085584326e-01 1.346125497526465264e-01 7.931738261524605704e-01
-3.125000000000000000e-02 6.298289659928257400e+00 3.999487404560418957e-01 1.251181551188284280e-01 7.925106989959325166e-01
-2.604166666666674068e-02 6.305137389213459009e+00 3.334314641739441476e-01 1.171033221774245292e-01 7.919443944197216423e-01
-2.083333333333337034e-02 6.310801559219032519e+00 2.667841779010266534e-01 1.105431245018069913e-01 7.914807585040862792e-01
-1.562500000000000000e-02 6.315476858825173068e+00 2.000523989972382288e-01 1.054382629061899612e-01 7.911210831036591395e-01
-1.041666666666674068e-02 6.318930663928420621e+00 1.331492277409822844e-01 1.017889941660962277e-01 7.908643887313765442e-01
-5.208333333333370341e-03 6.319797577626495411e+00 6.646023846461926454e-02 9.962792279144523644e-02 7.907032784399680159e-01
0.000000000000000000e+00 6.319867787692862393e+00 0.000000000000000000e+00 9.891421512243531167e-02 7.906483174567572325e-01
5.208333333333259318e-03 6.319797577623803342e+00 -6.646023846272694491e-02 9.962792279133868278e-02 7.907032784399663505e-01
1.041666666666651864e-02 6.318930663941052295e+00 -1.331492277716829487e-01 1.017889941676117377e-01 7.908643887313777654e-01
1.562500000000000000e-02 6.315476859018605005e+00 -2.000523992270300533e-01 1.054382629175336511e-01 7.911210831036590285e-01
2.083333333333325932e-02 6.310801559704412256e+00 -2.667841781338287088e-01 1.105431245130819723e-01 7.914807585040890547e-01
2.604166666666651864e-02 6.305137389920679958e+00 -3.334314644352862622e-01 1.171033221921969625e-01 7.919443944197223084e-01
3.125000000000000000e-02 6.298289661554224317e+00 -3.999487406416960544e-01 1.251181551097147182e-01 7.925106989959315174e-01
3.645833333333325932e-02 6.289340764476163415e+00 -4.663660986973241496e-01 1.346125497144403660e-01 7.931738261524605704e-01
4.166666666666651864e-02 6.278897858752590544e+00 -5.326945677222932884e-01 1.455826462301888502e-01 7.939363321434594889e-01
4.687500000000000000e-02 6.266798259195674348e+00 -5.987602980171972122e-01 1.580096501546508214e-01 7.947964336653980943e-01
5.208333333333325932e-02 6.252749693588381952e+00 -6.645927847829189439e-01 1.719091314923686109e-01 7.957518091131368099e-01
5.729166666666651864e-02 6.236362522325236135e+00 -7.301117296075352314e-01 1.872809320446645331e-01 7.967992343012192391e-01
6.250000000000000000e-02 6.217533817103510607e+00 -7.953560536808257364e-01 2.041475682836751682e-01 7.979366960977146706e-01
6.770833333333325932e-02 6.196944303188925751e+00 -8.601893905660727979e-01 2.224634302822210419e-01 7.991669113858359541e-01
7.291666666666651864e-02 6.173434667098997686e+00 -9.244853713454701527e-01 2.422386835167982810e-01 8.004820405989565568e-01
7.812500000000000000e-02 6.146792608534158653e+00 -9.881972637421468919e-01 2.634780764926197283e-01 8.018794046888744198e-01
8.333333333333325932e-02 6.117441484429126497e+00 -1.051328245300773512e+00 2.861781342131022865e-01 8.033596731882860498e-01
8.854166666666651864e-02 6.085420340563658215e+00 -1.113766288102087554e+00 3.103112304110006714e-01 8.049213658801293025e-01
9.375000000000000000e-02 6.049951786404861309e+00 -1.175281169474813758e+00 3.358408978274760037e-01 8.065583505768794126e-01
9.895833333333325932e-02 6.010929732119012492e+00 -1.235832113427848267e+00 3.627689862545974697e-01 8.082681654308481178e-01
1.041666666666665186e-01 5.968652194502336528e+00 -1.295448459871937796e+00 3.911048970746106024e-01 8.100503774121190492e-01
1.093750000000000000e-01 5.922976394887413676e+00 -1.353910961051801420e+00 4.207782513297358418e-01 8.119019693715370245e-01
1.145833333333332593e-01 5.873712779314206323e+00 -1.411100197811890444e+00 4.517596570966664893e-01 8.138198134009282381e-01
1.197916666666665186e-01 5.820364834223840766e+00 -1.466844156235921792e+00 4.840176913223028787e-01 8.157987806122043439e-01
1.250000000000000000e-01 5.763666526414700009e+00 -1.521251934426133934e+00 5.175649799572642484e-01 8.178407545836997583e-01
1.302083333333332593e-01 5.703497028836273408e+00 -1.574153922677638873e+00 5.523393175780472175e-01 8.199424637449012065e-01
1.354166666666665186e-01 5.639676187139186503e+00 -1.625359796299094661e+00 5.882685923591887134e-01 8.221004367622758435e-01
1.406250000000000000e-01 5.572018957846371912e+00 -1.674726904057166399e+00 6.253026881017406113e-01 8.243111136713545672e-01
1.458333333333332593e-01 5.500672576707038353e+00 -1.722242605962525319e+00 6.634357326999139604e-01 8.265727361798490547e-01
1.510416666666665186e-01 5.426303369130715204e+00 -1.767959539048174822e+00 7.026392833136708704e-01 8.288865892345989028e-01
1.562500000000000000e-01 5.348813850872141451e+00 -1.811707312252210711e+00 7.428298868461399307e-01 8.312494027145974629e-01
1.614583333333332593e-01 5.267953378163761080e+00 -1.853283842325554653e+00 7.839185200063807368e-01 8.336570429212871725e-01
1.666666666666665186e-01 5.183863037386320372e+00 -1.892627940943817366e+00 8.258543315266806406e-01 8.361077131805597640e-01
1.718750000000000000e-01 5.097006584258013895e+00 -1.929793249140304479e+00 8.686186607340172783e-01 8.386014941162248659e-01
1.770833333333332593e-01 5.007818952151408709e+00 -1.964898964118152236e+00 9.122418987238545274e-01 8.411383108750185578e-01
1.822916666666665186e-01 4.916453818404136200e+00 -1.997760750651761841e+00 9.565646793826586558e-01 8.437164805937493739e-01
1.875000000000000000e-01 4.822637241528651586e+00 -2.028564045637119229e+00 1.001806787213990191e+00 8.463316939206892986e-01
1.927083333333332593e-01 4.726732486443431469e+00 -2.056956104060348345e+00 1.047624177313252858e+00 8.489836366840460835e-01
1.979166666666665186e-01 4.628966912062402628e+00 -2.082968539627697346e+00 1.094002762020472419e+00 8.516710960495890159e-01
2.031250000000000000e-01 4.530072942411528025e+00 -2.106994903756421067e+00 1.141134026301643845e+00 8.543961603696026419e-01
2.083333333333332593e-01 4.430090862887571923e+00 -2.128905711029206227e+00 1.188904962435284096e+00 8.571566455115315897e-01
2.135416666666665186e-01 4.329192972990920651e+00 -2.148725371546701179e+00 1.237306141133409643e+00 8.599513083019146853e-01
2.187500000000000000e-01 4.227280315056670013e+00 -2.166348727763038884e+00 1.286276605442392418e+00 8.627772189174992556e-01
2.239583333333332593e-01 4.124711527658589283e+00 -2.181867756697981608e+00 1.335819436150130546e+00 8.656344030504689036e-01
2.291666666666665186e-01 4.021919514426973485e+00 -2.195458113009053136e+00 1.385997311025989553e+00 8.685234537420105649e-01
2.343750000000000000e-01 3.919278812625723862e+00 -2.207269056704838306e+00 1.436859319413125169e+00 8.714447259033802906e-01
2.395833333333332593e-01 3.817005502555603780e+00 -2.217290116462717009e+00 1.488325405251587963e+00 8.743976819158351121e-01
2.447916666666665186e-01 3.715077594284462048e+00 -2.225569172565713849e+00 1.540467001547874304e+00 8.773803233542153412e-01
2.500000000000000000e-01 3.613563529673945673e+00 -2.232103100879221813e+00 1.593267406311963619e+00 8.803912849300445931e-01
2.552083333333332593e-01 3.512641222910700023e+00 -2.236915089159700720e+00 1.646691848207718856e+00 8.834299943053020021e-01
2.604166666666665186e-01 3.412540933754320438e+00 -2.240155937375179374e+00 1.700836554065679129e+00 8.864963035313582207e-01
2.656250000000000000e-01 3.313613525431297280e+00 -2.242051771419625972e+00 1.755837994584154682e+00 8.895910017388315438e-01
2.708333333333332593e-01 3.216003476400801198e+00 -2.242648221991985213e+00 1.811692195893233270e+00 8.927136182036383705e-01
2.760416666666665186e-01 3.119871352350103155e+00 -2.242028543734968071e+00 1.868430983771347309e+00 8.958639291674156402e-01
2.812500000000000000e-01 3.025200263170908066e+00 -2.240157550764997563e+00 1.926014489678874453e+00 8.990405736742188569e-01
2.864583333333332593e-01 2.931977885672216289e+00 -2.237098494719214514e+00 1.984548223434893011e+00 9.022422805561025605e-01
2.916666666666665186e-01 2.840301044039812428e+00 -2.232904999332030016e+00 2.044057270623079070e+00 9.054685582913316599e-01
2.968750000000000000e-01 2.750238940434845958e+00 -2.227616213380651189e+00 2.104560257702000392e+00 9.087187986023148589e-01
3.020833333333332593e-01 2.662003588395827069e+00 -2.221426923546650389e+00 2.166214158306216664e+00 9.119934764642230185e-01
3.072916666666665186e-01 2.575585903495488438e+00 -2.214336170269136872e+00 2.229024160370819629e+00 9.152916163185570442e-01
3.125000000000000000e-01 2.491186072238512406e+00 -2.206537101257909139e+00 2.293147644988433154e+00 9.186138184784371497e-01
3.177083333333332593e-01 2.408765843705500398e+00 -2.198052604480516870e+00 2.358653409759176700e+00 9.219591002570433069e-01
3.229166666666665186e-01 2.328395859033388859e+00 -2.188898699482062948e+00 2.425493052154353624e+00 9.253273226633730308e-01
3.281250000000000000e-01 2.249981724800112826e+00 -2.179103769487937825e+00 2.493802008209279109e+00 9.287172024361554090e-01
3.333333333333332593e-01 2.173469980594650686e+00 -2.168592094527598935e+00 2.563483582145524853e+00 9.321277748820010478e-01
3.385416666666665186e-01 2.098927206988473237e+00 -2.157520033469087828e+00 2.634757006361935439e+00 9.355589642454162913e-01
3.437500000000000000e-01 2.026313295437447426e+00 -2.145870621541109635e+00 2.707627665973270759e+00 9.390099916156303683e-01
3.489583333333332593e-01 1.955665901299028286e+00 -2.133710890224367773e+00 2.782168353786310444e+00 9.424806613718323955e-01
3.541666666666665186e-01 1.886982476112189389e+00 -2.121086391572642338e+00 2.858462103300522195e+00 9.459705444174446587e-01
3.593750000000000000e-01 1.820249150566221941e+00 -2.108096003880914004e+00 2.936729619092375732e+00 9.494792264243164803e-01
3.645833333333332593e-01 1.755556359864366422e+00 -2.094783870529032921e+00 3.016901782069647542e+00 9.530070914278311323e-01
3.697916666666665186e-01 1.692815903471092787e+00 -2.081159109872983137e+00 3.099107010040109245e+00 9.565532783602919142e-01
3.750000000000000000e-01 1.631971263355919133e+00 -2.067213882448736495e+00 3.183388381745375639e+00 9.601171860842718786e-01
3.802083333333332593e-01 1.573041700788694319e+00 -2.052911943052841082e+00 3.269565771362471729e+00 9.636988103547857731e-01
3.854166666666665186e-01 1.515882008013701210e+00 -2.038273883149087862e+00 3.357928726501116845e+00 9.672969252422559672e-01
3.906250000000000000e-01 1.460533151065272595e+00 -2.023343406380418763e+00 3.448458603860157901e+00 9.709117053534496167e-01
3.958333333333332593e-01 1.406786303545881411e+00 -2.007922503780228851e+00 3.541037385014370376e+00 9.745414724196098666e-01
4.010416666666665186e-01 1.354843926061310100e+00 -1.992326636642448578e+00 3.636002961763356911e+00 9.781876517827310380e-01
4.062500000000000000e-01 1.304536857247843962e+00 -1.976420429630387332e+00 3.733328812444434153e+00 9.818488949761776663e-01
4.114583333333332593e-01 1.255780443145803060e+00 -1.960061324700821839e+00 3.832755361490040258e+00 9.855244893750028101e-01
4.166666666666665186e-01 1.208671190037885923e+00 -1.943443849734542539e+00 3.934503029417808939e+00 9.892151402679163485e-01
4.218750000000000000e-01 1.163064537583609948e+00 -1.926535784772453574e+00 4.038838954170143936e+00 9.929197116147293611e-01
4.270833333333332593e-01 1.119065966736116025e+00 -1.909369290513550421e+00 4.145403892303106019e+00 9.966390885911141639e-01
4.322916666666665186e-01 1.076480288303970356e+00 -1.891840915132631862e+00 4.254424983009618799e+00 1.000371795890070414e+00
4.375000000000000000e-01 1.035410550227652049e+00 -1.873957061837852933e+00 4.365388646767033087e+00 1.004118709392163966e+00
4.427083333333332593e-01 9.956884724919454754e-01 -1.855698026985134863e+00 4.478744621532857018e+00 1.007878583699183483e+00
4.479166666666665186e-01 9.573795308951071892e-01 -1.837160579980944730e+00 4.594415040230781067e+00 1.011652057301694718e+00
4.531250000000000000e-01 9.203420972787754728e-01 -1.818046087689219936e+00 4.711732800453439118e+00 1.015438104384329465e+00
4.583333333333332593e-01 8.844877518273324135e-01 -1.798346522977937845e+00 4.830923520106211733e+00 1.019236099555377750e+00
4.635416666666665186e-01 8.500543912399105562e-01 -1.778393867312761945e+00 4.951813054305114647e+00 1.023048051087353416e+00
4.687500000000000000e-01 8.166255333371600367e-01 -1.757675033350988958e+00 5.074397289695902202e+00 1.026870683456726718e+00
4.739583333333332593e-01 7.844302795247959370e-01 -1.736390587496311699e+00 5.197921203182866989e+00 1.030705936906616937e+00
4.791666666666665186e-01 7.533364183043939066e-01 -1.714433590308725774e+00 5.322431263171816695e+00 1.034552785635152183e+00
4.843750000000000000e-01 7.232839851846961654e-01 -1.691731292673778642e+00 5.447723839788130462e+00 1.038410815737577320e+00
4.895833333333332593e-01 6.943306879914364904e-01 -1.668450879970484024e+00 5.573824291837928158e+00 1.042280551239198383e+00
4.947916666666665186e-01 6.663898028179794375e-01 -1.644274268346885615e+00 5.699503961295251386e+00 1.046161333061690790e+00
5.000000000000000000e-01 6.394499622581490961e-01 -1.619303650496203062e+00 5.824936630732926446e+00 1.050053107971098854e+00
5.052083333333332593e-01 6.135090169360296608e-01 -1.593518437773623120e+00 5.949584634755050949e+00 1.053955902705229652e+00
5.104166666666665186e-01 5.885485192136901134e-01 -1.566811147932548387e+00 6.072539537826435740e+00 1.057869661344218448e+00
5.156250000000000000e-01 5.644195420352580150e-01 -1.539151373680662127e+00 6.194664817929633749e+00 1.061792904170003604e+00
5.208333333333332593e-01 5.413395911714099507e-01 -1.510576442499866001e+00 6.313260046344563392e+00 1.065727785994915022e+00
5.260416666666665186e-01 5.192179575409726633e-01 -1.481288440800094808e+00 6.429703867200554868e+00 1.069673333494234990e+00
5.312500000000000000e-01 4.978985153026633248e-01 -1.450831139943151049e+00 6.542684524000693003e+00 1.073628294760906599e+00
5.364583333333332593e-01 4.774694451030868092e-01 -1.419332457406690340e+00 6.651129005640011194e+00 1.077593357334226010e+00
5.416666666666665186e-01 4.579031995521529730e-01 -1.386484011306408304e+00 6.752790919942191827e+00 1.081568210254898244e+00
5.468750000000000000e-01 4.393011282552501950e-01 -1.352922676946468838e+00 6.849120583164026499e+00 1.085553615540727712e+00
5.520833333333332593e-01 4.215411044895990833e-01 -1.318403356978339769e+00 6.939547371647257989e+00 1.089548765308764100e+00
5.572916666666665186e-01 4.046324767826309232e-01 -1.282708116292297751e+00 7.021681841552855907e+00 1.093553314583991964e+00
5.625000000000000000e-01 3.886966024121972785e-01 -1.246278735558000283e+00 7.095165537488022700e+00 1.097568268932747060e+00
5.677083333333332593e-01 3.735793961782713501e-01 -1.208898762074555933e+00 7.160307695659861693e+00 1.101592030935294231e+00
5.729166666666665186e-01 3.594349671889158215e-01 -1.171118685834990902e+00 7.216676118424198982e+00 1.105626020792763287e+00
5.781250000000000000e-01 3.461127846935859176e-01 -1.132176266949898480e+00 7.261200368934948912e+00 1.109668683654482013e+00
5.833333333333332593e-01 3.336382757337618687e-01 -1.092598243336363462e+00 7.295761874185219931e+00 1.113719800665541104e+00
5.885416666666665186e-01 3.222799424334132357e-01 -1.053184037578632548e+00 7.318586544620855783e+00 1.117781903101283669e+00
5.937500000000000000e-01 3.115703205978343493e-01 -1.013374776021887635e+00 7.335351017974570453e+00 1.121850778170546903e+00
5.989583333333332593e-01 3.019093900002842168e-01 -9.741866975894135638e-01 7.342451816792101127e+00 1.125928767346317638e+00
6.041666666666665186e-01 2.933440552139868207e-01 -9.359112005946953472e-01 7.339056561650532551e+00 1.130017217623717318e+00
6.093750000000000000e-01 2.855723366168246846e-01 -8.968096330750193745e-01 7.320321346910652949e+00 1.134113618577222260e+00
6.145833333333332593e-01 2.786660790550948841e-01 -8.564396107420026993e-01 7.281201339872812817e+00 1.138216840916961514e+00
6.197916666666665186e-01 2.728557463458128884e-01 -8.186708815364068803e-01 7.238780254756127519e+00 1.142330521604369320e+00
6.250000000000000000e-01 2.680300501984150263e-01 -7.819442538866331338e-01 7.184993938104573985e+00 1.146452666678110077e+00
6.302083333333332593e-01 2.640618057547099440e-01 -7.458359352223454808e-01 7.119996155836043172e+00 1.150582509212274118e+00
6.354166666666665186e-01 2.610045638045666028e-01 -7.113745604790077115e-01 7.047513530897689726e+00 1.154720689497330088e+00
6.406250000000000000e-01 2.589426896535796385e-01 -6.786782492140134293e-01 6.965169344254247719e+00 1.158868218228896962e+00
6.458333333333332593e-01 2.576571307056374494e-01 -6.475095485182216226e-01 6.876937566680048519e+00 1.163023186043661061e+00
6.510416666666665186e-01 2.573883294625590179e-01 -6.186294933364411275e-01 6.779755548519862174e+00 1.167188147793564834e+00
6.562500000000000000e-01 2.579337259215682687e-01 -5.907713330011848951e-01 6.672639724745216938e+00 1.171361617481395445e+00
6.614583333333332593e-01 2.593417545034202298e-01 -5.652843788568601147e-01 6.560655359710371393e+00 1.175544655803045568e+00
6.666666666666665186e-01 2.616279159644143149e-01 -5.434751461469004008e-01 6.448645390401217981e+00 1.179737958914592433e+00
6.718750000000000000e-01 2.646719590486233953e-01 -5.233601652618089517e-01 6.330945619026385529e+00 1.183941189059491750e+00
6.770833333333332593e-01 2.685114378945897551e-01 -5.059925048161851846e-01 6.211063209313948619e+00 1.188155392471480498e+00
6.822916666666665186e-01 2.731141735026250128e-01 -4.912121616481875397e-01 6.089256040992222729e+00 1.192381162801953831e+00
6.875000000000000000e-01 2.784591747169321008e-01 -4.794141911153392277e-01 5.967610058147696961e+00 1.196619331548615328e+00
6.927083333333332593e-01 2.845763667926141105e-01 -4.703864013333411975e-01 5.845021878299111684e+00 1.200871204233994183e+00
6.979166666666665186e-01 2.913311854520748145e-01 -4.640106170048354239e-01 5.724277977558729802e+00 1.205136780661710150e+00
7.031250000000000000e-01 2.988344891964614392e-01 -4.603708510203395887e-01 5.603882396578897307e+00 1.209418055787094382e+00
7.083333333333332593e-01 3.069964841793636490e-01 -4.593381698593098084e-01 5.485722193788184597e+00 1.213715734353896236e+00
7.135416666666665186e-01 3.158952094596533811e-01 -4.615163161895573518e-01 5.370766837566380403e+00 1.218032184384350014e+00
7.187500000000000000e-01 3.253831327918367267e-01 -4.658771808312232032e-01 5.259101390249640851e+00 1.222367177557434292e+00
7.239583333333332593e-01 3.355940133881374909e-01 -4.729352508867697980e-01 5.150624190849971029e+00 1.226723684144308546e+00
7.291666666666665186e-01 3.464864901766440131e-01 -4.825534576145643628e-01 5.046291213041520507e+00 1.231102805182170634e+00
7.343750000000000000e-01 3.580934551402434329e-01 -4.946996096689830757e-01 4.946207797442105480e+00 1.235506605309623973e+00
7.395833333333332593e-01 3.703596257916060286e-01 -5.092180617186328195e-01 4.851349600789375494e+00 1.239936182079556914e+00
7.447916666666665186e-01 3.833895943465622236e-01 -5.262089334588332390e-01 4.761247193708899594e+00 1.244394291643099004e+00
7.500000000000000000e-01 3.971382605557575718e-01 -5.454047626246625313e-01 4.676389956054276986e+00 1.248882221517971791e+00
7.552083333333332593e-01 4.116962187125802752e-01 -5.669237878629197480e-01 4.596643506390452494e+00 1.253402589191852767e+00
7.604166666666665186e-01 4.270298157261991356e-01 -5.904893139721156814e-01 4.522242767782517880e+00 1.257956746739561371e+00
7.656250000000000000e-01 4.432359388766711206e-01 -6.161602103193688507e-01 4.452886066950501487e+00 1.262547380396478847e+00
7.708333333333332593e-01 4.603297680651422530e-01 -6.440601557846794556e-01 4.389351327878538989e+00 1.267176240636376461e+00
7.760416666666665186e-01 4.783638267801543220e-01 -6.738395344921029873e-01 4.330700299275520138e+00 1.271845434341318359e+00
7.812500000000000000e-01 4.973998964719000271e-01 -7.057103578788705978e-01 4.277493682130325325e+00 1.276557028938522631e+00
7.864583333333332593e-01 5.174919435656589739e-01 -7.395312961283744269e-01 4.229378675677223143e+00 1.281312940287729685e+00
7.916666666666665186e-01 5.387153810640672447e-01 -7.753343483296006866e-01 4.186320748957973237e+00 1.286115134312411978e+00
7.968750000000000000e-01 5.611452793231824776e-01 -8.130445237291819005e-01 4.148004588242741875e+00 1.290965482820369825e+00
8.020833333333332593e-01 5.848492102861476694e-01 -8.526234125758298532e-01 4.114281384332972635e+00 1.295865591547509688e+00
8.072916666666665186e-01 6.099281985728667310e-01 -8.941351430132052913e-01 4.085076185349385547e+00 1.300817235629738944e+00
8.125000000000000000e-01 6.364597767273033613e-01 -9.375441878683730135e-01 4.060208954763677269e+00 1.305821819033704756e+00
8.177083333333332593e-01 6.645494282378929807e-01 -9.828029035610382769e-01 4.039293410777646365e+00 1.310880733754112848e+00
8.229166666666665186e-01 6.942877822498909612e-01 -1.029981480091830992e+00 4.022402157067059392e+00 1.315995070652429266e+00
8.281250000000000000e-01 7.257942295199916183e-01 -1.079168289716148310e+00 4.009515946611521109e+00 1.321165980543893559e+00
8.333333333333332593e-01 7.591193821125923336e-01 -1.130094599859292392e+00 3.999942314133025256e+00 1.326393553385938118e+00
8.385416666666665186e-01 7.945017291667567649e-01 -1.183602518823611893e+00 3.995316146321466810e+00 1.331679630430371519e+00
8.437500000000000000e-01 8.319212378043944200e-01 -1.239730400374977837e+00 3.996245279162199626e+00 1.337022823964709728e+00
8.489583333333332593e-01 8.716755684377708313e-01 -1.296624005140630143e+00 3.996139832987883445e+00 1.342424471091407279e+00
8.541666666666665186e-01 9.137372935421219644e-01 -1.355648010198480691e+00 3.999583397123079198e+00 1.347882441903499817e+00
8.593750000000000000e-01 9.581854282608209816e-01 -1.416593506131056612e+00 4.005920015707525650e+00 1.353394643102627137e+00
8.645833333333332593e-01 1.005404632524440123e+00 -1.479450355508754589e+00 4.013856634405883028e+00 1.358961774597167604e+00
8.697916666666665186e-01 1.055448649375621439e+00 -1.544351344532673309e+00 4.023976608949055844e+00 1.364580452912451447e+00
8.750000000000000000e-01 1.108310650457065005e+00 -1.611023110404759207e+00 4.035843769657590840e+00 1.370245728452463840e+00
8.802083333333332593e-01 1.164151851968503237e+00 -1.679369716699507631e+00 4.048897478293529417e+00 1.375953847724689760e+00
8.854166666666665186e-01 1.223046617858940088e+00 -1.749367961883174116e+00 4.063115781402049542e+00 1.381698872193203309e+00
8.906250000000000000e-01 1.285102176676629515e+00 -1.820745640654020781e+00 4.077652051892246554e+00 1.387474263834969745e+00
8.958333333333332593e-01 1.350493688448250129e+00 -1.893578539182934950e+00 4.092465843478819032e+00 1.393272771499167062e+00
9.010416666666665186e-01 1.419096300787034748e+00 -1.967316921598041723e+00 4.106675147548735083e+00 1.399082424427266824e+00
9.062500000000000000e-01 1.490714266873753413e+00 -2.041669124073697272e+00 4.120257494496470940e+00 1.404889302619120039e+00
9.114583333333332593e-01 1.565726034088947172e+00 -2.116348136723645190e+00 4.131603670376957638e+00 1.410684289368060895e+00
9.166666666666665186e-01 1.643331537049914415e+00 -2.190448433815693097e+00 4.140598416111914482e+00 1.416443317563149895e+00
9.218750000000000000e-01 1.723766447965819459e+00 -2.263706051895917781e+00 4.146083731610470835e+00 1.422151566534090694e+00
9.270833333333332593e-01 1.806611970968655001e+00 -2.335502375770956540e+00 4.147621033362455023e+00 1.427785198275429934e+00
9.322916666666665186e-01 1.891189459852864907e+00 -2.404744045560856858e+00 4.144052037751770001e+00 1.433315619254510231e+00
9.375000000000000000e-01 1.976938994271208339e+00 -2.470306866102727650e+00 4.133820784502639789e+00 1.438713170692879073e+00
9.427083333333332593e-01 2.063492705475374667e+00 -2.531528491066060038e+00 4.116138736225954275e+00 1.443947996057711514e+00
9.479166666666665186e-01 2.149383195656934031e+00 -2.587348879470454666e+00 4.091362174009220531e+00 1.448975893656463398e+00
9.531250000000000000e-01 2.233794579147082349e+00 -2.635705298756733317e+00 4.056037629408751677e+00 1.453758207788063084e+00
9.583333333333332593e-01 2.315661263203007803e+00 -2.675842717652520353e+00 4.010357957350167091e+00 1.458251074175745510e+00
9.635416666666665186e-01 2.393156509750255179e+00 -2.705984056569594731e+00 3.953342114273442398e+00 1.462400937538687273e+00
9.687500000000000000e-01 2.465457180198295184e+00 -2.725372565814427439e+00 3.884591411829059648e+00 1.466164236318848069e+00
9.739583333333332593e-01 2.530539346326420969e+00 -2.732086361616475223e+00 3.803013914554683073e+00 1.469483054877700479e+00
9.791666666666665186e-01 2.586885349416160107e+00 -2.725227532456355739e+00 3.708919034490186117e+00 1.472305410708647289e+00
9.843750000000000000e-01 2.632957234448829453e+00 -2.703807304754499263e+00 3.602397492189028050e+00 1.474579496742773888e+00
9.895833333333332593e-01 2.667587195233199537e+00 -2.667527143704974346e+00 3.484438356365127110e+00 1.476259445842659002e+00
9.947916666666665186e-01 2.688931705292626262e+00 -2.615341114126395361e+00 3.355386498105162651e+00 1.477293551294133200e+00
