     0.000000
  1.2359E-02  2.5403E-35  1.1077E-09  1.0864E-02  0.0000E+00  0.0000E+00  0.0000E+00  0.0000E+00  0.0000E+00  0.0000E+00
     0.006200
  8.5715E-03  2.0069E-03  1.4136E-01  4.4036E-02  6.5256E-18 -2.4644E-20  6.4257E-01 -1.8951E-03 -3.6668E-05 -4.9602E-07
     0.012400
  5.5431E-03  1.2090E-02  2.0506E-01  7.8510E-02  6.2110E-18  3.0918E-19  3.1136E-01 -1.8219E-03  1.4608E-04 -1.5170E-06
     0.018600
  9.2042E-03  2.0826E-02  1.6190E-01  1.2052E-01 -6.6079E-17 -1.7760E-20  5.9901E-01 -3.1415E-03  1.3821E-04 -1.5428E-06
     0.024800
  1.4267E-02  4.2537E-02  2.2088E-01  2.3776E-01  2.2219E-17  1.5680E-18  1.3073E+00 -8.9431E-03 -8.3846E-05  7.4935E-08
     0.031000
  2.4354E-02  7.6235E-02  3.8762E-01  4.1482E-01 -1.9334E-16 -4.0218E-18  2.5890E+00 -2.0183E-02 -2.0564E-04  1.2512E-06
     0.037200
  4.6896E-02  1.3415E-01  8.0262E-01  7.0084E-01 -3.9571E-17 -8.3047E-19  5.3267E+00 -3.9308E-02 -2.2595E-04  1.2327E-06
     0.043400
  9.6156E-02  2.4313E-01  1.8290E+00  1.1595E+00 -1.9841E-19 -2.6920E-18  1.1232E+01 -6.8461E-02 -3.3923E-04  1.3021E-06
     0.049600
  2.0387E-01  4.9916E-01  4.0871E+00  2.0450E+00 -3.1036E-16  2.5314E-17  2.3978E+01 -1.2633E-01 -6.4266E-04  2.0596E-06
     0.055800
  4.4379E-01  1.1640E+00  8.5610E+00  4.1283E+00  2.7588E-15 -3.1514E-17  5.1827E+01 -2.7606E-01 -1.2155E-03  3.3354E-06
     0.062000
  9.8247E-01  2.8722E+00  1.6949E+01  9.4256E+00 -9.5877E-16 -1.1533E-16  1.1394E+02 -6.8316E-01 -2.2050E-03  5.4687E-06
     0.068200
  2.1948E+00  7.0089E+00  3.3038E+01  2.2511E+01 -1.0436E-15  1.0538E-16  2.5458E+02 -1.7144E+00 -3.7696E-03  8.7268E-06
     0.074400
  4.9128E+00  1.6417E+01  6.6963E+01  5.2738E+01 -1.0168E-14  2.4122E-16  5.7244E+02 -4.1035E+00 -5.8946E-03  1.5346E-05
     0.080600
  1.0964E+01  3.6843E+01  1.4556E+02  1.1839E+02 -3.7772E-14  1.9739E-16  1.2815E+03 -9.2725E+00 -8.5809E-03  1.8696E-05
     0.086800
  2.4335E+01  8.0432E+01  3.3376E+02  2.5636E+02 -9.1875E-14 -2.1678E-15  2.8428E+03 -2.0147E+01 -1.0830E-02  4.5423E-05
     0.093000
  5.3679E+01  1.7481E+02  7.7472E+02  5.4808E+02 -6.8610E-14  9.0546E-16  6.2671E+03 -4.3480E+01 -1.0635E-02  1.3519E-04
     0.099200
  1.1775E+02  3.8601E+02  1.7640E+03  1.1888E+03  5.3863E-13 -5.3440E-16  1.3819E+04 -9.6283E+01 -4.0943E-03  3.3515E-04
     0.105400
  2.5726E+02  8.7308E+02  3.9004E+03  2.6597E+03 -8.6482E-14 -4.3053E-15  3.0663E+04 -2.2203E+02  1.7453E-02  1.0768E-03
     0.111600
  5.6128E+02  2.0124E+03  8.4314E+03  6.1274E+03  1.7710E-12  4.9034E-14  6.8653E+04 -5.2877E+02  6.6698E-02  2.8011E-03
     0.117800
  1.2267E+03  4.6746E+03  1.8101E+04  1.4331E+04  9.9657E-12 -8.2401E-14  1.5506E+05 -1.2745E+03  1.6813E-01  7.5228E-03
     0.124000
  2.6944E+03  1.0846E+04  3.9236E+04  3.3539E+04 -3.2058E-12 -5.4728E-13  3.5255E+05 -3.0555E+03  3.6804E-01  1.7541E-02
     0.130200
  5.9616E+03  2.5050E+04  8.6725E+04  7.7930E+04  1.7700E-11 -2.5186E-13  8.0507E+05 -7.2276E+03  7.5437E-01  4.0241E-02
     0.136400
  1.3304E+04  5.7649E+04  1.9548E+05  1.7965E+05 -3.5720E-12  2.6972E-13  1.8433E+06 -1.6871E+04  1.5978E+00  8.3950E-02
     0.142600
  2.9942E+04  1.3262E+05  4.4622E+05  4.1238E+05  2.8013E-10 -3.5612E-13  4.2276E+06 -3.9049E+04  3.5035E+00  1.6463E-01
     0.148800
  6.7880E+04  3.0582E+05  1.0229E+06  9.4680E+05 -1.8024E-11  1.0426E-11  9.7092E+06 -9.0134E+04  8.3456E+00  2.9567E-01
     0.155000
  1.5472E+05  7.0758E+05  2.3417E+06  2.1807E+06  8.3548E-10 -7.7715E-12  2.2326E+07 -2.0831E+05  2.0866E+01  4.7007E-01
     0.161200
  3.5394E+05  1.6416E+06  5.3447E+06  5.0414E+06  1.9591E-09  1.5226E-10  5.1391E+07 -4.8271E+05  5.3816E+01  5.9298E-01
     0.167400
  8.1122E+05  3.8126E+06  1.2178E+07  1.1685E+07 -1.1744E-10 -5.4855E-11  1.1839E+08 -1.1210E+06  1.3923E+02  3.0235E-01
     0.173600
  1.8608E+06  8.8521E+06  2.7764E+07  2.7103E+07  5.9978E-09 -3.4721E-10  2.7289E+08 -2.6055E+06  3.5738E+02 -1.4568E+00
     0.179800
  4.2690E+06  2.0531E+07  6.3440E+07  6.2834E+07  4.2092E-09 -1.9870E-10  6.2920E+08 -6.0555E+06  9.0003E+02 -7.4778E+00
     0.186000
  9.7934E+06  4.7575E+07  1.4535E+08  1.4555E+08 -5.4895E-08 -1.8865E-10  1.4512E+09 -1.4069E+07  2.2202E+03 -2.4529E+01
     0.192200
  2.2467E+07  1.1020E+08  3.3370E+08  3.3701E+08 -4.3871E-08 -1.1951E-10  3.3484E+09 -3.2684E+07  5.3592E+03 -6.7827E+01
     0.198400
  5.1556E+07  2.5535E+08  7.6695E+08  7.8052E+08  9.0334E-08 -1.9965E-09  7.7308E+09 -7.5970E+07  1.2639E+04 -1.7092E+02
     0.204600
  1.1838E+08  5.9210E+08  1.7634E+09  1.8091E+09 -1.1804E-06 -8.6964E-09  1.7863E+10 -1.7672E+08  2.9185E+04 -4.0257E+02
     0.210800
  2.7205E+08  1.3741E+09  4.0554E+09  4.1974E+09 -1.0815E-06  7.5769E-08  4.1311E+10 -4.1139E+08  6.6028E+04 -8.9926E+02
     0.217000
  6.2593E+08  3.1910E+09  9.3318E+09  9.7465E+09  6.8125E-06  7.2107E-08  9.5625E+10 -9.5814E+08  1.4648E+05 -1.9190E+03
     0.223200
  1.4420E+09  7.4135E+09  2.1496E+10  2.2643E+10  7.3951E-06  2.4961E-07  2.2152E+11 -2.2317E+09  3.1919E+05 -3.9194E+03
     0.229400
  3.3263E+09  1.7227E+10  4.9584E+10  5.2615E+10  8.8560E-06  5.3988E-08  5.1351E+11 -5.1965E+09  6.8389E+05 -7.6669E+03
     0.235600
  7.6825E+09  4.0034E+10  1.1454E+11  1.2226E+11  1.6839E-06 -2.5843E-06  1.1910E+12 -1.2096E+10  1.4422E+06 -1.4326E+04
     0.241800
  1.7764E+10  9.3045E+10  2.6491E+11  2.8409E+11 -1.2816E-04 -2.8319E-06  2.7633E+12 -2.8144E+10  2.9958E+06 -2.5420E+04
     0.248000
  4.1112E+10  2.1627E+11  6.1329E+11  6.6013E+11 -3.9284E-05  2.9359E-06  6.4132E+12 -6.5468E+10  6.1351E+06 -4.2400E+04
     0.254200
  9.5220E+10  5.0275E+11  1.4207E+12  1.5341E+12 -3.7394E-04 -8.3846E-06  1.4888E+13 -1.5228E+11  1.2394E+07 -6.5343E+04
     0.260400
  2.2067E+11  1.1689E+12  3.2923E+12  3.5655E+12  2.7798E-04  3.2636E-05  3.4570E+13 -3.5421E+11  2.4718E+07 -9.0288E+04
     0.266600
  5.1160E+11  2.7178E+12  7.6320E+12  8.2885E+12 -2.2354E-03 -8.3874E-05  8.0284E+13 -8.2397E+11  4.8713E+07 -1.0582E+05
     0.272800
  1.1865E+12  6.3198E+12  1.7697E+13  1.9270E+13  1.9050E-03 -5.7544E-05  1.8648E+14 -1.9169E+12  9.4998E+07 -9.4938E+04
     0.279000
  2.7525E+12  1.4696E+13  4.1046E+13  4.4806E+13  3.3283E-03 -1.6906E-04  4.3323E+14 -4.4599E+12  1.8371E+08 -6.6693E+04
     0.285200
  6.3867E+12  3.4177E+13  9.5232E+13  1.0419E+14 -3.3025E-03  1.4271E-03  1.0066E+15 -1.0377E+13  3.5343E+08 -1.9718E+05
     0.291400
  1.4822E+13  7.9484E+13  2.2102E+14  2.4229E+14  9.0127E-02 -3.9515E-03  2.3392E+15 -2.4145E+13  6.7959E+08 -1.3077E+06
     0.297600
  3.4408E+13  1.8486E+14  5.1307E+14  5.6348E+14 -1.9367E-01 -1.9539E-03  5.4368E+15 -5.6184E+13  1.3145E+09 -6.2802E+06
     0.303800
  7.9889E+13  4.2996E+14  1.1914E+15  1.3105E+15  1.1400E+00  6.7873E-03  1.2638E+16 -1.3074E+14  2.5781E+09 -2.3893E+07
     0.310000
  1.8553E+14  1.0001E+15  2.7670E+15  3.0482E+15  4.3074E-01  1.1178E-01  2.9380E+16 -3.0422E+14  5.1709E+09 -7.8530E+07
     0.316200
  4.3096E+14  2.3265E+15  6.4276E+15  7.0903E+15  1.8728E+00 -1.1237E-02  6.8309E+16 -7.0793E+14  1.0684E+10 -2.3337E+08
     0.322400
  1.0013E+15  5.4120E+15  1.4934E+16  1.6493E+16  2.4868E+00  3.2914E-01  1.5884E+17 -1.6474E+15  2.2822E+10 -6.4281E+08
     0.328600
  2.3267E+15  1.2590E+16  3.4704E+16  3.8369E+16 -8.7380E+00  3.3987E-01  3.6938E+17 -3.8334E+15  5.0334E+10 -1.6647E+09
     0.334800
  5.4077E+15  2.9291E+16  8.0661E+16  8.9260E+16  9.5900E+00  3.5688E-01  8.5905E+17 -8.9203E+15  1.1393E+11 -4.0859E+09
     0.341000
  1.2570E+16  6.8146E+16  1.8750E+17  2.0766E+17  1.5271E+01  1.4153E+00  1.9980E+18 -2.0757E+16  2.6234E+11 -9.5410E+09
     0.347200
  2.9224E+16  1.5855E+17  4.3591E+17  4.8311E+17 -3.9611E+01  6.3932E+00  4.6472E+18 -4.8300E+16  6.0882E+11 -2.1207E+10
     0.353400
  6.7949E+16  3.6888E+17  1.0135E+18  1.1240E+18 -1.0087E+02 -1.0867E+00  1.0810E+19 -1.1239E+17  1.4122E+12 -4.4730E+10
     0.359600
  1.5800E+17  8.5824E+17  2.3568E+18  2.6150E+18  1.3003E+03 -1.6337E+01  2.5145E+19 -2.6152E+17  3.2524E+12 -8.8820E+10
     0.365800
  3.6743E+17  1.9969E+18  5.4807E+18  6.0841E+18 -2.3228E+02 -2.4742E+01  5.8493E+19 -6.0853E+17  7.3998E+12 -1.6330E+11
     0.372000
  8.5451E+17  4.6461E+18  1.2746E+19  1.4156E+19  1.3956E+03  2.3781E+02  1.3607E+20 -1.4160E+18  1.6570E+13 -2.6804E+11
     0.378200
  1.9874E+18  1.0810E+19  2.9644E+19  3.2935E+19 -1.0162E+04  6.0522E+02  3.1656E+20 -3.2950E+18  3.6411E+13 -3.5574E+11
     0.384400
  4.6224E+18  2.5153E+19  6.8949E+19  7.6632E+19 -6.5594E+03 -9.7898E+02  7.3645E+20 -7.6673E+18  7.8327E+13 -2.2849E+11
     0.390600
  1.0752E+19  5.8525E+19  1.6038E+20  1.7830E+20  2.6240E+04  5.8314E+02  1.7133E+21 -1.7842E+19  1.6459E+14  7.1735E+11
     0.396800
  2.5010E+19  1.3618E+20  3.7305E+20  4.1487E+20 -8.0014E+04 -7.6010E+02  3.9862E+21 -4.1517E+19  3.3705E+14  4.0629E+12
     0.403000
  5.8177E+19  3.1686E+20  8.6778E+20  9.6533E+20 -6.2847E+05 -6.8375E+03  9.2743E+21 -9.6609E+19  6.7089E+14  1.3528E+13
     0.409200
  1.3534E+20  7.3728E+20  2.0187E+21  2.2461E+21  9.0958E+05  1.1524E+04  2.1578E+22 -2.2481E+20  1.2940E+15  3.7050E+13
     0.415400
  3.1484E+20  1.7156E+21  4.6963E+21  5.2264E+21  1.9180E+06 -4.8022E+04  5.0205E+22 -5.2312E+20  2.4091E+15  8.9784E+13
     0.421600
  7.3244E+20  3.9919E+21  1.0926E+22  1.2161E+22  5.8626E+06  1.6830E+05  1.1681E+23 -1.2173E+21  4.3087E+15  1.9627E+14
     0.427800
  1.7040E+21  9.2887E+21  2.5418E+22  2.8297E+22  2.4271E+07  7.9540E+04  2.7179E+23 -2.8326E+21  7.3624E+15  3.8394E+14
     0.434000
  3.9645E+21  2.1614E+22  5.9136E+22  6.5845E+22 -2.1538E+07 -1.3410E+06  6.3240E+23 -6.5914E+21  1.1953E+16  6.4273E+14
     0.440200
  9.2237E+21  5.0293E+22  1.3759E+23  1.5321E+23  5.5406E+07  9.8775E+05  1.4715E+24 -1.5338E+22  1.8407E+16  7.7989E+14
     0.446400
  2.1460E+22  1.1703E+23  3.2012E+23  3.5651E+23 -7.6763E+07 -4.9764E+06  3.4238E+24 -3.5691E+22  2.7302E+16 -9.8604E+12
     0.452600
  4.9931E+22  2.7232E+23  7.4481E+23  8.2958E+23 -3.2045E+08 -1.5818E+07  7.9667E+24 -8.3053E+22  4.1659E+16 -4.2805E+15
     0.458800
  1.1618E+23  6.3366E+23  1.7329E+24  1.9304E+24 -1.1523E+09  2.1571E+06  1.8537E+25 -1.9326E+23  7.5983E+16 -1.9093E+16
     0.465000
  2.7031E+23  1.4745E+24  4.0321E+24  4.4918E+24 -2.9735E+08  5.9681E+06  4.3134E+25 -4.4972E+23  1.8620E+17 -6.2220E+16
     0.471200
  6.2895E+23  3.4311E+24  9.3818E+24  1.0452E+25 -2.7267E+09  1.0592E+08  1.0037E+26 -1.0465E+24  5.5715E+17 -1.7502E+17
     0.477400
  1.4634E+24  7.9839E+24  2.1830E+25  2.4322E+25 -6.6725E+09 -7.3818E+06  2.3354E+26 -2.4351E+24  1.7359E+18 -4.4661E+17
     0.483600
  3.4051E+24  1.8578E+25  5.0793E+25  5.6595E+25  7.3087E+09  4.1944E+08  5.4343E+26 -5.6665E+24  5.2092E+18 -1.0527E+18
     0.489800
  7.9231E+24  4.3230E+25  1.1819E+26  1.3169E+26  7.9028E+10 -2.8501E+08  1.2645E+27 -1.3186E+25  1.4737E+19 -2.2994E+18
     0.496000
  1.8436E+25  1.0060E+26  2.7500E+26  3.0644E+26  5.9249E+10  2.7925E+09  2.9424E+27 -3.0683E+25  3.9220E+19 -4.6107E+18
     0.502200
  4.2898E+25  2.3408E+26  6.3990E+26  7.1308E+26 -7.1025E+10  1.7137E+09  6.8468E+27 -7.1400E+25  9.8360E+19 -8.2391E+18
     0.508400
  9.9818E+25  5.4470E+26  1.4890E+27  1.6593E+27  5.9259E+10 -1.3318E+10  1.5932E+28 -1.6615E+26  2.3261E+20 -1.2043E+19
     0.514600
  2.3226E+26  1.2675E+27  3.4646E+27  3.8612E+27  2.0810E+12 -5.4935E+10  3.7073E+28 -3.8662E+26  5.1733E+20 -9.5797E+18
     0.520800
  5.4046E+26  2.9494E+27  8.0619E+27  8.9848E+27 -2.2232E+12  4.4066E+09  8.6267E+28 -8.9966E+26  1.0731E+21  2.1759E+19
     0.527000
  1.2576E+27  6.8632E+27  1.8759E+28  2.0907E+28  6.8458E+11 -1.1666E+11  2.0074E+29 -2.0935E+27  2.0371E+21  1.4834E+20
     0.533200
  2.9263E+27  1.5971E+28  4.3651E+28  4.8651E+28  1.7366E+13  2.2712E+11  4.6711E+29 -4.8715E+27  3.3823E+21  5.4528E+20
     0.539400
  6.8093E+27  3.7163E+28  1.0157E+29  1.1321E+29 -2.1115E+13 -8.1510E+10  1.0869E+30 -1.1336E+28  4.2742E+21  1.6387E+21
     0.545600
  8.1532E-02  4.4498E-01  1.2162E+00  1.3555E+00  7.8927E-17  7.0921E-18  1.3015E+01 -1.3573E-01  6.1189E-09  2.2610E-08
     0.551800
  1.8972E-01  1.0355E+00  2.8300E+00  3.1543E+00  2.0689E-17  3.1845E-17  3.0285E+01 -3.1585E-01 -8.7417E-08  5.5776E-08
     0.558000
  4.4146E-01  2.4095E+00  6.5852E+00  7.3400E+00  1.3894E-15  7.3576E-17  7.0472E+01 -7.3499E-01 -4.1496E-07  1.2798E-07
     0.564200
  1.0273E+00  5.6068E+00  1.5323E+01  1.7080E+01 -2.7973E-15 -1.6329E-16  1.6399E+02 -1.7103E+00 -1.3636E-06  2.7293E-07
     0.570400
  2.3904E+00  1.3047E+01  3.5657E+01  3.9745E+01 -1.3511E-14  5.8148E-16  3.8159E+02 -3.9798E+00 -3.8138E-06  5.3418E-07
     0.576600
  5.5623E+00  3.0360E+01  8.2972E+01  9.2485E+01  3.1313E-14  4.5090E-16  8.8794E+02 -9.2610E+00 -9.6003E-06  9.2655E-07
     0.582800
  1.2943E+01  7.0647E+01  1.9307E+02  2.1521E+02 -1.7903E-13 -5.9951E-16  2.0662E+03 -2.1550E+01 -2.2150E-05  1.2853E-06
     0.589000
  3.0119E+01  1.6440E+02  4.4927E+02  5.0079E+02 -2.4165E-14  1.9391E-15  4.8080E+03 -5.0147E+01 -4.6835E-05  8.0101E-07
     0.595200
  7.0085E+01  3.8255E+02  1.0454E+03  1.1653E+03 -5.3632E-14 -5.6270E-15  1.1188E+04 -1.1669E+02 -8.9103E-05 -3.2465E-06
     0.601400
  1.6309E+02  8.9018E+02  2.4327E+03  2.7117E+03 -2.7313E-13 -1.9454E-14  2.6035E+04 -2.7154E+02 -1.4414E-04 -1.8643E-05
     0.607600
  3.7949E+02  2.0714E+03  5.6608E+03  6.3101E+03 -1.6426E-12 -2.9660E-14  6.0582E+04 -6.3187E+02 -1.6066E-04 -6.5539E-05
     0.613800
  8.8307E+02  4.8202E+03  1.3173E+04  1.4684E+04 -1.1914E-12  2.8739E-14  1.4097E+05 -1.4704E+03  6.5350E-05 -1.9214E-04
     0.620000
  2.0549E+03  1.1216E+04  3.0652E+04  3.4168E+04 -2.5533E-12 -8.6374E-13  3.2804E+05 -3.4215E+03  1.1713E-03 -5.0562E-04
     0.626200
  4.7817E+03  2.6100E+04  7.1327E+04  7.9509E+04 -1.9633E-11  9.2483E-13  7.6335E+05 -7.9618E+03  4.9108E-03 -1.2264E-03
     0.632400
  1.1127E+04  6.0735E+04  1.6598E+05  1.8502E+05 -2.0474E-11  2.1828E-12  1.7763E+06 -1.8527E+04  1.5697E-02 -2.7646E-03
     0.638600
  2.5892E+04  1.4133E+05  3.8622E+05  4.3053E+05 -1.1093E-10  2.8315E-12  4.1334E+06 -4.3112E+04  4.3827E-02 -5.7722E-03
     0.644800
  6.0250E+04  3.2887E+05  8.9873E+05  1.0018E+06  3.6475E-10 -9.3323E-12  9.6184E+06 -1.0032E+05  1.1160E-01 -1.0968E-02
     0.651000
  1.4020E+05  7.6528E+05  2.0913E+06  2.3313E+06 -1.9207E-10  3.7463E-11  2.2382E+07 -2.3344E+05  2.6329E-01 -1.8074E-02
     0.657200
  3.2624E+05  1.7808E+06  4.8665E+06  5.4248E+06 -3.0659E-09 -5.9035E-11  5.2082E+07 -5.4322E+05  5.7686E-01 -2.2029E-02
     0.663400
  7.5916E+05  4.1439E+06  1.1324E+07  1.2623E+07  2.3943E-09 -3.8329E-11  1.2119E+08 -1.2641E+06  1.1624E+00 -1.7424E-03
     0.669600
  1.7665E+06  9.6428E+06  2.6351E+07  2.9374E+07 -2.9934E-09  1.3247E-10  2.8202E+08 -2.9415E+06  2.0922E+00  1.0981E-01
     0.675800
  4.1107E+06  2.2439E+07  6.1319E+07  6.8354E+07  5.1132E-09 -1.4889E-10  6.5625E+08 -6.8448E+06  3.0935E+00  4.9896E-01
     0.682000
  9.5656E+06  5.2214E+07  1.4269E+08  1.5906E+08  2.8246E-08  2.0428E-09  1.5271E+09 -1.5928E+07  2.5511E+00  1.6392E+00
     0.688200
  2.2259E+07  1.2150E+08  3.3203E+08  3.7013E+08  2.6400E-08  4.5804E-09  3.5535E+09 -3.7064E+07 -5.3188E+00  4.6487E+00
     0.694400
  5.1796E+07  2.8273E+08  7.7263E+08  8.6128E+08 -3.0103E-07 -8.7822E-09  8.2689E+09 -8.6246E+07 -3.7763E+01  1.1990E+01
     0.700600
  1.2053E+08  6.5792E+08  1.7979E+09  2.0042E+09 -4.7746E-07  1.1066E-09  1.9242E+10 -2.0069E+08 -1.4100E+02  2.8688E+01
     0.706800
  2.8047E+08  1.5310E+09  4.1837E+09  4.6637E+09  4.5720E-08  4.9104E-08  4.4775E+10 -4.6701E+08 -4.2952E+02  6.4041E+01
     0.713000
  6.5264E+08  3.5625E+09  9.7354E+09  1.0852E+10 -6.2052E-06 -1.7968E-07  1.0419E+11 -1.0867E+09 -1.1681E+03  1.3278E+02
     0.719200
  1.5187E+09  8.2900E+09  2.2654E+10  2.5253E+10 -4.0035E-06 -1.9109E-08  2.4245E+11 -2.5288E+09 -2.9288E+03  2.5120E+02
     0.725400
  3.5340E+09  1.9291E+10  5.2716E+10  5.8764E+10 -3.5269E-05  8.1705E-07  5.6418E+11 -5.8845E+09 -6.8547E+03  4.1380E+02
     0.731600
  8.2235E+09  4.4889E+10  1.2267E+11  1.3674E+11 -3.9174E-05 -1.9182E-06  1.3128E+12 -1.3693E+10 -1.5001E+04  5.1039E+02
     0.737800
  1.9136E+10  1.0446E+11  2.8545E+11  3.1820E+11 -9.0293E-05  6.4779E-07  3.0549E+12 -3.1864E+10 -3.0465E+04  8.1440E+01
     0.744000
  4.4529E+10  2.4307E+11  6.6423E+11  7.4045E+11 -1.0529E-04 -8.0997E-06  7.1088E+12 -7.4147E+10 -5.6140E+04 -2.3290E+03
     0.750200
  1.0362E+11  5.6561E+11  1.5457E+12  1.7230E+12 -1.6204E-04 -2.2867E-05  1.6542E+13 -1.7254E+11 -8.8551E+04 -1.0751E+04
     0.756400
  2.4112E+11  1.3162E+12  3.5967E+12  4.0094E+12  1.2859E-03  5.9690E-05  3.8493E+13 -4.0149E+11 -9.7045E+04 -3.5367E+04
     0.762600
  5.6108E+11  3.0627E+12  8.3695E+12  9.3299E+12 -2.5979E-03  1.4763E-04  8.9573E+13 -9.3427E+11  3.5909E+04 -1.0006E+05
     0.768800
  1.3056E+12  7.1269E+12  1.9476E+13  2.1710E+13  4.3587E-03  2.5712E-04  2.0843E+14 -2.1740E+12  6.6963E+05 -2.5696E+05
     0.775000
  3.0382E+12  1.6584E+13  4.5320E+13  5.0520E+13 -1.4069E-03 -3.9398E-04  4.8503E+14 -5.0589E+12  2.7769E+06 -6.1114E+05
     0.781200
  7.0698E+12  3.8591E+13  1.0546E+14  1.1756E+14 -8.2359E-02  1.5800E-04  1.1286E+15 -1.1772E+13  8.7743E+06 -1.3532E+06
     0.787400
  1.6451E+13  8.9801E+13  2.4540E+14  2.7356E+14 -7.7153E-02 -2.8022E-03  2.6263E+15 -2.7393E+13  2.4240E+07 -2.7734E+06
     0.793600
  3.8282E+13  2.0897E+14  5.7104E+14  6.3657E+14 -2.1079E-01  1.5133E-03  6.1115E+15 -6.3744E+13  6.1149E+07 -5.1514E+06
     0.799800
  8.9081E+13  4.8626E+14  1.3288E+15  1.4813E+15 -4.5697E-02 -3.1351E-02  1.4221E+16 -1.4833E+14  1.4313E+08 -8.1936E+06
     0.806000
  2.0729E+14  1.1315E+15  3.0921E+15  3.4469E+15 -7.9221E-01 -6.5698E-03  3.3093E+16 -3.4517E+14  3.1166E+08 -9.1141E+06
     0.812200
  4.8236E+14  2.6330E+15  7.1953E+15  8.0209E+15 -2.9402E-02 -3.4815E-02  7.7006E+16 -8.0320E+14  6.2577E+08  2.9066E+06
     0.818400
  1.1225E+15  6.1271E+15  1.6743E+16  1.8665E+16 -1.0083E+01  6.1417E-02  1.7919E+17 -1.8690E+15  1.1276E+09  6.1177E+07
     0.824600
  2.6119E+15  1.4258E+16  3.8962E+16  4.3432E+16  2.3389E+01 -6.9896E-01  4.1698E+17 -4.3492E+15  1.6912E+09  2.5637E+08
     0.830800
  6.0779E+15  3.3177E+16  9.0663E+16  1.0107E+17 -2.8356E+01  4.1340E-01  9.7030E+17 -1.0121E+16  1.5308E+09  8.1495E+08
     0.837000
  1.4143E+16  7.7203E+16  2.1097E+17  2.3518E+17  5.8208E+01 -5.5310E-01  2.2579E+18 -2.3550E+16 -2.1808E+09  2.2629E+09
     0.843200
  3.2911E+16  1.7965E+17  4.9093E+17  5.4726E+17 -1.2032E+02 -4.2130E+00  5.2541E+18 -5.4801E+16 -1.7857E+10  5.7379E+09
     0.849400
  7.6584E+16  4.1804E+17  1.1424E+18  1.2735E+18  2.7684E+02  1.2435E+01  1.2226E+19 -1.2752E+17 -6.7932E+10  1.3511E+10
     0.855600
  1.7821E+17  9.7278E+17  2.6583E+18  2.9633E+18  1.0111E+03  9.8780E+00  2.8450E+19 -2.9674E+17 -2.0760E+11  2.9648E+10
     0.861800
  4.1469E+17  2.2636E+18  6.1859E+18  6.8956E+18 -1.5168E+01  9.1601E+01  6.6203E+19 -6.9051E+17 -5.6341E+11  6.0201E+10
     0.868000
  9.6498E+17  5.2675E+18  1.4394E+19  1.6046E+19 -4.5044E+03  1.2663E+01  1.5405E+20 -1.6068E+18 -1.4058E+12  1.1055E+11
     0.874200
  2.2455E+18  1.2257E+19  3.3496E+19  3.7339E+19 -2.2478E+04  1.6224E+02  3.5848E+20 -3.7390E+18 -3.2671E+12  1.7264E+11
     0.880400
  5.2252E+18  2.8523E+19  7.7944E+19  8.6887E+19 -4.5191E+04  8.4340E+02  8.3418E+20 -8.7007E+18 -7.0827E+12  1.8235E+11
     0.886600
  1.2159E+19  6.6372E+19  1.8137E+20  2.0219E+20 -4.6448E+04  2.0864E+03  1.9411E+21 -2.0246E+19 -1.4195E+13 -1.0214E+11
     0.892800
  2.8294E+19  1.5445E+20  4.2205E+20  4.7048E+20 -1.1651E+04 -1.3931E+03  4.5169E+21 -4.7113E+19 -2.5626E+13 -1.4145E+12
     0.899000
  6.5839E+19  3.5939E+20  9.8211E+20  1.0948E+21  1.0593E+05  3.5960E+03  1.0511E+22 -1.0963E+20 -3.8848E+13 -5.7319E+12
     0.905200
  1.5321E+20  8.3630E+20  2.2854E+21  2.5476E+21  9.6443E+05  1.4076E+04  2.4459E+22 -2.5511E+20 -3.7269E+13 -1.7949E+13
     0.911400
  3.5651E+20  1.9461E+21  5.3180E+21  5.9282E+21 -1.4315E+06 -3.1927E+04  5.6915E+22 -5.9364E+20  3.9276E+13 -4.9335E+13
     0.917600
  8.2960E+20  4.5285E+21  1.2375E+22  1.3795E+22  1.5944E+06 -4.2026E+04  1.3244E+23 -1.3814E+21  3.6991E+14 -1.2402E+14
     0.923800
  1.9305E+21  1.0538E+22  2.8796E+22  3.2101E+22  1.3593E+07 -1.9577E+05  3.0819E+23 -3.2145E+21  1.4312E+15 -2.8953E+14
     0.930000
  4.4922E+21  2.4521E+22  6.7009E+22  7.4698E+22  4.0241E+07  1.1368E+05  7.1715E+23 -7.4800E+21  4.3907E+15 -6.2923E+14
     0.936200
  1.0453E+22  5.7060E+22  1.5593E+23  1.7382E+23 -2.8645E+07  3.6993E+06  1.6688E+24 -1.7406E+22  1.1910E+16 -1.2618E+15
     0.942400
  2.4324E+22  1.3278E+23  3.6284E+23  4.0448E+23 -1.6778E+07  9.7679E+05  3.8832E+24 -4.0503E+22  2.9625E+16 -2.2737E+15
     0.948600
  5.6603E+22  3.0897E+23  8.4433E+23  9.4121E+23  2.7645E+08  4.3047E+05  9.0363E+24 -9.4251E+22  6.8483E+16 -3.4206E+15
     0.954800
  1.3171E+23  7.1898E+23  1.9647E+24  2.1902E+24  7.0351E+08 -3.9609E+07  2.1027E+25 -2.1932E+23  1.4726E+17 -3.1633E+15
     0.961000
  3.0650E+23  1.6730E+24  4.5719E+24  5.0965E+24 -7.8260E+08 -5.8211E+07  4.8930E+25 -5.1036E+23  2.9144E+17  4.0378E+15
     0.967200
  7.1321E+23  3.8932E+24  1.0639E+25  1.1860E+25  3.1463E+09  1.0567E+08  1.1386E+26 -1.1876E+24  5.1480E+17  3.4627E+16
     0.973400
  1.6596E+24  9.0593E+24  2.4756E+25  2.7597E+25  8.0742E+09 -3.0066E+08  2.6495E+26 -2.7635E+24  7.4383E+17  1.3230E+17
     0.979600
  3.8619E+24  2.1081E+25  5.7608E+25  6.4218E+25  1.7290E+10 -3.0760E+08  6.1654E+26 -6.4306E+24  5.7951E+17  4.0402E+17
     0.985800
  8.9867E+24  4.9055E+25  1.3405E+26  1.4943E+26 -1.8399E+10  1.4528E+09  1.4347E+27 -1.4964E+25 -1.3607E+18  1.0936E+18
     0.992000
  2.0912E+25  1.1415E+26  3.1194E+26  3.4773E+26 -1.6479E+10  2.9675E+09  3.3385E+27 -3.4821E+25 -9.1034E+18  2.7174E+18
     0.998200
  4.8662E+25  2.6563E+26  7.2588E+26  8.0917E+26  5.9625E+10  1.5300E+10  7.7685E+27 -8.1028E+25 -3.3212E+19  6.2791E+18
     1.004400
  1.1323E+26  6.1811E+26  1.6891E+27  1.8829E+27 -1.9615E+11  6.3586E+08  1.8077E+28 -1.8855E+26 -9.9289E+19  1.3503E+19
     1.010600
  2.6350E+26  1.4383E+27  3.9305E+27  4.3815E+27 -7.6267E+11 -4.2030E+10  4.2066E+28 -4.3876E+26 -2.6513E+20  2.6738E+19
     1.016800
  6.1315E+26  3.3470E+27  9.1463E+27  1.0196E+28 -6.0717E+11  1.0288E+10  9.7886E+28 -1.0210E+27 -6.5194E+20  4.7298E+19
     1.023000
  1.4268E+27  7.7884E+27  2.1283E+28  2.3725E+28  4.0871E+12  1.1466E+11  2.2778E+29 -2.3758E+27 -1.4923E+21  6.8613E+19
     1.029200
  3.3201E+27  1.8123E+28  4.9526E+28  5.5209E+28  3.3454E+13 -9.6609E+11  5.3004E+29 -5.5285E+27 -3.1779E+21  5.4600E+19
     1.035400
  7.7259E+27  4.2173E+28  1.1525E+29  1.2847E+29 -3.9424E+12 -1.0220E+12  1.2334E+30 -1.2865E+28 -6.2185E+21 -1.2008E+20
     1.041600
  8.1516E-02  4.4496E-01  1.2160E+00  1.3555E+00 -2.4359E-16  6.8271E-18  1.3013E+01 -1.3573E-01 -4.9009E-08 -3.7218E-09
     1.047800
  1.8969E-01  1.0354E+00  2.8295E+00  3.1542E+00 -2.9506E-16  4.5915E-17  3.0282E+01 -3.1585E-01 -6.8561E-08 -1.3631E-08
     1.054000
  4.4140E-01  2.4094E+00  6.5842E+00  7.3397E+00 -1.4193E-15 -4.7930E-17  7.0466E+01 -7.3498E-01 -4.5468E-08 -4.0806E-08
     1.060200
  1.0271E+00  5.6067E+00  1.5321E+01  1.7079E+01  3.3655E-15 -1.9175E-16  1.6397E+02 -1.7103E+00  1.6002E-07 -1.0901E-07
     1.066400
  2.3901E+00  1.3047E+01  3.5653E+01  3.9744E+01 -8.1599E-15  5.0841E-17  3.8157E+02 -3.9798E+00  9.4915E-07 -2.6801E-07
     1.072600
  5.5617E+00  3.0359E+01  8.2963E+01  9.2483E+01  1.6594E-14 -4.9420E-16  8.8790E+02 -9.2610E+00  3.3634E-06 -6.1308E-07
     1.078800
  1.2942E+01  7.0646E+01  1.9305E+02  2.1521E+02  1.0134E-14 -6.6400E-16  2.0661E+03 -2.1550E+01  9.9030E-06 -1.3040E-06
     1.085000
  3.0116E+01  1.6439E+02  4.4923E+02  5.0078E+02  1.5060E-13  7.9234E-15  4.8078E+03 -5.0147E+01  2.6158E-05 -2.5463E-06
     1.091200
  7.0080E+01  3.8254E+02  1.0454E+03  1.1653E+03  7.7081E-14  1.0363E-14  1.1188E+04 -1.1669E+02  6.3715E-05 -4.4076E-06
     1.097400
  1.6307E+02  8.9016E+02  2.4325E+03  2.7117E+03 -5.1838E-13 -7.7789E-15  2.6034E+04 -2.7154E+02  1.4445E-04 -6.1032E-06
     1.103600
  3.7947E+02  2.0714E+03  5.6605E+03  6.3100E+03 -2.4391E-12  7.2469E-14  6.0580E+04 -6.3187E+02  3.0422E-04 -3.7939E-06
     1.109800
  8.8302E+02  4.8201E+03  1.3172E+04  1.4683E+04 -2.3955E-12  5.2949E-14  1.4097E+05 -1.4704E+03  5.8646E-04  1.5404E-05
     1.116000
  2.0548E+03  1.1216E+04  3.0651E+04  3.4168E+04  9.4836E-13  2.9259E-13  3.2803E+05 -3.4215E+03  9.9458E-04  8.8367E-05
     1.122200
  4.7815E+03  2.6100E+04  7.1324E+04  7.9508E+04 -2.5258E-11 -1.1212E-12  7.6333E+05 -7.9618E+03  1.3143E-03  3.1062E-04
     1.128400
  1.1126E+04  6.0735E+04  1.6597E+05  1.8501E+05 -1.0344E-11  4.2192E-12  1.7763E+06 -1.8527E+04  5.7674E-04  9.1112E-04
     1.134600
  2.5891E+04  1.4133E+05  3.8621E+05  4.3053E+05 -5.6905E-11 -4.0670E-12  4.1333E+06 -4.3112E+04 -4.3830E-03  2.4010E-03
     1.140800
  6.0248E+04  3.2887E+05  8.9871E+05  1.0018E+06  1.4623E-10  1.1851E-11  9.6182E+06 -1.0032E+05 -2.2488E-02  5.8384E-03
     1.147000
  1.4020E+05  7.6528E+05  2.0913E+06  2.3312E+06 -1.3842E-09 -4.8264E-11  2.2381E+07 -2.3344E+05 -7.6603E-02  1.3217E-02
     1.153200
  3.2623E+05  1.7808E+06  4.8664E+06  5.4248E+06 -2.0908E-10  9.7231E-12  5.2081E+07 -5.4322E+05 -2.2103E-01  2.7792E-02
     1.159400
  7.5914E+05  4.1439E+06  1.1324E+07  1.2623E+07  1.8877E-09 -6.2083E-11  1.2119E+08 -1.2641E+06 -5.7584E-01  5.3475E-02
     1.165600
  1.7665E+06  9.6428E+06  2.6351E+07  2.9374E+07 -4.1672E-09  3.3587E-10  2.8201E+08 -2.9415E+06 -1.3870E+00  9.0421E-02
     1.171800
  4.1106E+06  2.2439E+07  6.1318E+07  6.8354E+07 -5.4579E-09 -4.3785E-10  6.5624E+08 -6.8448E+06 -3.1111E+00  1.1866E-01
     1.178000
  9.5654E+06  5.2214E+07  1.4269E+08  1.5906E+08 -1.9147E-08  8.5598E-10  1.5271E+09 -1.5928E+07 -6.4750E+00  4.8809E-02
     1.184200
  2.2259E+07  1.2150E+08  3.3203E+08  3.7013E+08  1.1989E-09 -2.6604E-09  3.5535E+09 -3.7064E+07 -1.2291E+01 -4.1022E-01
     1.190400
  5.1795E+07  2.8273E+08  7.7262E+08  8.6128E+08 -1.0830E-07  3.5875E-09  8.2688E+09 -8.6246E+07 -2.0323E+01 -2.0774E+00
     1.196600
  1.2053E+08  6.5792E+08  1.7979E+09  2.0042E+09  1.4755E-06 -1.8173E-08  1.9241E+10 -2.0069E+08 -2.5239E+01 -7.0486E+00
     1.202800
  2.8047E+08  1.5310E+09  4.1836E+09  4.6637E+09  1.9869E-06 -2.6035E-08  4.4775E+10 -4.6701E+08 -4.6225E+00 -2.0294E+01
     1.209000
  6.5264E+08  3.5625E+09  9.7353E+09  1.0852E+10  2.1353E-08  6.8691E-08  1.0419E+11 -1.0867E+09  1.1278E+02 -5.2795E+01
     1.215200
  1.5187E+09  8.2899E+09  2.2654E+10  2.5253E+10 -9.6519E-06  5.3108E-07  2.4245E+11 -2.5288E+09  5.2463E+02 -1.2700E+02
     1.221400
  3.5340E+09  1.9291E+10  5.2715E+10  5.8764E+10  5.6120E-05 -3.0349E-07  5.6417E+11 -5.8845E+09  1.7315E+03 -2.8453E+02
     1.227600
  8.2235E+09  4.4889E+10  1.2267E+11  1.3674E+11 -4.2020E-05 -1.6492E-07  1.3128E+12 -1.3693E+10  4.9094E+03 -5.9136E+02
     1.233800
  1.9136E+10  1.0446E+11  2.8545E+11  3.1820E+11  2.6411E-04  2.1403E-06  3.0549E+12 -3.1864E+10  1.2632E+04 -1.1204E+03
     1.240000
  4.4529E+10  2.4307E+11  6.6423E+11  7.4045E+11 -4.7590E-05 -8.4142E-06  7.1088E+12 -7.4146E+10  3.0104E+04 -1.8467E+03
     1.246200
  1.0362E+11  5.6561E+11  1.5457E+12  1.7230E+12  1.0636E-03  2.2488E-05  1.6542E+13 -1.7254E+11  6.6818E+04 -2.2743E+03
     1.252400
  2.4112E+11  1.3162E+12  3.5967E+12  4.0094E+12  1.7940E-03 -6.3861E-05  3.8493E+13 -4.0149E+11  1.3740E+05 -3.3493E+02
     1.258600
  5.6108E+11  3.0627E+12  8.3695E+12  9.3298E+12 -3.2397E-03 -5.9503E-05  8.9573E+13 -9.3427E+11  2.5656E+05  1.0526E+04
     1.264800
  1.3056E+12  7.1269E+12  1.9476E+13  2.1710E+13 -3.9250E-03  6.7829E-05  2.0843E+14 -2.1740E+12  4.1240E+05  4.8457E+04
     1.271000
  3.0382E+12  1.6584E+13  4.5320E+13  5.0520E+13  5.4634E-03 -2.8394E-04  4.8502E+14 -5.0589E+12  4.7430E+05  1.5935E+05
     1.277200
  7.0698E+12  3.8591E+13  1.0546E+14  1.1756E+14 -2.4026E-02  1.3057E-04  1.1286E+15 -1.1772E+13 -7.4107E+04  4.5094E+05
     1.283400
  1.6451E+13  8.9801E+13  2.4540E+14  2.7356E+14  6.0123E-02 -3.5042E-03  2.6263E+15 -2.7393E+13 -2.8336E+06  1.1586E+06
     1.289600
  3.8282E+13  2.0897E+14  5.7104E+14  6.3657E+14  7.2424E-02  3.7650E-03  6.1115E+15 -6.3744E+13 -1.2177E+07  2.7578E+06
     1.295800
  8.9081E+13  4.8626E+14  1.3288E+15  1.4813E+15 -1.2048E+00 -1.7689E-02  1.4221E+16 -1.4833E+14 -3.9049E+07  6.1137E+06
     1.302000
  2.0729E+14  1.1315E+15  3.0921E+15  3.4469E+15 -4.9857E-01 -2.2641E-03  3.3093E+16 -3.4517E+14 -1.0890E+08  1.2554E+07
     1.308200
  4.8236E+14  2.6330E+15  7.1953E+15  8.0209E+15 -9.5563E-01  5.8317E-03  7.7006E+16 -8.0320E+14 -2.7680E+08  2.3396E+07
     1.314400
  1.1225E+15  6.1271E+15  1.6743E+16  1.8665E+16 -6.5913E+00  9.9300E-02  1.7919E+17 -1.8690E+15 -6.5267E+08  3.7476E+07
     1.320600
  2.6119E+15  1.4258E+16  3.8962E+16  4.3432E+16 -1.2538E+01 -1.2475E-01  4.1698E+17 -4.3492E+15 -1.4331E+09  4.2667E+07
     1.326800
  6.0779E+15  3.3177E+16  9.0663E+16  1.0107E+17  1.1628E+01 -7.9021E-01  9.7030E+17 -1.0121E+16 -2.9099E+09 -8.6696E+06
     1.333000
  1.4143E+16  7.7203E+16  2.1097E+17  2.3518E+17 -1.7840E+02 -6.9285E-01  2.2579E+18 -2.3550E+16 -5.3385E+09 -2.6382E+08
     1.339200
  3.2911E+16  1.7965E+17  4.9093E+17  5.4726E+17  3.8596E+02  5.4824E+00  5.2541E+18 -5.4801E+16 -8.3112E+09 -1.1245E+09
     1.345400
  7.6584E+16  4.1804E+17  1.1424E+18  1.2735E+18 -2.5274E+02  4.9827E+00  1.2226E+19 -1.2752E+17 -8.6700E+09 -3.5948E+09
     1.351600
  1.7821E+17  9.7278E+17  2.6583E+18  2.9633E+18  2.6385E+02  4.2747E+01  2.8450E+19 -2.9674E+17  5.4408E+09 -1.0007E+10
     1.357800
  4.1469E+17  2.2636E+18  6.1858E+18  6.8956E+18  4.0049E+03  2.6787E+00  6.6203E+19 -6.9051E+17  6.9933E+10 -2.5404E+10
     1.364000
  9.6498E+17  5.2675E+18  1.4394E+19  1.6046E+19 -2.2976E+03 -3.2024E+02  1.5405E+20 -1.6068E+18  2.8149E+11 -5.9836E+10
     1.370200
  2.2455E+18  1.2257E+19  3.3496E+19  3.7339E+19  7.2795E+03 -9.8390E+01  3.5848E+20 -3.7390E+18  8.7932E+11 -1.3125E+11
     1.376400
  5.2252E+18  2.8523E+19  7.7944E+19  8.6887E+19  1.4532E+04  1.2715E+03  8.3418E+20 -8.7007E+18  2.4139E+12 -2.6618E+11
     1.382600
  1.2159E+19  6.6372E+19  1.8137E+20  2.0219E+20  2.5631E+04 -4.1720E+03  1.9411E+21 -2.0246E+19  6.0636E+12 -4.8755E+11
     1.388800
  2.8294E+19  1.5445E+20  4.2205E+20  4.7048E+20 -2.1753E+05  4.2161E+03  4.5169E+21 -4.7113E+19  1.4148E+13 -7.5683E+11
     1.395000
  6.5839E+19  3.5939E+20  9.8211E+20  1.0948E+21 -2.4717E+05  3.6687E+03  1.0511E+22 -1.0963E+20  3.0735E+13 -7.8221E+11
     1.401200
  1.5321E+20  8.3630E+20  2.2854E+21  2.5476E+21  4.0990E+05  9.0572E+02  2.4459E+22 -2.5511E+20  6.1613E+13  5.2742E+11
     1.407400
  3.5651E+20  1.9461E+21  5.3180E+21  5.9282E+21 -1.4719E+06  3.2807E+04  5.6915E+22 -5.9364E+20  1.1098E+14  6.4707E+12
     1.413600
  8.2960E+20  4.5285E+21  1.2375E+22  1.3795E+22 -3.1704E+04 -2.9833E+05  1.3244E+23 -1.3814E+21  1.6687E+14  2.5917E+13
     1.419800
  1.9305E+21  1.0538E+22  2.8796E+22  3.2101E+22 -1.6332E+07 -4.0326E+04  3.0819E+23 -3.2145E+21  1.5411E+14  8.0789E+13
     1.426000
  4.4922E+21  2.4521E+22  6.7009E+22  7.4698E+22  1.0488E+07  7.5475E+05  7.1715E+23 -7.4800E+21 -1.9772E+14  2.2148E+14
     1.432200
  1.0453E+22  5.7060E+22  1.5593E+23  1.7382E+23  6.5957E+07  5.8778E+05  1.6688E+24 -1.7406E+22 -1.6909E+15  5.5576E+14
     1.438400
  2.4324E+22  1.3278E+23  3.6284E+23  4.0448E+23 -6.6900E+07 -2.0777E+06  3.8832E+24 -4.0503E+22 -6.4562E+15  1.2955E+15
     1.444600
  5.6603E+22  3.0897E+23  8.4433E+23  9.4121E+23 -1.7970E+08  3.6548E+06  9.0363E+24 -9.4251E+22 -1.9707E+16  2.8113E+15
     1.450800
  1.3171E+23  7.1898E+23  1.9647E+24  2.1902E+24 -3.5945E+07 -1.0533E+07  2.1027E+25 -2.1932E+23 -5.3319E+16  5.6282E+15
     1.457000
  3.0650E+23  1.6730E+24  4.5719E+24  5.0965E+24 -1.8685E+09 -8.2672E+07  4.8930E+25 -5.1036E+23 -1.3243E+17  1.0118E+16
     1.463200
  7.1321E+23  3.8932E+24  1.0639E+25  1.1860E+25  5.0291E+09 -1.0784E+08  1.1386E+26 -1.1876E+24 -3.0581E+17  1.5154E+16
     1.469400
  1.6596E+24  9.0593E+24  2.4756E+25  2.7597E+25  1.8964E+10 -7.2862E+07  2.6495E+26 -2.7635E+24 -6.5709E+17  1.3784E+16
     1.475600
  3.8619E+24  2.1081E+25  5.7608E+25  6.4218E+25  1.4231E+10  4.4814E+08  6.1653E+26 -6.4306E+24 -1.2996E+18 -1.8897E+16
     1.481800
  8.9867E+24  4.9055E+25  1.3405E+26  1.4943E+26 -6.8716E+10 -5.1783E+08  1.4347E+27 -1.4964E+25 -2.2941E+18 -1.5663E+17
     1.488000
  2.0912E+25  1.1415E+26  3.1194E+26  3.4773E+26  1.1315E+11  6.0651E+09  3.3385E+27 -3.4821E+25 -3.3123E+18 -5.9499E+17
     1.494200
  4.8662E+25  2.6563E+26  7.2588E+26  8.0917E+26 -9.1968E+10 -6.1697E+09  7.7685E+27 -8.1028E+25 -2.5759E+18 -1.8120E+18
     1.500000
  1.0723E+26  5.8533E+26  1.5995E+27  1.7831E+27 -1.0928E+12  2.9648E+10  1.7119E+28 -1.7855E+26  5.0222E+18 -4.6043E+18
