     0.000000
  1.1329E-01  1.0318E-34  8.5413E-09  1.0872E-02  0.0000E+00  0.0000E+00  0.0000E+00  0.0000E+00  0.0000E+00  0.0000E+00
     0.008340
  9.5197E-02  1.8138E-03  7.5815E-01  4.7039E-01  3.1412E-18  1.1056E-20  2.5613E+00 -7.4395E-03  2.8681E-04  1.0290E-05
     0.016680
  6.6702E-02  1.4342E-02  2.0216E+00  1.2157E+00  1.8423E-17  2.6970E-19  2.2115E+00 -9.7348E-03  4.7984E-04  3.8609E-05
     0.025020
  5.9959E-02  5.1791E-02  2.3870E+00  1.3816E+00 -9.8941E-18 -2.1264E-19  4.9625E-01 -7.2352E-03  2.1108E-04  4.2721E-05
     0.033360
  6.6918E-02  1.1470E-01  2.0353E+00  1.1658E+00  2.7578E-18 -1.8758E-20  3.7367E-01 -4.9410E-03 -4.7440E-04 -1.4386E-06
     0.041700
  6.3981E-02  1.8486E-01  1.9847E+00  1.2815E+00  3.3062E-17  1.9575E-20  1.5869E+00 -6.9091E-03 -6.8804E-04 -1.4555E-05
     0.050040
  5.4570E-02  2.4102E-01  2.3690E+00  1.7439E+00  5.0246E-17  1.4111E-19  2.0352E+00 -1.2177E-02 -1.5094E-04  4.6090E-05
     0.058380
  5.8698E-02  2.7787E-01  2.6135E+00  2.0798E+00 -2.3466E-17 -3.3846E-19  1.7896E+00 -1.5655E-02  1.7188E-06  7.1419E-05
     0.066720
  7.5055E-02  3.2106E-01  2.7373E+00  2.3374E+00  1.5116E-17  1.4805E-19  2.5814E+00 -1.6114E-02 -6.5201E-04  5.8573E-06
     0.075060
  8.2747E-02  4.1284E-01  3.2933E+00  2.9868E+00  5.8360E-17 -1.6295E-18  4.3382E+00 -1.9570E-02 -8.4906E-04 -2.5472E-05
     0.083400
  7.8609E-02  5.6005E-01  4.2686E+00  4.0182E+00 -8.4862E-17 -6.2800E-19  5.3765E+00 -2.7943E-02 -1.1351E-04  5.0421E-05
     0.091740
  8.4344E-02  7.2723E-01  5.1043E+00  4.9919E+00 -4.0325E-17 -1.1604E-19  5.6843E+00 -3.4708E-02  1.4167E-04  1.0635E-04
     0.100080
  1.1208E-01  9.0519E-01  5.7516E+00  5.9362E+00 -7.3578E-17 -8.7252E-19  7.1644E+00 -3.8375E-02 -7.3155E-04  5.0191E-05
     0.108420
  1.4985E-01  1.1390E+00  6.8605E+00  7.4578E+00 -1.0670E-16  1.7280E-18  1.0574E+01 -4.5270E-02 -1.2728E-03  6.0848E-06
     0.116760
  1.8932E-01  1.4729E+00  8.8603E+00  9.9068E+00 -7.0198E-17  2.7130E-18  1.4712E+01 -5.6705E-02 -7.7589E-04  7.7576E-05
     0.125100
  2.4428E-01  1.9282E+00  1.1549E+01  1.3087E+01 -2.1124E-16  4.0597E-18  1.9128E+01 -6.8656E-02 -7.1515E-04  1.3825E-04
     0.133440
  3.3350E-01  2.5443E+00  1.4878E+01  1.7025E+01 -1.3871E-16 -4.0744E-19  2.5657E+01 -8.2563E-02 -1.6227E-03  8.6373E-05
     0.141780
  4.6398E-01  3.3976E+00  1.9616E+01  2.2568E+01  5.0796E-16  2.8046E-18  3.6386E+01 -1.0411E-01 -1.7211E-03  7.1797E-05
     0.150120
  6.4144E-01  4.6001E+00  2.6746E+01  3.0852E+01  2.0681E-16 -1.5476E-17  5.1565E+01 -1.3553E-01 -5.4937E-04  2.0770E-04
     0.158460
  8.9170E-01  6.3044E+00  3.6695E+01  4.2539E+01  2.8456E-15 -3.4843E-18  7.1227E+01 -1.7719E-01 -4.5104E-04  3.1660E-04
     0.166800
  1.2652E+00  8.7040E+00  5.0000E+01  5.8249E+01 -9.0917E-16 -1.0717E-17  9.8457E+01 -2.3244E-01 -2.2403E-03  2.6365E-04
     0.175140
  1.8210E+00  1.2082E+01  6.8519E+01  7.9832E+01 -1.7831E-15  6.0358E-18  1.3923E+02 -3.0883E-01 -3.4222E-03  2.4697E-04
     0.183480
  2.6231E+00  1.6929E+01  9.5257E+01  1.1068E+02  8.7524E-15  2.1679E-17  1.9932E+02 -4.1914E-01 -3.3632E-03  3.9400E-04
     0.191820
  3.7701E+00  2.4015E+01  1.3344E+02  1.5488E+02 -3.2296E-15 -7.3658E-17  2.8437E+02 -5.8205E-01 -5.6543E-03  4.2861E-04
     0.200160
  5.4270E+00  3.4394E+01  1.8694E+02  2.1719E+02 -1.9091E-16 -7.4131E-17  4.0432E+02 -8.2285E-01 -1.2717E-02  1.3471E-04
     0.208500
  7.8270E+00  4.9501E+01  2.6197E+02  3.0484E+02  1.4824E-14  2.1560E-16  5.7620E+02 -1.1759E+00 -2.3591E-02 -2.8490E-04
     0.216840
  1.1274E+01  7.1443E+01  3.6795E+02  4.2905E+02  1.2122E-14  8.4948E-17  8.2277E+02 -1.6910E+00 -4.0597E-02 -8.3739E-04
     0.225180
  1.6183E+01  1.0333E+02  5.1746E+02  6.0533E+02  1.2299E-14 -3.7625E-17  1.1727E+03 -2.4439E+00 -7.2190E-02 -2.1541E-03
     0.233520
  2.3154E+01  1.4953E+02  7.2733E+02  8.5426E+02 -2.6139E-14  6.8663E-16  1.6662E+03 -3.5475E+00 -1.2564E-01 -4.7394E-03
     0.241860
  3.3026E+01  2.1612E+02  1.0211E+03  1.2045E+03 -5.1467E-14  2.8381E-16  2.3617E+03 -5.1595E+00 -2.0556E-01 -8.5499E-03
     0.250200
  4.6938E+01  3.1162E+02  1.4320E+03  1.6969E+03  2.4464E-16 -5.9381E-16  3.3400E+03 -7.4942E+00 -3.2351E-01 -1.3941E-02
     0.258540
  6.6438E+01  4.4800E+02  2.0052E+03  2.3880E+03 -2.2938E-14 -1.7987E-16  4.7078E+03 -1.0854E+01 -5.0169E-01 -2.2398E-02
     0.266880
  9.3669E+01  6.4186E+02  2.8018E+03  3.3540E+03 -6.6494E-14 -1.1771E-15  6.6107E+03 -1.5660E+01 -7.6486E-01 -3.5576E-02
     0.275220
  1.3161E+02  9.1592E+02  3.9056E+03  4.6988E+03  1.2039E-13  2.5903E-15  9.2511E+03 -2.2489E+01 -1.1362E+00 -5.4562E-02
     0.283560
  1.8438E+02  1.3013E+03  5.4324E+03  6.5660E+03  1.4859E-13  1.8074E-15  1.2907E+04 -3.2123E+01 -1.6466E+00 -8.1005E-02
     0.291900
  2.5756E+02  1.8409E+03  7.5406E+03  9.1526E+03  5.0445E-13 -8.0399E-16  1.7954E+04 -4.5625E+01 -2.3458E+00 -1.1836E-01
     0.300240
  3.5879E+02  2.5936E+03  1.0444E+04  1.2725E+04 -2.2513E-13  1.6845E-15  2.4895E+04 -6.4444E+01 -3.3005E+00 -1.7149E-01
     0.308580
  4.9862E+02  3.6398E+03  1.4434E+04  1.7644E+04 -3.2430E-13 -1.3448E-14  3.4421E+04 -9.0554E+01 -4.5840E+00 -2.4578E-01
     0.316920
  6.9159E+02  5.0888E+03  1.9907E+04  2.4400E+04 -1.3134E-13  2.8065E-15  4.7476E+04 -1.2661E+02 -6.2813E+00 -3.4806E-01
     0.325260
  9.5759E+02  7.0895E+03  2.7408E+04  3.3660E+04 -3.8293E-13  4.9916E-15  6.5338E+04 -1.7618E+02 -8.5115E+00 -4.8859E-01
     0.333600
  1.3238E+03  9.8454E+03  3.7674E+04  4.6331E+04 -6.8761E-13  1.3077E-14  8.9736E+04 -2.4410E+02 -1.1438E+01 -6.8180E-01
     0.341940
  1.8275E+03  1.3634E+04  5.1705E+04  6.3638E+04  1.6786E-12  2.7619E-14  1.2302E+05 -3.3693E+02 -1.5264E+01 -9.4647E-01
     0.350280
  2.5199E+03  1.8832E+04  7.0863E+04  8.7237E+04  5.1258E-12 -1.7628E-14  1.6838E+05 -4.6350E+02 -2.0246E+01 -1.3078E+00
     0.358620
  3.4714E+03  2.5953E+04  9.7004E+04  1.1938E+05 -2.6513E-12 -6.7471E-14  2.3019E+05 -6.3575E+02 -2.6727E+01 -1.8006E+00
     0.366960
  4.7781E+03  3.5697E+04  1.3265E+05  1.6314E+05  1.6041E-12 -8.7184E-14  3.1435E+05 -8.6988E+02 -3.5159E+01 -2.4718E+00
     0.375300
  6.5718E+03  4.9020E+04  1.8122E+05  2.2264E+05  5.1477E-12  7.4270E-14  4.2892E+05 -1.1879E+03 -4.6148E+01 -3.3846E+00
     0.383640
  9.0335E+03  6.7225E+04  2.4738E+05  3.0354E+05  6.9979E-12 -1.3814E-13  5.8487E+05 -1.6196E+03 -6.0527E+01 -4.6261E+00
     0.391980
  1.2411E+04  9.2091E+04  3.3745E+05  4.1349E+05  1.0439E-11 -1.1457E-13  7.9720E+05 -2.2059E+03 -7.9437E+01 -6.3160E+00
     0.400320
  1.7046E+04  1.2605E+05  4.6005E+05  5.6294E+05 -1.3652E-11 -1.0407E-13  1.0864E+06 -3.0021E+03 -1.0440E+02 -8.6155E+00
     0.408660
  2.3405E+04  1.7244E+05  6.2690E+05  7.6611E+05  1.7147E-11  2.5949E-13  1.4804E+06 -4.0841E+03 -1.3747E+02 -1.1744E+01
     0.417000
  3.2131E+04  2.3581E+05  8.5391E+05  1.0424E+06 -2.7845E-11 -1.6207E-13  2.0176E+06 -5.5560E+03 -1.8156E+02 -1.6003E+01
     0.425340
  4.4108E+04  3.2242E+05  1.1628E+06  1.4185E+06 -6.7440E-12 -7.5187E-13  2.7505E+06 -7.5604E+03 -2.4072E+02 -2.1808E+01
     0.433680
  6.0551E+04  4.4086E+05  1.5831E+06  1.9305E+06 -5.1361E-11 -3.0171E-13  3.7512E+06 -1.0293E+04 -3.2059E+02 -2.9732E+01
     0.442020
  8.3136E+04  6.0291E+05  2.1552E+06  2.6284E+06 -4.8971E-11  1.1783E-12  5.1189E+06 -1.4025E+04 -4.2891E+02 -4.0556E+01
     0.450360
  1.1417E+05  8.2483E+05  2.9339E+06  3.5805E+06  9.9366E-11 -5.6268E-13  6.9899E+06 -1.9127E+04 -5.7634E+02 -5.5356E+01
     0.458700
  1.5684E+05  1.1289E+06  3.9944E+06  4.8807E+06 -1.0708E-10 -3.2698E-13  9.5522E+06 -2.6112E+04 -7.7774E+02 -7.5613E+01
     0.467040
  2.1556E+05  1.5460E+06  5.4392E+06  6.6582E+06 -2.3753E-10  2.3570E-12  1.3065E+07 -3.5692E+04 -1.0539E+03 -1.0337E+02
     0.475380
  2.9640E+05  2.1187E+06  7.4086E+06  9.0911E+06 -1.3593E-11  2.4471E-12  1.7885E+07 -4.8849E+04 -1.4337E+03 -1.4146E+02
     0.483720
  4.0781E+05  2.9055E+06  1.0095E+07  1.2425E+07  4.6188E-11  2.0025E-12  2.4509E+07 -6.6942E+04 -1.9569E+03 -1.9376E+02
     0.492060
  5.6146E+05  3.9877E+06  1.3762E+07  1.7000E+07  6.8940E-11 -5.9729E-13  3.3620E+07 -9.1860E+04 -2.6781E+03 -2.6564E+02
     0.500400
  7.7357E+05  5.4775E+06  1.8772E+07  2.3284E+07 -1.3631E-09  5.0985E-12  4.6166E+07 -1.2622E+05 -3.6729E+03 -3.6446E+02
     0.508740
  1.0666E+06  7.5305E+06  2.5622E+07  3.1927E+07 -5.4125E-10  2.9378E-12  6.3462E+07 -1.7366E+05 -5.0454E+03 -5.0042E+02
     0.517080
  1.4719E+06  1.0362E+07  3.4999E+07  4.3831E+07  9.0510E-10  9.3795E-12  8.7334E+07 -2.3923E+05 -6.9392E+03 -6.8757E+02
     0.525420
  2.0330E+06  1.4271E+07  4.7848E+07  6.0244E+07  1.3319E-09  7.6801E-12  1.2032E+08 -3.2995E+05 -9.5512E+03 -9.4530E+02
     0.533760
  2.8103E+06  1.9673E+07  6.5473E+07  8.2902E+07  3.6397E-09 -1.3032E-11  1.6594E+08 -4.5560E+05 -1.3150E+04 -1.3003E+03
     0.542100
  3.8883E+06  2.7143E+07  8.9679E+07  1.1422E+08  1.3162E-09  1.6816E-11  2.2910E+08 -6.2977E+05 -1.8106E+04 -1.7895E+03
     0.550440
  5.3845E+06  3.7484E+07  1.2296E+08  1.5754E+08 -1.2837E-09  8.1023E-11  3.1664E+08 -8.7138E+05 -2.4925E+04 -2.4637E+03
     0.558780
  7.4629E+06  5.1809E+07  1.6879E+08  2.1755E+08 -3.4769E-09  4.9632E-11  4.3808E+08 -1.2068E+06 -3.4301E+04 -3.3931E+03
     0.567120
  1.0352E+07  7.1669E+07  2.3197E+08  3.0076E+08 -2.5585E-09 -1.1066E-10  6.0670E+08 -1.6727E+06 -4.7186E+04 -4.6748E+03
     0.575460
  1.4372E+07  9.9224E+07  3.1916E+08  4.1624E+08 -9.7658E-09 -1.3475E-10  8.4103E+08 -2.3204E+06 -6.4882E+04 -6.4427E+03
     0.583800
  1.9969E+07  1.3748E+08  4.3968E+08  5.7665E+08  2.2866E-08  2.1406E-10  1.1669E+09 -3.2210E+06 -8.9178E+04 -8.8821E+03
     0.592140
  2.7766E+07  1.9064E+08  6.0644E+08  7.9968E+08 -1.2719E-08 -7.8761E-11  1.6205E+09 -4.4740E+06 -1.2253E+05 -1.2249E+04
     0.600480
  3.8635E+07  2.6455E+08  8.3748E+08  1.1100E+09  1.3369E-08 -3.4653E-10  2.2524E+09 -6.2182E+06 -1.6832E+05 -1.6898E+04
     0.608820
  5.3793E+07  3.6738E+08  1.1580E+09  1.5422E+09 -4.0102E-08 -4.6614E-10  3.1330E+09 -8.6468E+06 -2.3119E+05 -2.3320E+04
     0.617160
  7.4945E+07  5.1051E+08  1.6030E+09  2.1444E+09  1.3142E-07 -1.4579E-10  4.3612E+09 -1.2030E+07 -3.1756E+05 -3.2195E+04
     0.625500
  1.0447E+08  7.0987E+08  2.2217E+09  2.9842E+09  1.5744E-07 -2.6847E-10  6.0750E+09 -1.6744E+07 -4.3631E+05 -4.4466E+04
     0.633840
  1.4572E+08  9.8769E+08  3.0827E+09  4.1559E+09  1.9993E-07 -2.2547E-09  8.4679E+09 -2.3315E+07 -5.9970E+05 -6.1440E+04
     0.642180
  2.0334E+08  1.3750E+09  4.2820E+09  5.7918E+09 -2.0879E-08  1.9329E-09  1.1810E+10 -3.2477E+07 -8.2477E+05 -8.4935E+04
     0.650520
  2.8386E+08  1.9154E+09  5.9542E+09  8.0767E+09 -4.7811E-09 -2.0025E-10  1.6482E+10 -4.5257E+07 -1.1352E+06 -1.1747E+05
     0.658860
  3.9645E+08  2.6694E+09  8.2877E+09  1.1270E+10  6.1617E-07  1.1503E-09  2.3013E+10 -6.3086E+07 -1.5640E+06 -1.6257E+05
     0.667200
  5.5388E+08  3.7221E+09  1.1546E+10  1.5734E+10 -3.7635E-07 -6.1529E-09  3.2147E+10 -8.7967E+07 -2.1571E+06 -2.2510E+05
     0.675540
  7.7409E+08  5.1924E+09  1.6100E+10  2.1979E+10  7.5912E-07 -1.4700E-09  4.4927E+10 -1.2270E+08 -2.9791E+06 -3.1189E+05
     0.683880
  1.0822E+09  7.2466E+09  2.2469E+10  3.0715E+10  2.1209E-07 -6.6005E-09  6.2813E+10 -1.7120E+08 -4.1201E+06 -4.3242E+05
     0.692220
  1.5133E+09  1.0118E+10  3.1379E+10  4.2943E+10  3.4940E-07  1.6867E-10  8.7852E+10 -2.3894E+08 -5.7069E+06 -5.9995E+05
     0.700560
  2.1167E+09  1.4132E+10  4.3854E+10  6.0063E+10 -2.7241E-06 -2.1587E-08  1.2292E+11 -3.3359E+08 -7.9178E+06 -8.3301E+05
     0.708900
  2.9613E+09  1.9745E+10  6.1326E+10  8.4038E+10 -1.4270E-06 -2.1157E-09  1.7203E+11 -4.6586E+08 -1.1004E+07 -1.1575E+06
     0.717240
  4.1437E+09  2.7598E+10  8.5808E+10  1.1762E+11 -4.6462E-06  2.4375E-08  2.4083E+11 -6.5076E+08 -1.5319E+07 -1.6096E+06
     0.725580
  5.7994E+09  3.8586E+10  1.2012E+11  1.6467E+11 -6.5546E-06 -6.2697E-08  3.3724E+11 -9.0931E+08 -2.1364E+07 -2.2402E+06
     0.733920
  8.1179E+09  5.3966E+10  1.6824E+11  2.3061E+11 -6.0530E-07 -1.6061E-08  4.7236E+11 -1.2709E+09 -2.9844E+07 -3.1204E+06
     0.742260
  1.1365E+10  7.5497E+10  2.3571E+11  3.2303E+11  6.8490E-06  4.0860E-08  6.6174E+11 -1.7769E+09 -4.1761E+07 -4.3500E+06
     0.750600
  1.5913E+10  1.0564E+11  3.3036E+11  4.5257E+11  1.7223E-05  3.1008E-07  9.2722E+11 -2.4849E+09 -5.8527E+07 -6.0691E+06
     0.758940
  2.2283E+10  1.4787E+11  4.6316E+11  6.3419E+11  3.3615E-05 -3.9608E-07  1.2994E+12 -3.4760E+09 -8.2146E+07 -8.4743E+06
     0.767280
  3.1207E+10  2.0701E+11  6.4949E+11  8.8883E+11 -1.1308E-05  5.0835E-08  1.8213E+12 -4.8636E+09 -1.1545E+08 -1.1842E+07
     0.775620
  4.3709E+10  2.8986E+11  9.1098E+11  1.2459E+12 -3.0705E-05 -3.6773E-07  2.5530E+12 -6.8068E+09 -1.6246E+08 -1.6560E+07
     0.783960
  6.1223E+10  4.0596E+11  1.2780E+12  1.7466E+12  6.3257E-05  4.3743E-07  3.5790E+12 -9.5287E+09 -2.2884E+08 -2.3174E+07
     0.792300
  8.5760E+10  5.6863E+11  1.7930E+12  2.4488E+12  1.2267E-04  3.9512E-07  5.0178E+12 -1.3342E+10 -3.2264E+08 -3.2451E+07
     0.800640
  1.2014E+11  7.9662E+11  2.5158E+12  3.4335E+12 -1.0848E-04  2.8485E-07  7.0353E+12 -1.8685E+10 -4.5522E+08 -4.5468E+07
     0.808980
  1.6830E+11  1.1161E+12  3.5303E+12  4.8144E+12  8.5954E-07  1.0223E-06  9.8645E+12 -2.6173E+10 -6.4265E+08 -6.3741E+07
     0.817320
  2.3579E+11  1.5640E+12  4.9539E+12  6.7511E+12 -1.5883E-04 -4.2279E-06  1.3832E+13 -3.6668E+10 -9.0762E+08 -8.9400E+07
     0.825660
  3.3034E+11  2.1918E+12  6.9518E+12  9.4669E+12 -4.8193E-04  9.2935E-06  1.9394E+13 -5.1378E+10 -1.2822E+09 -1.2544E+08
     0.834000
  4.6280E+11  3.0717E+12  9.7552E+12  1.3275E+13  3.8135E-04 -9.7806E-06  2.7193E+13 -7.1999E+10 -1.8115E+09 -1.7607E+08
     0.842340
  6.4838E+11  4.3051E+12  1.3689E+13  1.8615E+13 -8.5935E-04 -5.9004E-07  3.8127E+13 -1.0091E+11 -2.5592E+09 -2.4720E+08
     0.850680
  9.0837E+11  6.0339E+12  1.9207E+13  2.6103E+13 -1.8745E-04  3.5726E-06  5.3456E+13 -1.4143E+11 -3.6152E+09 -3.4714E+08
     0.859020
  1.2726E+12  8.4572E+12  2.6948E+13  3.6600E+13 -1.3728E-03 -1.8031E-05  7.4942E+13 -1.9825E+11 -5.1057E+09 -4.8755E+08
     0.867360
  1.7828E+12  1.1854E+13  3.7805E+13  5.1316E+13  3.6789E-03 -6.3201E-06  1.0506E+14 -2.7790E+11 -7.2082E+09 -6.8483E+08
     0.875700
  2.4974E+12  1.6614E+13  5.3031E+13  7.1944E+13  1.5548E-03  1.2051E-05  1.4726E+14 -3.8956E+11 -1.0172E+10 -9.6197E+08
     0.884040
  3.4984E+12  2.3285E+13  7.4382E+13  1.0086E+14  1.2897E-03 -8.2774E-07  2.0641E+14 -5.4607E+11 -1.4349E+10 -1.3512E+09
     0.892380
  4.9002E+12  3.2634E+13  1.0432E+14  1.4137E+14  2.3245E-03  1.4595E-05  2.8928E+14 -7.6545E+11 -2.0229E+10 -1.8979E+09
     0.900720
  6.8635E+12  4.5734E+13  1.4628E+14  1.9815E+14 -4.0380E-04 -3.8456E-05  4.0537E+14 -1.0729E+12 -2.8503E+10 -2.6655E+09
     0.909060
  9.6126E+12  6.4088E+13  2.0509E+14  2.7769E+14 -3.1580E-02  5.8648E-05  5.6799E+14 -1.5038E+12 -4.0137E+10 -3.7431E+09
     0.917400
  1.3462E+13  8.9800E+13  2.8751E+14  3.8912E+14 -5.5218E-03  6.8610E-05  7.9577E+14 -2.1076E+12 -5.6487E+10 -5.2555E+09
     0.925740
  1.8852E+13  1.2582E+14  4.0300E+14  5.4521E+14 -3.3882E-03 -3.4591E-04  1.1148E+15 -2.9535E+12 -7.9449E+10 -7.3775E+09
     0.934080
  2.6397E+13  1.7627E+14  5.6479E+14  7.6382E+14  2.2603E-02 -1.5783E-04  1.5614E+15 -4.1385E+12 -1.1168E+11 -1.0354E+10
     0.942420
  3.6960E+13  2.4692E+14  7.9143E+14  1.0699E+15  3.4889E-02 -5.6879E-04  2.1868E+15 -5.7984E+12 -1.5689E+11 -1.4529E+10
     0.950760
  5.1746E+13  3.4586E+14  1.1088E+15  1.4986E+15  4.1138E-02  3.0766E-04  3.0622E+15 -8.1231E+12 -2.2028E+11 -2.0382E+10
     0.959100
  7.2441E+13  4.8440E+14  1.5534E+15  2.0987E+15  6.1239E-02 -1.8724E-03  4.2877E+15 -1.1378E+13 -3.0910E+11 -2.8587E+10
     0.967440
  1.0140E+14  6.7836E+14  2.1758E+15  2.9387E+15 -1.6056E-01  4.9764E-04  6.0029E+15 -1.5936E+13 -4.3353E+11 -4.0085E+10
     0.975780
  1.4194E+14  9.4987E+14  3.0472E+15  4.1145E+15 -1.2385E-02 -1.2795E-03  8.4032E+15 -2.2318E+13 -6.0775E+11 -5.6194E+10
     0.984120
  1.9866E+14  1.3299E+15  4.2670E+15  5.7600E+15  2.2875E-02  3.5778E-03  1.1762E+16 -3.1250E+13 -8.5159E+11 -7.8758E+10
     0.992460
  2.7802E+14  1.8619E+15  5.9744E+15  8.0627E+15 -5.3004E-01  9.1569E-04  1.6462E+16 -4.3752E+13 -1.1928E+12 -1.1036E+11
     1.000800
  3.8906E+14  2.6063E+15  8.3640E+15  1.1285E+16 -1.2715E-01 -4.0451E-04  2.3037E+16 -6.1247E+13 -1.6700E+12 -1.5460E+11
     1.009140
  5.4441E+14  3.6480E+15  1.1708E+16  1.5793E+16  3.2477E-01 -4.5980E-03  3.2236E+16 -8.5730E+13 -2.3375E+12 -2.1654E+11
     1.017480
  7.6175E+14  5.1056E+15  1.6387E+16  2.2100E+16  1.3256E+00  1.1959E-02  4.5104E+16 -1.1999E+14 -3.2707E+12 -3.0324E+11
     1.025820
  1.0658E+15  7.1449E+15  2.2934E+16  3.0923E+16 -8.1745E-02 -1.0823E-03  6.3103E+16 -1.6791E+14 -4.5753E+12 -4.2457E+11
     1.034160
  1.4911E+15  9.9980E+15  3.2093E+16  4.3264E+16  4.5080E+00  5.4815E-03  8.8279E+16 -2.3496E+14 -6.3989E+12 -5.9433E+11
     1.042500
  2.0860E+15  1.3989E+16  4.4906E+16  6.0527E+16  1.3314E+00 -1.0913E-02  1.2349E+17 -3.2874E+14 -8.9475E+12 -8.3185E+11
     1.050840
  2.9181E+15  1.9573E+16  6.2829E+16  8.4671E+16  3.0759E+00  3.2586E-02  1.7274E+17 -4.5992E+14 -1.2509E+13 -1.1641E+12
     1.059180
  4.0819E+15  2.7382E+16  8.7899E+16  1.1844E+17  3.1671E-01 -1.1432E-01  2.4161E+17 -6.4340E+14 -1.7487E+13 -1.6289E+12
     1.067520
  5.7097E+15  3.8306E+16  1.2296E+17  1.6566E+17 -9.0868E+00 -8.0518E-02  3.3793E+17 -9.0002E+14 -2.4442E+13 -2.2790E+12
     1.075860
  7.9862E+15  5.3584E+16  1.7200E+17  2.3170E+17  1.1006E+01 -4.6556E-02  4.7262E+17 -1.2589E+15 -3.4162E+13 -3.1882E+12
     1.084200
  1.1170E+16  7.4951E+16  2.4059E+17  3.2406E+17 -9.2833E+00  9.1803E-02  6.6097E+17 -1.7608E+15 -4.7744E+13 -4.4596E+12
     1.092540
  1.5623E+16  1.0484E+17  3.3650E+17  4.5320E+17  2.4313E+01 -1.3295E-01  9.2436E+17 -2.4627E+15 -6.6723E+13 -6.2377E+12
     1.100880
  2.1850E+16  1.4663E+17  4.7063E+17  6.3380E+17 -3.2619E+01  3.8289E-01  1.2927E+18 -3.4443E+15 -9.3244E+13 -8.7241E+12
     1.109220
  3.0559E+16  2.0508E+17  6.5820E+17  8.8633E+17  3.6798E+01 -2.7056E-01  1.8077E+18 -4.8169E+15 -1.3031E+14 -1.2201E+13
     1.117560
  4.2738E+16  2.8681E+17  9.2049E+17  1.2395E+18  6.0320E+01 -9.0357E-03  2.5279E+18 -6.7363E+15 -1.8210E+14 -1.7062E+13
     1.125900
  5.9770E+16  4.0112E+17  1.2873E+18  1.7332E+18  3.8706E+01 -4.3019E-01  3.5350E+18 -9.4204E+15 -2.5449E+14 -2.3860E+13
     1.134240
  8.3588E+16  5.6096E+17  1.8001E+18  2.4237E+18 -9.8942E+01 -5.3165E-01  4.9432E+18 -1.3174E+16 -3.5566E+14 -3.3365E+13
     1.142580
  1.1690E+17  7.8450E+17  2.5172E+18  3.3892E+18 -1.2234E+02  1.2158E+00  6.9125E+18 -1.8422E+16 -4.9707E+14 -4.6654E+13
     1.150920
  1.6348E+17  1.0971E+18  3.5200E+18  4.7393E+18 -4.4742E+00  1.9799E+00  9.6661E+18 -2.5762E+16 -6.9472E+14 -6.5236E+13
     1.159260
  2.2862E+17  1.5342E+18  4.9221E+18  6.6271E+18  3.1361E+01  2.2852E+00  1.3517E+19 -3.6026E+16 -9.7099E+14 -9.1218E+13
     1.167600
  3.1972E+17  2.1455E+18  6.8827E+18  9.2669E+18 -3.4427E+02 -1.6798E+00  1.8901E+19 -5.0379E+16 -1.3572E+15 -1.2755E+14
     1.175940
  4.4712E+17  3.0004E+18  9.6241E+18  1.2958E+19 -4.5396E+02 -2.2756E+00  2.6431E+19 -7.0450E+16 -1.8970E+15 -1.7834E+14
     1.184280
  6.2529E+17  4.1959E+18  1.3457E+19  1.8120E+19 -4.8402E+02 -1.6306E+00  3.6961E+19 -9.8518E+16 -2.6517E+15 -2.4937E+14
     1.192620
  8.7446E+17  5.8677E+18  1.8818E+19  2.5339E+19 -2.5728E+02  7.0516E+00  5.1685E+19 -1.3777E+17 -3.7067E+15 -3.4868E+14
     1.200960
  1.2229E+18  8.2056E+18  2.6313E+19  3.5433E+19 -7.6728E+02 -1.1815E+01  7.2277E+19 -1.9266E+17 -5.1817E+15 -4.8754E+14
     1.209300
  1.7102E+18  1.1475E+19  3.6793E+19  4.9548E+19 -1.6670E+03 -1.4997E+01  1.0107E+20 -2.6943E+17 -7.2438E+15 -6.8172E+14
     1.217640
  2.3918E+18  1.6047E+19  5.1448E+19  6.9288E+19 -2.8435E+02  2.7180E+01  1.4134E+20 -3.7678E+17 -1.0127E+16 -9.5323E+14
     1.225980
  3.3449E+18  2.2442E+19  7.1941E+19  9.6893E+19 -2.9422E+03 -1.2550E+01  1.9766E+20 -5.2692E+17 -1.4157E+16 -1.3329E+15
     1.234320
  4.6780E+18  3.1384E+19  1.0060E+20  1.3550E+20  8.6663E+02 -5.9452E+00  2.7642E+20 -7.3690E+17 -1.9793E+16 -1.8638E+15
     1.242660
  6.5423E+18  4.3890E+19  1.4067E+20  1.8949E+20 -1.1523E+03  5.0030E+01  3.8657E+20 -1.0306E+18 -2.7673E+16 -2.6061E+15
     1.251000
  9.1497E+18  6.1380E+19  1.9671E+20  2.6499E+20 -6.8152E+02  9.1654E+01  5.4061E+20 -1.4412E+18 -3.8690E+16 -3.6442E+15
     1.259340
  1.2796E+19  8.5841E+19  2.7507E+20  3.7058E+20 -1.6840E+04  8.8565E+01  7.5605E+20 -2.0156E+18 -5.4094E+16 -5.0959E+15
     1.267680
  1.7897E+19  1.2005E+20  3.8466E+20  5.1825E+20 -1.5145E+04  3.7945E+01  1.0573E+21 -2.8189E+18 -7.5634E+16 -7.1259E+15
     1.276020
  2.5030E+19  1.6789E+20  5.3791E+20  7.2478E+20  5.0325E+03  3.9375E+02  1.4787E+21 -3.9424E+18 -1.0575E+17 -9.9646E+15
     1.284360
  3.5007E+19  2.3481E+20  7.5223E+20  1.0136E+21 -5.5501E+03 -3.9548E+01  2.0681E+21 -5.5138E+18 -1.4786E+17 -1.3934E+16
     1.292700
  4.8960E+19  3.2839E+20  1.0520E+21  1.4176E+21 -3.1953E+04 -1.3140E+02  2.8924E+21 -7.7114E+18 -2.0675E+17 -1.9486E+16
     1.301040
  6.8476E+19  4.5927E+20  1.4711E+21  1.9826E+21 -5.4450E+04  2.9679E+02  4.0452E+21 -1.0785E+19 -2.8910E+17 -2.7249E+16
     1.309380
  9.5773E+19  6.4233E+20  2.0573E+21  2.7728E+21 -1.3302E+05 -3.5600E+02  5.6576E+21 -1.5084E+19 -4.0424E+17 -3.8106E+16
     1.317720
  1.3395E+20  8.9835E+20  2.8772E+21  3.8779E+21 -9.6964E+04 -1.4523E+02  7.9127E+21 -2.1097E+19 -5.6526E+17 -5.3289E+16
     1.326060
  1.8735E+20  1.2564E+21  4.0238E+21  5.4237E+21 -1.0736E+05 -5.6141E+02  1.1067E+22 -2.9506E+19 -7.9043E+17 -7.4523E+16
     1.334400
  2.6204E+20  1.7572E+21  5.6275E+21  7.5856E+21 -2.5130E+05 -3.2130E+03  1.5478E+22 -4.1268E+19 -1.1053E+18 -1.0422E+17
     1.342740
  3.6650E+20  2.4577E+21  7.8703E+21  1.0609E+22 -3.7165E+05  5.0538E+03  2.1649E+22 -5.7718E+19 -1.5457E+18 -1.4575E+17
     1.351080
  5.1261E+20  3.4374E+21  1.1007E+22  1.4839E+22  4.8756E+05 -8.7941E+02  3.0279E+22 -8.0727E+19 -2.1615E+18 -2.0383E+17
     1.359420
  7.1698E+20  4.8077E+21  1.5395E+22  2.0754E+22 -2.8424E+05  5.1378E+02  4.2350E+22 -1.1291E+20 -3.0228E+18 -2.8506E+17
     1.367760
  1.0028E+21  6.7242E+21  2.1531E+22  2.9028E+22  1.7547E+05 -1.8490E+04  5.9233E+22 -1.5792E+20 -4.2273E+18 -3.9867E+17
     1.376100
  1.4026E+21  9.4049E+21  3.0114E+22  4.0600E+22  1.3228E+06  1.6336E+03  8.2848E+22 -2.2088E+20 -5.9119E+18 -5.5756E+17
     1.384440
  1.9619E+21  1.3154E+22  4.2118E+22  5.6786E+22  6.8601E+05 -2.2284E+04  1.1588E+23 -3.0893E+20 -8.2680E+18 -7.7979E+17
     1.392780
  2.7441E+21  1.8398E+22  5.8908E+22  7.9426E+22  2.9965E+06  3.8101E+04  1.6208E+23 -4.3209E+20 -1.1563E+19 -1.0906E+18
     1.401120
  3.8381E+21  2.5733E+22  8.2393E+22  1.1109E+23  6.8375E+06 -3.5502E+04  2.2670E+23 -6.0436E+20 -1.6173E+19 -1.5253E+18
     1.409460
  5.3684E+21  3.5993E+22  1.1524E+23  1.5538E+23 -5.2186E+06  2.3507E+04  3.1709E+23 -8.4530E+20 -2.2619E+19 -2.1333E+18
     1.417800
  7.5089E+21  5.0343E+22  1.6119E+23  2.1734E+23  5.5387E+06  8.6127E+04  4.4351E+23 -1.1823E+21 -3.1637E+19 -2.9838E+18
     1.426140
  1.0503E+22  7.0414E+22  2.2545E+23  3.0399E+23 -8.2469E+05 -8.6880E+04  6.2035E+23 -1.6537E+21 -4.4250E+19 -4.1733E+18
     1.434480
  1.4691E+22  9.8489E+22  3.1534E+23  4.2520E+23 -2.0890E+07 -3.7074E+04  8.6770E+23 -2.3130E+21 -6.1892E+19 -5.8370E+18
     1.442820
  2.0548E+22  1.3776E+23  4.4107E+23  5.9474E+23 -9.0488E+06  3.4177E+05  1.2137E+24 -3.2352E+21 -8.6571E+19 -8.1641E+18
     1.451160
  2.8742E+22  1.9268E+23  6.1694E+23  8.3189E+23  3.7603E+07  2.2064E+05  1.6976E+24 -4.5252E+21 -1.2109E+20 -1.1419E+19
     1.459500
  4.0202E+22  2.6951E+23  8.6293E+23  1.1636E+24  6.8862E+06  6.9741E+05  2.3746E+24 -6.3294E+21 -1.6938E+20 -1.5972E+19
     1.467840
  5.6233E+22  3.7697E+23  1.2070E+24  1.6276E+24  8.6492E+07 -2.1904E+05  3.3214E+24 -8.8531E+21 -2.3693E+20 -2.2340E+19
     1.476180
  7.8655E+22  5.2728E+23  1.6883E+24  2.2766E+24  6.8426E+07  1.1888E+05  4.6458E+24 -1.2383E+22 -3.3142E+20 -3.1248E+19
     1.484520
  1.1002E+23  7.3753E+23  2.3615E+24  3.1843E+24 -2.5935E+08  1.6693E+06  6.4984E+24 -1.7321E+22 -4.6361E+20 -4.3708E+19
     1.492860
  1.5389E+23  1.0316E+24  3.3032E+24  4.4541E+24  1.7920E+08 -1.7175E+06  9.0897E+24 -2.4227E+22 -6.4852E+20 -6.1137E+19
     1.500000
  2.0511E+23  1.3750E+24  4.4026E+24  5.9366E+24  5.4303E+07 -1.7189E+06  1.2115E+25 -3.2290E+22 -8.6442E+20 -8.1485E+19
