     0.000000
  5.8523E-02  6.8588E-35  4.8725E-09  1.7382E-02  0.0000E+00  0.0000E+00  0.0000E+00  0.0000E+00  0.0000E+00  0.0000E+00
     0.007500
  4.3817E-02  1.5482E-03  6.5557E-01  3.0799E-01 -6.6456E-18  6.2781E-20  2.0690E+00 -5.9744E-03 -1.0774E-04 -7.7645E-06
     0.015000
  3.1207E-02  1.5998E-02  1.1898E+00  4.3458E-01  6.5883E-18 -3.5014E-19  8.1814E-01 -5.4870E-03  4.7204E-05 -7.5765E-06
     0.022500
  3.1924E-02  4.9014E-02  1.2215E+00  4.6222E-01  1.1571E-17 -1.9572E-19  1.4772E+00 -5.6641E-03  2.4734E-04  1.0625E-06
     0.030000
  3.3556E-02  9.7063E-02  1.4524E+00  7.5800E-01  1.3329E-18  1.3185E-19  1.7186E+00 -8.3130E-03  1.8181E-04 -1.3391E-05
     0.037500
  4.6821E-02  1.7026E-01  1.4660E+00  8.5659E-01 -2.1348E-17 -2.0865E-19  2.1885E+00 -1.1857E-02  5.0660E-04  1.2977E-06
     0.045000
  6.3158E-02  2.6647E-01  1.9011E+00  1.2668E+00 -1.0085E-16  2.6729E-19  4.7663E+00 -1.8505E-02  5.9569E-04  3.6443E-06
     0.052500
  9.0629E-02  3.8474E-01  2.7981E+00  1.9824E+00 -1.8888E-16 -2.7200E-19  6.8793E+00 -2.4579E-02  5.4720E-04 -3.1716E-06
     0.060000
  1.5074E-01  5.7153E-01  4.0358E+00  2.9637E+00  3.0861E-16 -7.3420E-19  1.1862E+01 -2.8794E-02  7.9459E-04  1.1648E-05
     0.067500
  2.4847E-01  9.1818E-01  6.6129E+00  4.8691E+00 -3.0673E-16  7.7202E-18  2.0501E+01 -3.7861E-02  6.9832E-04  5.1178E-06
     0.075000
  4.1962E-01  1.5386E+00  1.0928E+01  7.8201E+00  4.2844E-16  5.4848E-18  3.4004E+01 -5.4389E-02  5.4399E-04  9.6508E-06
     0.082500
  7.1772E-01  2.6180E+00  1.8325E+01  1.2824E+01 -4.3162E-17 -4.0480E-18  5.9044E+01 -8.0404E-02  2.3158E-04  1.2152E-05
     0.090000
  1.2329E+00  4.5006E+00  3.1250E+01  2.1596E+01 -1.0024E-15  1.9882E-17  1.0170E+02 -1.2588E-01 -1.2615E-04  2.8290E-06
     0.097500
  2.1420E+00  7.7906E+00  5.3475E+01  3.6692E+01 -1.0350E-15  3.3059E-17  1.7665E+02 -2.0727E-01 -5.0078E-05  1.0924E-05
     0.105000
  3.7196E+00  1.3625E+01  9.2231E+01  6.3271E+01  5.3693E-15  6.6943E-17  3.0799E+02 -3.6193E-01  2.2150E-04  2.5546E-06
     0.112500
  6.4564E+00  2.3913E+01  1.5928E+02  1.0956E+02 -2.5302E-15  5.1415E-17  5.3453E+02 -6.4586E-01  1.1902E-03 -1.2914E-05
     0.120000
  1.1212E+01  4.1804E+01  2.7546E+02  1.8980E+02  1.6093E-14  2.8386E-17  9.2758E+02 -1.1444E+00  3.1441E-03 -6.1461E-05
     0.127500
  1.9453E+01  7.2892E+01  4.7630E+02  3.2861E+02  2.2880E-14 -3.2724E-16  1.6055E+03 -2.0163E+00  7.3907E-03 -1.7374E-04
     0.135000
  3.3771E+01  1.2652E+02  8.2380E+02  5.6750E+02  6.2478E-14 -4.3578E-16  2.7754E+03 -3.5026E+00  1.4792E-02 -4.3392E-04
     0.142500
  5.8653E+01  2.1887E+02  1.4258E+03  9.7840E+02 -3.8380E-15 -3.4703E-16  4.7967E+03 -6.0187E+00  2.5061E-02 -1.1432E-03
     0.150000
  1.0195E+02  3.7778E+02  2.4691E+03  1.6847E+03  9.3737E-14 -6.5475E-16  8.2907E+03 -1.0267E+01  3.8160E-02 -2.8243E-03
     0.157500
  1.7742E+02  6.5118E+02  4.2815E+03  2.8997E+03 -1.6762E-13  1.4868E-15  1.4345E+04 -1.7446E+01  4.8872E-02 -6.6428E-03
     0.165000
  3.0901E+02  1.1228E+03  7.4317E+03  4.9929E+03 -3.1783E-13  6.0755E-15  2.4849E+04 -2.9693E+01  4.7580E-02 -1.4507E-02
     0.172500
  5.3870E+02  1.9378E+03  1.2912E+04  8.6033E+03  2.5134E-13  9.0813E-15  4.3095E+04 -5.0720E+01  1.3020E-02 -2.9120E-02
     0.180000
  9.3985E+02  3.3491E+03  2.2452E+04  1.4837E+04 -1.6564E-12  1.3759E-15  7.4814E+04 -8.7080E+01 -8.4979E-02 -5.2882E-02
     0.187500
  1.6408E+03  5.7973E+03  3.9062E+04  2.5607E+04 -3.0481E-12  1.1111E-14  1.2997E+05 -1.5024E+02 -2.6161E-01 -8.3590E-02
     0.195000
  2.8659E+03  1.0050E+04  6.7989E+04  4.4211E+04  3.4134E-12  2.8003E-14  2.2588E+05 -2.6020E+02 -4.6830E-01 -1.0493E-01
     0.202500
  5.0071E+03  1.7442E+04  1.1836E+05  7.6332E+04  2.3821E-12 -4.5890E-14  3.9251E+05 -4.5179E+02 -4.6895E-01 -6.6890E-02
     0.210000
  8.7492E+03  3.0297E+04  2.0603E+05  1.3173E+05 -3.9671E-12 -2.0439E-14  6.8180E+05 -7.8518E+02  3.3050E-01  1.4639E-01
     0.217500
  1.5289E+04  5.2644E+04  3.5855E+05  2.2716E+05 -1.5247E-11 -2.7023E-13  1.1835E+06 -1.3640E+03  3.1113E+00  7.6320E-01
     0.225000
  2.6715E+04  9.1468E+04  6.2375E+05  3.9131E+05 -5.0482E-11  1.0674E-13  2.0526E+06 -2.3656E+03  9.7531E+00  2.1774E+00
     0.232500
  4.6684E+04  1.5885E+05  1.0846E+06  6.7331E+05  1.1702E-11 -8.6626E-13  3.5574E+06 -4.0930E+03  2.2474E+01  4.9849E+00
     0.240000
  8.1590E+04  2.7566E+05  1.8853E+06  1.1573E+06 -1.0246E-10  8.5009E-13  6.1619E+06 -7.0622E+03  4.2473E+01  9.9636E+00
     0.247500
  1.4265E+05  4.7797E+05  3.2759E+06  1.9876E+06 -9.5018E-11 -1.3264E-12  1.0670E+07 -1.2152E+04  6.6635E+01  1.7927E+01
     0.255000
  2.4953E+05  8.2815E+05  5.6916E+06  3.4119E+06  6.3831E-11  4.5744E-12  1.8479E+07 -2.0859E+04  8.0779E+01  2.9347E+01
     0.262500
  4.3682E+05  1.4342E+06  9.8890E+06  5.8569E+06 -4.9252E-10 -1.7139E-12  3.2021E+07 -3.5749E+04  5.0436E+01  4.3725E+01
     0.270000
  7.6543E+05  2.4836E+06  1.7186E+07  1.0059E+07  9.1677E-10 -5.0865E-13  5.5541E+07 -6.1235E+04 -9.3139E+01  5.8637E+01
     0.277500
  1.3427E+06  4.3027E+06  2.9879E+07  1.7295E+07 -1.1620E-09  1.6778E-11  9.6466E+07 -1.0496E+05 -4.6734E+02  6.8628E+01
     0.285000
  2.3580E+06  7.4615E+06  5.1976E+07  2.9782E+07 -5.0346E-10  3.5584E-11  1.6781E+08 -1.8027E+05 -1.2422E+03  6.4574E+01
     0.292500
  4.1458E+06  1.2958E+07  9.0480E+07  5.1382E+07  3.3382E-09  2.1004E-11  2.9240E+08 -3.1051E+05 -2.6285E+03  3.4321E+01
     0.300000
  7.2967E+06  2.2541E+07  1.5763E+08  8.8836E+07 -5.3808E-09  1.1227E-10  5.1036E+08 -5.3676E+05 -4.8232E+03 -3.3491E+01
     0.307500
  1.2854E+07  3.9285E+07  2.7486E+08  1.5392E+08  1.7337E-08  1.4679E-10  8.9215E+08 -9.3135E+05 -7.8878E+03 -1.3965E+02
     0.315000
  2.2663E+07  6.8595E+07  4.7970E+08  2.6720E+08 -5.4384E-08  1.0834E-10  1.5616E+09 -1.6216E+06 -1.1545E+04 -2.5522E+02
     0.322500
  3.9980E+07  1.1997E+08  8.3797E+08  4.6465E+08  1.0618E-07  2.4869E-11  2.7362E+09 -2.8312E+06 -1.4877E+04 -2.8788E+02
     0.330000
  7.0564E+07  2.1013E+08  1.4651E+09  8.0908E+08 -1.1138E-07  2.5881E-10  4.7983E+09 -4.9527E+06 -1.5993E+04 -2.9179E+01
     0.337500
  1.2458E+08  3.6842E+08  2.5639E+09  1.4102E+09 -1.1911E-07 -1.0197E-09  8.4189E+09 -8.6732E+06 -1.1782E+04  9.2221E+02
     0.345000
  2.2001E+08  6.4647E+08  4.4904E+09  2.4594E+09 -5.5892E-09 -5.3336E-11  1.4777E+10 -1.5193E+07  1.9805E+03  3.2653E+03
     0.352500
  3.8860E+08  1.1349E+09  7.8703E+09  4.2906E+09 -5.9425E-08 -4.0515E-10  2.5941E+10 -2.6608E+07  2.9634E+04  8.1301E+03
     0.360000
  6.8645E+08  1.9931E+09  1.3804E+10  7.4865E+09  1.7355E-06  5.8930E-09  4.5548E+10 -4.6574E+07  7.2997E+04  1.7240E+04
     0.367500
  1.2127E+09  3.5008E+09  2.4225E+10  1.3064E+10  1.0918E-07 -1.0336E-09  7.9984E+10 -8.1472E+07  1.2595E+05  3.3105E+04
     0.375000
  2.1425E+09  6.1499E+09  4.2534E+10  2.2797E+10 -1.7203E-06  2.6023E-09  1.4047E+11 -1.4245E+08  1.6479E+05  5.9265E+04
     0.382500
  3.7854E+09  1.0805E+10  7.4714E+10  3.9785E+10  1.9158E-06 -3.0715E-08  2.4674E+11 -2.4900E+08  1.3264E+05  1.0064E+05
     0.390000
  6.6888E+09  1.8987E+10  1.3129E+11  6.9447E+10 -8.0928E-06 -1.4147E-08  4.3350E+11 -4.3528E+08 -8.4075E+04  1.6414E+05
     0.397500
  1.1820E+10  3.3372E+10  2.3076E+11  1.2126E+11 -1.0226E-05  9.7346E-08  7.6180E+11 -7.6114E+08 -6.8895E+05  2.5990E+05
     0.405000
  2.0890E+10  5.8670E+10  4.0571E+11  2.1180E+11 -1.7129E-07 -6.0924E-08  1.3391E+12 -1.3317E+09 -2.0205E+06  4.0389E+05
     0.412500
  3.6922E+10  1.0318E+11  7.1345E+11  3.7014E+11 -8.7126E-06 -3.1910E-07  2.3547E+12 -2.3316E+09 -4.6110E+06  6.2345E+05
     0.420000
  6.5268E+10  1.8151E+11  1.2549E+12  6.4717E+11 -3.2916E-05  4.7338E-07  4.1419E+12 -4.0852E+09 -9.2633E+06  9.6865E+05
     0.427500
  1.1539E+11  3.1941E+11  2.2077E+12  1.1322E+12  8.1886E-05  7.2386E-08  7.2879E+12 -7.1629E+09 -1.7157E+07  1.5350E+06
     0.435000
  2.0402E+11  5.6226E+11  3.8847E+12  1.9817E+12  3.4932E-05  3.1278E-06  1.2828E+13 -1.2568E+10 -3.0012E+07  2.5073E+06
     0.442500
  3.6079E+11  9.9005E+11  6.8373E+12  3.4706E+12  2.2265E-04  2.1102E-06  2.2586E+13 -2.2062E+10 -5.0375E+07  4.2423E+06
     0.450000
  6.3808E+11  1.7438E+12  1.2037E+13  6.0812E+12  5.3544E-04 -4.2632E-06  3.9779E+13 -3.8746E+10 -8.2181E+07  7.4189E+06
     0.457500
  1.1286E+12  3.0721E+12  2.1196E+13  1.0660E+13  1.8899E-03 -4.7511E-06  7.0080E+13 -6.8069E+10 -1.3191E+08  1.3306E+07
     0.465000
  1.9966E+12  5.4137E+12  3.7336E+13  1.8696E+13  3.3364E-04 -3.4743E-06  1.2350E+14 -1.1962E+11 -2.1099E+08  2.4230E+07
     0.472500
  3.5324E+12  9.5420E+12  6.5782E+13  3.2801E+13 -8.3513E-03  1.5798E-05  2.1769E+14 -2.1025E+11 -3.4073E+08  4.4365E+07
     0.480000
  6.2503E+12  1.6822E+13  1.1594E+14  5.7569E+13 -5.8452E-03  3.1342E-05  3.8381E+14 -3.6962E+11 -5.6213E+08  8.1067E+07
     0.487500
  1.1060E+13  2.9664E+13  2.0438E+14  1.0108E+14  9.7418E-03  5.7843E-05  6.7685E+14 -6.4998E+11 -9.5519E+08  1.4708E+08
     0.495000
  1.9574E+13  5.2319E+13  3.6039E+14  1.7752E+14  1.4453E-02 -4.1917E-05  1.1939E+15 -1.1433E+12 -1.6753E+09  2.6416E+08
     0.502500
  3.4644E+13  9.2297E+13  6.3566E+14  3.1189E+14 -2.2149E-02  2.8131E-04  2.1064E+15 -2.0116E+12 -3.0210E+09  4.6913E+08
     0.510000
  6.1322E+13  1.6286E+14  1.1214E+15  5.4813E+14  1.2771E-02  2.3715E-04  3.7170E+15 -3.5404E+12 -5.5560E+09  8.2399E+08
     0.517500
  1.0855E+14  2.8742E+14  1.9788E+15  9.6362E+14 -1.9904E-01 -7.6819E-04  6.5603E+15 -6.2330E+12 -1.0326E+10  1.4332E+09
     0.525000
  1.9216E+14  5.0736E+14  3.4924E+15  1.6946E+15 -8.8359E-03  4.2811E-04  1.1580E+16 -1.0977E+13 -1.9239E+10  2.4736E+09
     0.532500
  3.4018E+14  8.9576E+14  6.1649E+15  2.9808E+15 -4.8469E-01 -4.5144E-04  2.0446E+16 -1.9337E+13 -3.5716E+10  4.2476E+09
     0.540000
  6.0227E+14  1.5818E+15  1.0884E+16  5.2449E+15 -4.8763E-01  9.8296E-04  3.6104E+16 -3.4073E+13 -6.5814E+10  7.2786E+09
     0.547500
  1.0663E+15  2.7936E+15  1.9220E+16  9.2311E+15 -7.5025E-01 -7.1052E-03  6.3762E+16 -6.0053E+13 -1.2015E+11  1.2482E+10
     0.555000
  1.8881E+15  4.9345E+15  3.3945E+16  1.6251E+16  3.0048E+00  5.8511E-03  1.1263E+17 -1.0586E+14 -2.1722E+11  2.1474E+10
     0.562500
  3.3432E+15  8.7173E+15  5.9959E+16  2.8618E+16 -1.0256E+01 -1.3510E-02  1.9897E+17 -1.8666E+14 -3.8921E+11  3.7130E+10
     0.570000
  5.9203E+15  1.5402E+16  1.0593E+17  5.0409E+16 -1.5092E+00 -5.2162E-02  3.5156E+17 -3.2919E+14 -6.9219E+11  6.4569E+10
     0.577500
  1.0484E+16  2.7218E+16  1.8716E+17  8.8813E+16  1.1775E+01 -1.2381E-01  6.2126E+17 -5.8065E+14 -1.2244E+12  1.1291E+11
     0.585000
  1.8568E+16  4.8103E+16  3.3074E+17  1.5652E+17  1.7369E+01 -1.0551E-01  1.0980E+18 -1.0244E+15 -2.1590E+12  1.9836E+11
     0.592500
  3.2886E+16  8.5027E+16  5.8456E+17  2.7590E+17  9.9606E+00 -7.9643E-02  1.9409E+18 -1.8077E+15 -3.8037E+12  3.4957E+11
     0.600000
  5.8247E+16  1.5031E+17  1.0333E+18  4.8648E+17  2.9972E+00 -5.8607E-01  3.4314E+18 -3.1907E+15 -6.7091E+12  6.1699E+11
     0.607500
  1.0317E+17  2.6576E+17  1.8267E+18  8.5796E+17  5.8670E+01  2.1870E-01  6.0672E+18 -5.6327E+15 -1.1864E+13  1.0891E+12
     0.615000
  1.8276E+17  4.6995E+17  3.2298E+18  1.5135E+18 -1.4034E+02  1.1428E+00  1.0729E+19 -9.9459E+15 -2.1052E+13  1.9205E+12
     0.622500
  3.2375E+17  8.3112E+17  5.7113E+18  2.6704E+18 -5.9001E+01 -2.5645E+00  1.8975E+19 -1.7565E+16 -3.7485E+13  3.3810E+12
     0.630000
  5.7353E+17  1.4700E+18  1.0101E+19  4.7128E+18 -1.1180E+02 -2.6852E+00  3.3563E+19 -3.1027E+16 -6.6949E+13  5.9409E+12
     0.637500
  1.0161E+18  2.6004E+18  1.7865E+19  8.3188E+18 -1.0701E+02 -9.4046E-01  5.9372E+19 -5.4816E+16 -1.1984E+14  1.0421E+13
     0.645000
  1.8002E+18  4.6004E+18  3.1602E+19  1.4687E+19 -2.6164E+03 -5.1126E+00  1.0504E+20 -9.6860E+16 -2.1474E+14  1.8258E+13
     0.652500
  3.1894E+18  8.1394E+18  5.5907E+19  2.5934E+19  1.7617E+03  1.9797E+00  1.8585E+20 -1.7117E+17 -3.8485E+14  3.1967E+13
     0.660000
  5.6509E+18  1.4402E+19  9.8915E+19  4.5803E+19  4.3111E+03 -1.6745E+01  3.2886E+20 -3.0254E+17 -6.8917E+14  5.5975E+13
     0.667500
  1.0013E+19  2.5487E+19  1.7502E+20  8.0906E+19  8.5758E+03  1.0110E+02  5.8196E+20 -5.3481E+17 -1.2324E+15  9.8084E+13
     0.675000
  1.7741E+19  4.5105E+19  3.0972E+20  1.4294E+20  2.4733E+03 -1.2580E+02  1.0299E+21 -9.4549E+17 -2.2000E+15  1.7207E+14
     0.682500
  3.1437E+19  7.9832E+19  5.4814E+20  2.5256E+20  3.8130E+04 -3.6469E+01  1.8229E+21 -1.6717E+18 -3.9203E+15  3.0233E+14
     0.690000
  5.5706E+19  1.4131E+20  9.7015E+20  4.4632E+20  4.2674E+04 -3.2819E+02  3.2267E+21 -2.9562E+18 -6.9741E+15  5.3201E+14
     0.697500
  9.8713E+19  2.5014E+20  1.7172E+21  7.8884E+20 -1.5508E+05  2.1243E+02  5.7119E+21 -5.2280E+18 -1.2390E+16  9.3756E+14
     0.705000
  1.7493E+20  4.4281E+20  3.0397E+21  1.3944E+21  6.6495E+04 -1.8111E+03  1.0112E+22 -9.2469E+18 -2.1994E+16  1.6542E+15
     0.712500
  3.0999E+20  7.8397E+20  5.3812E+21  2.4652E+21 -5.5438E+04 -1.3377E+03  1.7902E+22 -1.6357E+19 -3.9022E+16  2.9212E+15
     0.720000
  5.4936E+20  1.3880E+21  9.5269E+21  4.3587E+21  6.2825E+05 -3.4192E+03  3.1697E+22 -2.8937E+19 -6.9233E+16  5.1611E+15
     0.727500
  9.7357E+20  2.4577E+21  1.6868E+22  7.7077E+21  7.1387E+05  4.1746E+03  5.6124E+22 -5.1197E+19 -1.2287E+17  9.1198E+15
     0.735000
  1.7254E+21  4.3520E+21  2.9866E+22  1.3631E+22  1.8764E+06 -4.7995E+03  9.9382E+22 -9.0589E+19 -2.1818E+17  1.6113E+16
     0.742500
  3.0579E+21  7.7067E+21  5.2886E+22  2.4110E+22 -2.2367E+06 -2.0838E+04  1.7599E+23 -1.6031E+20 -3.8767E+17  2.8459E+16
     0.750000
  5.4195E+21  1.3648E+22  9.3652E+22  4.2649E+22 -2.2072E+06  3.3283E+04  3.1167E+23 -2.8370E+20 -6.8928E+17  5.0246E+16
     0.757500
  9.6052E+21  2.4171E+22  1.6585E+23  7.5449E+22 -1.4302E+07  6.3507E+03  5.5199E+23 -5.0212E+20 -1.2263E+18  8.8678E+16
     0.765000
  1.7024E+22  4.2810E+22  2.9373E+23  1.3349E+23  1.1895E+07  9.3468E+04  9.7765E+23 -8.8876E+20 -2.1825E+18  1.5646E+17
     0.772500
  3.0173E+22  7.5826E+22  5.2023E+23  2.3620E+23 -2.9805E+07  1.4639E+05  1.7316E+24 -1.5733E+21 -3.8856E+18  2.7599E+17
     0.780000
  5.3480E+22  1.3431E+23  9.2143E+23  4.1797E+23  1.8519E+07 -7.1724E+05  3.0672E+24 -2.7851E+21 -6.9182E+18  4.8682E+17
     0.787500
  9.4791E+22  2.3791E+23  1.6321E+24  7.3970E+23  1.0769E+07 -5.6518E+05  5.4332E+24 -4.9307E+21 -1.2317E+19  8.5878E+17
     0.795000
  1.6802E+23  4.2145E+23  2.8911E+24  1.3092E+24 -3.0737E+08  4.7377E+05  9.6247E+24 -8.7300E+21 -2.1926E+19  1.5153E+18
     0.802500
  2.9781E+23  7.4659E+23  5.1214E+24  2.3173E+24 -4.5308E+07  3.1483E+06  1.7050E+25 -1.5458E+22 -3.9022E+19  2.6745E+18
     0.810000
  5.2788E+23  1.3227E+24  9.0726E+24  4.1019E+24 -8.0065E+08  1.0408E+07  3.0206E+25 -2.7371E+22 -6.9427E+19  4.7223E+18
     0.817500
  9.3569E+23  2.3433E+24  1.6073E+25  7.2615E+24 -8.7337E+08  8.1808E+06  5.3515E+25 -4.8470E+22 -1.2348E+20  8.3412E+18
     0.825000
  1.6586E+24  4.1516E+24  2.8476E+25  1.2856E+25 -2.0722E+09  1.8668E+07  9.4814E+25 -8.5838E+22 -2.1957E+20  1.4739E+19
     0.832500
  2.9400E+24  7.3556E+24  5.0451E+25  2.2762E+25  4.5509E+09  1.0794E+07  1.6799E+26 -1.5202E+23 -3.9030E+20  2.6055E+19
     0.840000
  5.2115E+24  1.3033E+25  8.9387E+25  4.0302E+25  3.4082E+09 -1.0493E+07  2.9765E+26 -2.6925E+23 -6.9363E+20  4.6072E+19
     0.847500
  9.2381E+24  2.3093E+25  1.5838E+26  7.1365E+25  1.3593E+10  3.6613E+07  5.2741E+26 -4.7690E+23 -1.2324E+21  8.1490E+19
     0.855000
  1.6376E+25  4.0919E+25  2.8063E+26  1.2638E+26 -3.2557E+10 -1.0607E+08  9.3454E+26 -8.4473E+23 -2.1892E+21  1.4417E+20
     0.862500
  2.9029E+25  7.2508E+25  4.9726E+26  2.2381E+26 -3.2532E+10  6.7359E+07  1.6560E+27 -1.4963E+24 -3.8882E+21  2.5512E+20
     0.870000
  5.1460E+25  1.2849E+26  8.8113E+26  3.9637E+26 -5.4200E+10 -8.0118E+07  2.9345E+27 -2.6507E+24 -6.9046E+21  4.5153E+20
     0.877500
  9.1223E+25  2.2769E+26  1.5614E+27  7.0203E+26  4.0954E+09 -1.8626E+08  5.2002E+27 -4.6957E+24 -1.2259E+22  7.9926E+20
     0.885000
  1.6171E+26  4.0349E+26  2.7669E+27  1.2434E+27  3.3118E+10 -4.7824E+08  9.2154E+27 -8.3189E+24 -2.1763E+22  1.4150E+21
     0.892500
  2.8667E+26  7.1505E+26  4.9033E+27  2.2025E+27 -1.8738E+11  7.7912E+08  1.6331E+28 -1.4738E+25 -3.8630E+22  2.5052E+21
     0.900000
  5.0820E+26  1.2672E+27  8.6893E+27  3.9015E+27 -9.0423E+10  1.0120E+09  2.8942E+28 -2.6112E+25 -6.8563E+22  4.4359E+21
     0.907500
  9.0091E+26  2.2458E+27  1.5399E+28  6.9112E+27  4.0393E+12 -4.4155E+09  5.1293E+28 -4.6264E+25 -1.2168E+23  7.8553E+21
     0.915000
  1.5971E+27  3.9802E+27  2.7291E+28  1.2243E+28  5.2397E+11  1.4331E+10  9.0905E+28 -8.1971E+25 -2.1594E+23  1.3911E+22
     0.922500
  2.8313E+27  7.0541E+27  4.8367E+28  2.1690E+28 -1.9309E+12 -3.2957E+10  1.6111E+29 -1.4524E+26 -3.8322E+23  2.4637E+22
     0.930000
  5.0193E+27  1.2502E+28  8.5721E+28  3.8427E+28  3.2311E+12  7.1933E+09  2.8555E+29 -2.5736E+26 -6.8008E+23  4.3635E+22
     0.937500
  8.8982E+27  2.2159E+28  1.5193E+29  6.8082E+28  3.3992E+12 -7.2048E+10  5.0609E+29 -4.5603E+26 -1.2070E+24  7.7284E+22
     0.945000
  1.5775E+28  3.9274E+28  2.6927E+29  1.2062E+29  1.2610E+13 -1.3198E+11  8.9700E+29 -8.0810E+26 -2.1422E+24  1.3689E+23
     0.952500
  2.7966E+28  6.9610E+28  4.7725E+29  2.1372E+29  1.0296E+12 -1.8259E+11  1.5899E+30 -1.4320E+27 -3.8024E+24  2.4245E+23
     0.960000
  1.9089E-01  4.7505E-01  3.2569E+00  1.4581E+00  3.5630E-17  1.5056E-18  1.0850E+01 -9.7707E-03 -2.5989E-05  1.6535E-06
     0.967500
  3.3842E-01  8.4201E-01  5.7727E+00  2.5836E+00  4.3035E-16 -1.1184E-18  1.9231E+01 -1.7315E-02 -4.6139E-05  2.9287E-06
     0.975000
  5.9997E-01  1.4925E+00  1.0232E+01  4.5780E+00 -6.5544E-16  5.5010E-18  3.4087E+01 -3.0686E-02 -8.1919E-05  5.1876E-06
     0.982500
  1.0637E+00  2.6454E+00  1.8136E+01  8.1124E+00 -2.1859E-15  2.8316E-18  6.0421E+01 -5.4382E-02 -1.4546E-04  9.1889E-06
     0.990000
  1.8857E+00  4.6891E+00  3.2147E+01  1.4376E+01 -1.0227E-16 -7.9538E-18  1.0710E+02 -9.6380E-02 -2.5830E-04  1.6277E-05
     0.997500
  3.3431E+00  8.3118E+00  5.6982E+01  2.5475E+01  8.5893E-15 -6.9132E-18  1.8984E+02 -1.7081E-01 -4.5870E-04  2.8834E-05
     1.005000
  5.9270E+00  1.4733E+01  1.0100E+02  4.5146E+01 -7.0767E-15 -2.3664E-17  3.3651E+02 -3.0274E-01 -8.1459E-04  5.1079E-05
     1.012500
  1.0508E+01  2.6117E+01  1.7904E+02  8.0008E+01 -8.1877E-15  3.6179E-18  5.9651E+02 -5.3657E-01 -1.4466E-03  9.0494E-05
     1.020000
  1.8629E+01  4.6295E+01  3.1737E+02  1.4179E+02 -3.4337E-14 -6.2732E-17  1.0574E+03 -9.5101E-01 -2.5688E-03  1.6033E-04
     1.027500
  3.3028E+01  8.2065E+01  5.6258E+02  2.5129E+02  9.1268E-15 -3.7128E-16  1.8744E+03 -1.6856E+00 -4.5615E-03  2.8410E-04
     1.035000
  5.8555E+01  1.4547E+02  9.9725E+02  4.4537E+02 -1.1388E-13 -8.0346E-17  3.3227E+03 -2.9876E+00 -8.0992E-03  5.0345E-04
     1.042500
  1.0381E+02  2.5788E+02  1.7678E+03  7.8934E+02 -5.7478E-14  1.4930E-16  5.8900E+03 -5.2956E+00 -1.4379E-02  8.9224E-04
     1.050000
  1.8405E+02  4.5714E+02  3.1337E+03  1.3990E+03  1.6805E-13  7.0403E-16  1.0441E+04 -9.3864E+00 -2.5526E-02  1.5814E-03
     1.057500
  3.2631E+02  8.1038E+02  5.5552E+03  2.4796E+03  5.8551E-14  1.1077E-15  1.8509E+04 -1.6638E+01 -4.5308E-02  2.8033E-03
     1.065000
  5.7852E+02  1.4366E+03  9.8477E+03  4.3949E+03  2.6751E-13 -3.8010E-15  3.2812E+04 -2.9491E+01 -8.0413E-02  4.9697E-03
     1.072500
  1.0257E+03  2.5467E+03  1.7457E+04  7.7898E+03 -1.8626E-13  3.1595E-16  5.8168E+04 -5.2275E+01 -1.4270E-01  8.8110E-03
     1.080000
  1.8184E+03  4.5147E+03  3.0947E+04  1.3807E+04  3.6013E-12  7.0691E-15  1.0312E+05 -9.2663E+01 -2.5322E-01  1.5623E-02
     1.087500
  3.2240E+03  8.0034E+03  5.4862E+04  2.4474E+04 -3.0973E-12  1.4115E-14  1.8280E+05 -1.6426E+02 -4.4927E-01  2.7703E-02
     1.095000
  5.7159E+03  1.4188E+04  9.7258E+04  4.3380E+04 -6.3502E-13  3.3738E-15  3.2407E+05 -2.9116E+02 -7.9708E-01  4.9125E-02
     1.102500
  1.0134E+04  2.5153E+04  1.7242E+05  7.6894E+04  9.5878E-12 -4.6156E-14  5.7451E+05 -5.1613E+02 -1.4141E+00  8.7118E-02
     1.110000
  1.7967E+04  4.4591E+04  3.0566E+05  1.3630E+05  1.2680E-11 -9.2693E-14  1.0185E+06 -9.1493E+02 -2.5086E+00  1.5450E-01
     1.117500
  3.1855E+04  7.9052E+04  5.4187E+05  2.4160E+05  2.1418E-11 -1.2400E-13  1.8056E+06 -1.6219E+03 -4.4502E+00  2.7399E-01
     1.125000
  5.6477E+04  1.4014E+05  9.6063E+05  4.2827E+05  7.3777E-11 -4.4382E-13  3.2010E+06 -2.8751E+03 -7.8946E+00  4.8592E-01
     1.132500
  1.0013E+05  2.4845E+05  1.7030E+06  7.5916E+05 -2.6519E-10  2.0718E-13  5.6748E+06 -5.0967E+03 -1.4005E+01  8.6174E-01
     1.140000
  1.7753E+05  4.4046E+05  3.0192E+06  1.3457E+06 -1.4881E-10 -6.0250E-13  1.0060E+07 -9.0350E+03 -2.4847E+01  1.5282E+00
     1.147500
  3.1475E+05  7.8088E+05  5.3525E+06  2.3855E+06 -4.3574E-10  3.5616E-12  1.7836E+07 -1.6017E+04 -4.4083E+01  2.7101E+00
     1.155000
  5.5804E+05  1.3844E+06  9.4891E+06  4.2288E+06 -5.2647E-10  8.9083E-12  3.1620E+07 -2.8394E+04 -7.8215E+01  4.8060E+00
     1.162500
  9.8939E+05  2.4543E+06  1.6823E+07  7.4963E+06  8.7584E-10 -1.1345E-11  5.6058E+07 -5.0335E+04 -1.3878E+02  8.5225E+00
     1.170000
  1.7542E+06  4.3512E+06  2.9824E+07  1.3289E+07 -2.3737E-09 -4.5544E-12  9.9383E+07 -8.9233E+04 -2.4627E+02  1.5113E+01
     1.177500
  3.1101E+06  7.7141E+06  5.2875E+07  2.3557E+07  2.0205E-09  4.2064E-11  1.7619E+08 -1.5819E+05 -4.3703E+02  2.6799E+01
     1.185000
  5.5141E+06  1.3676E+07  9.3740E+07  4.1761E+07  4.4132E-09 -4.9330E-11  3.1237E+08 -2.8044E+05 -7.7558E+02  4.7522E+01
     1.192500
  9.7763E+06  2.4246E+07  1.6619E+08  7.4031E+07  1.3170E-09 -1.0395E-10  5.5380E+08 -4.9717E+05 -1.3765E+03  8.4268E+01
     1.200000
  1.7333E+07  4.2986E+07  2.9464E+08  1.3124E+08 -3.6430E-09  4.8636E-13  9.8183E+08 -8.8138E+05 -2.4429E+03  1.4943E+02
     1.207500
  3.0731E+07  7.6210E+07  5.2236E+08  2.3266E+08 -2.5891E-08 -1.9283E-10  1.7407E+09 -1.5625E+06 -4.3357E+03  2.6498E+02
     1.215000
  5.4486E+07  1.3511E+08  9.2609E+08  4.1245E+08  6.2970E-08  9.1144E-11  3.0861E+09 -2.7701E+06 -7.6951E+03  4.6990E+02
     1.222500
  9.6603E+07  2.3954E+08  1.6419E+09  7.3120E+08  1.7471E-07  2.1554E-09  5.4713E+09 -4.9110E+06 -1.3657E+04  8.3331E+02
     1.230000
  1.7128E+08  4.2469E+08  2.9109E+09  1.2963E+09 -3.6034E-07  7.1635E-10  9.7002E+09 -8.7065E+06 -2.4239E+04  1.4778E+03
     1.237500
  3.0367E+08  7.5294E+08  5.1608E+09  2.2981E+09 -7.0599E-08 -3.1643E-10  1.7198E+10 -1.5435E+07 -4.3016E+04  2.6209E+03
     1.245000
  5.3841E+08  1.3349E+09  9.1496E+09  4.0741E+09 -9.2449E-07  4.2042E-09  3.0490E+10 -2.7365E+07 -7.6339E+04  4.6484E+03
     1.252500
  9.5459E+08  2.3667E+09  1.6222E+10  7.2226E+09 -5.1394E-07  2.5039E-09  5.4057E+10 -4.8515E+07 -1.3547E+05  8.2446E+03
     1.260000
  1.6925E+09  4.1960E+09  2.8760E+10  1.2805E+10 -2.2263E-06  1.9964E-08  9.5840E+10 -8.6011E+07 -2.4038E+05  1.4624E+04
     1.267500
  3.0008E+09  7.4392E+09  5.0989E+10  2.2701E+10 -4.9277E-06  1.2533E-08  1.6992E+11 -1.5249E+08 -4.2652E+05  2.5939E+04
     1.275000
  5.3203E+09  1.3189E+10  9.0401E+10  4.0245E+10  4.4009E-06  3.1317E-08  3.0126E+11 -2.7035E+08 -7.5677E+05  4.6012E+04
     1.282500
  9.4329E+09  2.3384E+10  1.6028E+11  7.1350E+10  3.3269E-06  4.9546E-08  5.3411E+11 -4.7930E+08 -1.3427E+06  8.1621E+04
     1.290000
  1.6725E+10  4.1459E+10  2.8416E+11  1.2649E+11  4.7547E-05 -1.7072E-07  9.4696E+11 -8.4975E+08 -2.3820E+06  1.4479E+05
     1.297500
  2.9653E+10  7.3504E+10  5.0380E+11  2.2426E+11 -3.3721E-05 -9.2097E-08  1.6789E+12 -1.5065E+09 -4.2259E+06  2.5686E+05
     1.305000
  5.2574E+10  1.3032E+11  8.9322E+11  3.9759E+11  8.5206E-05  3.8434E-07  2.9766E+12 -2.6710E+09 -7.4967E+06  4.5567E+05
     1.312500
  9.3214E+10  2.3105E+11  1.5836E+12  7.0488E+11 -3.6560E-05  9.0788E-08  5.2775E+12 -4.7354E+09 -1.3299E+07  8.0837E+05
     1.320000
  1.6527E+11  4.0965E+11  2.8077E+12  1.2497E+12  1.4641E-04 -4.6563E-07  9.3567E+12 -8.3955E+09 -2.3592E+07  1.4341E+06
     1.327500
  2.9302E+11  7.2629E+11  4.9780E+12  2.2156E+12  1.1288E-04  1.9151E-06  1.6589E+13 -1.4885E+10 -4.1851E+07  2.5441E+06
     1.335000
  5.1953E+11  1.2877E+12  8.8258E+12  3.9280E+12  6.3878E-04  5.2200E-06  2.9412E+13 -2.6389E+10 -7.4243E+07  4.5132E+06
     1.342500
  9.2112E+11  2.2830E+12  1.5648E+13  6.9641E+12 -4.2079E-04 -2.3623E-06  5.2147E+13 -4.6787E+10 -1.3171E+08  8.0064E+06
     1.350000
  1.6332E+12  4.0478E+12  2.7743E+13  1.2347E+13 -2.1753E-03  4.7326E-06  9.2454E+13 -8.2950E+10 -2.3366E+08  1.4203E+07
     1.357500
  2.8956E+12  7.1766E+12  4.9188E+13  2.1890E+13 -3.1585E-03 -3.4699E-05  1.6392E+14 -1.4707E+11 -4.1453E+08  2.5196E+07
     1.365000
  5.1339E+12  1.2724E+13  8.7209E+13  3.8809E+13  1.7845E-03  7.2108E-05  2.9062E+14 -2.6074E+11 -7.3545E+08  4.4695E+07
     1.372500
  9.1025E+12  2.2559E+13  1.5462E+14  6.8806E+13  1.6577E-03 -3.4919E-05  5.1527E+14 -4.6228E+11 -1.3049E+09  7.9284E+07
     1.380000
  1.6139E+13  3.9997E+13  2.7414E+14  1.2199E+14 -3.3082E-02  1.1592E-04  9.1357E+14 -8.1960E+11 -2.3152E+09  1.4064E+08
     1.387500
  2.8614E+13  7.0914E+13  4.8604E+14  2.1628E+14  7.7800E-03 -1.4932E-04  1.6197E+15 -1.4531E+12 -4.1079E+09  2.4947E+08
     1.395000
  5.0733E+13  1.2573E+14  8.6173E+14  3.8345E+14 -4.1278E-04  8.1773E-05  2.8718E+15 -2.5763E+12 -7.2889E+09  4.4252E+08
     1.402500
  8.9950E+13  2.2292E+14  1.5278E+15  6.7984E+14 -6.5697E-02  1.0304E-04  5.0916E+15 -4.5677E+12 -1.2934E+10  7.8496E+08
     1.410000
  1.5948E+14  3.9523E+14  2.7088E+15  1.2053E+15 -5.2361E-02  2.1250E-04  9.0273E+15 -8.0984E+12 -2.2950E+10  1.3924E+09
     1.417500
  2.8276E+14  7.0073E+14  4.8027E+15  2.1370E+15 -8.4163E-01 -6.5727E-04  1.6005E+16 -1.4358E+13 -4.0722E+10  2.4699E+09
     1.425000
  5.0134E+14  1.2424E+15  8.5152E+15  3.7888E+15 -3.8731E-01 -3.8424E-03  2.8377E+16 -2.5457E+13 -7.2259E+10  4.3812E+09
     1.432500
  8.8889E+14  2.2027E+15  1.5097E+16  6.7173E+15  3.7169E-01  1.7260E-03  5.0313E+16 -4.5134E+13 -1.2822E+11  7.7717E+09
     1.440000
  1.5760E+15  3.9055E+15  2.6768E+16  1.1910E+16 -3.2210E+00  5.3337E-03  8.9205E+16 -8.0022E+13 -2.2751E+11  1.3786E+10
     1.447500
  2.7943E+15  6.9244E+15  4.7459E+16  2.1115E+16  2.7485E+00 -1.7647E-02  1.5816E+17 -1.4188E+14 -4.0368E+11  2.4456E+10
     1.455000
  4.9543E+15  1.2277E+16  8.4144E+16  3.7437E+16  1.8625E+00  1.3713E-02  2.8042E+17 -2.5155E+14 -7.1626E+11  4.3384E+10
     1.462500
  8.7841E+15  2.1767E+16  1.4919E+17  6.6374E+16 -3.0360E+00 -6.6487E-02  4.9718E+17 -4.4599E+14 -1.2708E+12  7.6964E+10
     1.470000
  1.5574E+16  3.8593E+16  2.6451E+17  1.1768E+17  2.0284E+01  5.4185E-02  8.8149E+17 -7.9073E+14 -2.2548E+12  1.3654E+11
     1.477500
  2.7613E+16  6.8425E+16  4.6897E+17  2.0864E+17 -9.2674E+00 -1.2260E-01  1.5629E+18 -1.4020E+15 -4.0004E+12  2.4222E+11
     1.485000
  4.8959E+16  1.2132E+17  8.3149E+17  3.6992E+17 -6.0900E+00 -1.9239E-01  2.7710E+18 -2.4856E+15 -7.0972E+12  4.2973E+11
     1.492500
  8.6805E+16  2.1510E+17  1.4742E+18  6.5586E+17 -6.2121E+00  1.4024E-02  4.9130E+18 -4.4070E+15 -1.2591E+13  7.6239E+11
     1.500000
  1.5391E+17  3.8136E+17  2.6138E+18  1.1628E+18 -1.0717E+02  5.5319E-01  8.7108E+18 -7.8136E+15 -2.2337E+13  1.3526E+12
