     0.000000
  1.3971E-03  7.6661E-36  1.0479E-10  2.2122E-03  0.0000E+00  0.0000E+00  0.0000E+00  0.0000E+00  0.0000E+00  0.0000E+00
     0.004020
  1.1153E-03  6.7054E-05  4.7177E-03  2.4162E-03 -1.2718E-18  3.2726E-21  4.7494E-02 -3.9642E-05  6.0281E-06  1.4446E-07
     0.008040
  1.0505E-03  2.9234E-04  1.3092E-02  3.3183E-03  8.4999E-18  9.9625E-21  8.4837E-02 -3.4602E-05 -3.1586E-05  7.4244E-07
     0.012060
  1.4954E-03  7.7008E-04  2.4310E-02  5.3307E-03  3.6873E-18 -2.5975E-20  1.5746E-01 -3.5399E-05 -1.4491E-04  1.5430E-06
     0.016080
  2.5616E-03  1.9004E-03  4.2767E-02  9.6410E-03 -1.1128E-17  5.3611E-21  3.1071E-01 -1.4361E-04 -3.7793E-04  1.7096E-06
     0.020100
  4.8148E-03  4.2829E-03  7.4452E-02  1.8788E-02  8.8545E-18  2.8367E-20  6.1531E-01 -4.5607E-04 -6.9827E-04  1.3683E-07
     0.024120
  9.2798E-03  8.5102E-03  1.3136E-01  3.7517E-02  5.2066E-17  5.6730E-20  1.1838E+00 -1.0960E-03 -1.0265E-03 -1.0687E-06
     0.028140
  1.7328E-02  1.5658E-02  2.3184E-01  7.2305E-02 -1.2423E-16 -1.2547E-20  2.1421E+00 -2.1910E-03 -1.7400E-03  2.1878E-06
     0.032160
  3.0880E-02  2.8029E-02  4.0208E-01  1.3036E-01  2.7920E-16 -1.3998E-21  3.6701E+00 -3.8718E-03 -3.5282E-03  6.2488E-06
     0.036180
  5.3099E-02  4.9544E-02  6.8260E-01  2.2283E-01  2.8811E-16  3.0800E-19  6.1328E+00 -6.4817E-03 -6.2266E-03  5.3655E-08
     0.040200
  8.9786E-02  8.5600E-02  1.1473E+00  3.7336E-01 -2.0645E-16  1.8734E-19  1.0293E+01 -1.0831E-02 -9.0122E-03 -1.7431E-05
     0.044220
  1.5150E-01  1.4458E-01  1.9421E+00  6.2907E-01  2.9178E-16 -1.4470E-18  1.7552E+01 -1.8424E-02 -1.2674E-02 -2.9549E-05
     0.048240
  2.5676E-01  2.4293E-01  3.3284E+00  1.0724E+00  1.6343E-15 -2.0026E-18  3.0188E+01 -3.1641E-02 -2.0895E-02 -2.4078E-05
     0.052260
  4.3736E-01  4.1239E-01  5.7299E+00  1.8384E+00 -9.8378E-16 -2.4241E-19  5.1833E+01 -5.4136E-02 -3.8460E-02 -1.9414E-05
     0.056280
  7.4780E-01  7.0788E-01  9.8346E+00  3.1497E+00 -4.2121E-16  9.1436E-18  8.8672E+01 -9.2188E-02 -6.9060E-02 -5.3805E-05
     0.060300
  1.2814E+00  1.2186E+00  1.6824E+01  5.3886E+00 -2.4176E-15  6.1233E-18  1.5164E+02 -1.5741E-01 -1.1770E-01 -1.4242E-04
     0.064320
  2.1974E+00  2.0933E+00  2.8775E+01  9.2224E+00  1.3268E-14  1.0839E-17  2.5979E+02 -2.7041E-01 -1.9809E-01 -2.5360E-04
     0.068340
  3.7675E+00  3.5844E+00  4.9283E+01  1.5805E+01  2.0188E-14  3.3904E-17  4.4563E+02 -4.6544E-01 -3.3953E-01 -3.5491E-04
     0.072360
  6.4552E+00  6.1354E+00  8.4462E+01  2.7101E+01  1.0579E-14 -2.9119E-17  7.6383E+02 -7.9881E-01 -5.9369E-01 -4.8147E-04
     0.076380
  1.1056E+01  1.0503E+01  1.4472E+02  4.6443E+01  8.4147E-14  1.4772E-18  1.3080E+03 -1.3664E+00 -1.0324E+00 -7.7114E-04
     0.080400
  1.8931E+01  1.7999E+01  2.4782E+02  7.9522E+01  1.5944E-15  6.4604E-17  2.2385E+03 -2.3364E+00 -1.7805E+00 -1.4093E-03
     0.084420
  3.2420E+01  3.0826E+01  4.2433E+02  1.3612E+02  9.9155E-14  1.6640E-16  3.8329E+03 -3.9991E+00 -3.0342E+00 -2.5791E-03
     0.088440
  5.5521E+01  5.2802E+01  7.2667E+02  2.3307E+02  2.4359E-13  3.3297E-16  6.5649E+03 -6.8536E+00 -5.1697E+00 -4.4799E-03
     0.092460
  9.5094E+01  9.0404E+01  1.2446E+03  3.9920E+02 -1.2681E-13  8.1628E-16  1.1246E+04 -1.1743E+01 -8.8191E+00 -7.7010E-03
     0.096480
  1.6286E+02  1.5481E+02  2.1319E+03  6.8381E+02  9.3741E-13 -1.3463E-17  1.9262E+04 -2.0111E+01 -1.5062E+01 -1.3298E-02
     0.100500
  2.7892E+02  2.6515E+02  3.6513E+03  1.1712E+03  5.9347E-13 -7.6382E-16  3.2987E+04 -3.4435E+01 -2.5750E+01 -2.3285E-02
     0.104520
  4.7769E+02  4.5413E+02  6.2533E+03  2.0058E+03 -1.9641E-13  1.2672E-15  5.6492E+04 -5.8961E+01 -4.4011E+01 -4.0712E-02
     0.108540
  8.1810E+02  7.7780E+02  1.0710E+04  3.4350E+03 -1.6938E-12  1.9697E-16  9.6753E+04 -1.0099E+02 -7.5283E+01 -7.0048E-02
     0.112560
  1.4011E+03  1.3321E+03  1.8343E+04  5.8830E+03  7.8948E-12  2.9427E-15  1.6571E+05 -1.7298E+02 -1.2898E+02 -1.1912E-01
     0.116580
  2.3997E+03  2.2815E+03  3.1416E+04  1.0076E+04  2.7522E-12 -8.9219E-15  2.8383E+05 -2.9628E+02 -2.2115E+02 -2.0189E-01
     0.120600
  4.1100E+03  3.9076E+03  5.3808E+04  1.7258E+04 -2.5120E-11  2.6757E-14  4.8613E+05 -5.0745E+02 -3.7932E+02 -3.4243E-01
     0.124620
  7.0394E+03  6.6928E+03  9.2159E+04  2.9559E+04 -3.7666E-11  3.5885E-14  8.3260E+05 -8.6912E+02 -6.5052E+02 -5.8276E-01
     0.128640
  1.2057E+04  1.1463E+04  1.5784E+05  5.0625E+04  1.1869E-10 -2.8281E-14  1.4260E+06 -1.4886E+03 -1.1150E+03 -9.9487E-01
     0.132660
  2.0650E+04  1.9634E+04  2.7034E+05  8.6707E+04 -8.7482E-11  2.5124E-13  2.4424E+06 -2.5496E+03 -1.9104E+03 -1.7007E+00
     0.136680
  3.5368E+04  3.3627E+04  4.6302E+05  1.4851E+05 -2.2419E-10 -1.6454E-13  4.1831E+06 -4.3668E+03 -3.2721E+03 -2.9123E+00
     0.140700
  6.0576E+04  5.7593E+04  7.9302E+05  2.5435E+05 -1.1041E-10  1.6092E-13  7.1645E+06 -7.4791E+03 -5.6030E+03 -4.9961E+00
     0.144720
  1.0375E+05  9.8641E+04  1.3582E+06  4.3563E+05 -3.2649E-10  2.7116E-13  1.2271E+07 -1.2809E+04 -9.5929E+03 -8.5802E+00
     0.148740
  1.7769E+05  1.6894E+05  2.3262E+06  7.4611E+05  3.1501E-10  6.6654E-13  2.1016E+07 -2.1939E+04 -1.6423E+04 -1.4737E+01
     0.152760
  3.0434E+05  2.8935E+05  3.9842E+06  1.2779E+06 -3.0670E-10  1.0161E-12  3.5994E+07 -3.7574E+04 -2.8118E+04 -2.5296E+01
     0.156780
  5.2124E+05  4.9557E+05  6.8238E+06  2.1886E+06 -3.4617E-09 -6.5874E-12  6.1648E+07 -6.4354E+04 -4.8148E+04 -4.3374E+01
     0.160800
  8.9273E+05  8.4877E+05  1.1687E+07  3.7485E+06  2.0205E-09  2.9065E-12  1.0559E+08 -1.1022E+05 -8.2457E+04 -7.4304E+01
     0.164820
  1.5290E+06  1.4537E+06  2.0017E+07  6.4201E+06 -1.1124E-08  2.1996E-12  1.8084E+08 -1.8877E+05 -1.4123E+05 -1.2721E+02
     0.168840
  2.6187E+06  2.4898E+06  3.4283E+07  1.0996E+07  4.9945E-09 -3.7967E-12  3.0973E+08 -3.2332E+05 -2.4191E+05 -2.1771E+02
     0.172860
  4.4852E+06  4.2643E+06  5.8717E+07  1.8833E+07  9.0960E-09  1.4894E-11  5.3047E+08 -5.5375E+05 -4.1438E+05 -3.7257E+02
     0.176880
  7.6818E+06  7.3036E+06  1.0057E+08  3.2255E+07 -3.7196E-08  4.8100E-11  9.0855E+08 -9.4843E+05 -7.0981E+05 -6.3761E+02
     0.180900
  1.3157E+07  1.2509E+07  1.7224E+08  5.5244E+07  1.9670E-08  5.0351E-11  1.5561E+09 -1.6244E+06 -1.2158E+06 -1.0914E+03
     0.184920
  2.2534E+07  2.1424E+07  2.9500E+08  9.4617E+07  1.7171E-07 -3.7574E-10  2.6652E+09 -2.7821E+06 -2.0824E+06 -1.8688E+03
     0.188940
  3.8594E+07  3.6694E+07  5.0526E+08  1.6205E+08 -7.1992E-07 -2.8939E-10  4.5647E+09 -4.7650E+06 -3.5667E+06 -3.2007E+03
     0.192960
  6.6101E+07  6.2846E+07  8.6536E+08  2.7755E+08 -1.3892E-07  6.8510E-10  7.8180E+09 -8.1611E+06 -6.1086E+06 -5.4830E+03
     0.196980
  1.1321E+08  1.0764E+08  1.4821E+09  4.7537E+08 -4.5827E-07  2.3212E-10  1.3390E+10 -1.3978E+07 -1.0462E+07 -9.3934E+03
     0.201000
  1.9390E+08  1.8435E+08  2.5385E+09  8.1417E+08 -2.4376E-06  2.6819E-10  2.2933E+10 -2.3940E+07 -1.7918E+07 -1.6093E+04
     0.205020
  3.3210E+08  3.1574E+08  4.3477E+09  1.3944E+09 -2.1879E-06  3.2241E-09  3.9278E+10 -4.1002E+07 -3.0687E+07 -2.7568E+04
     0.209040
  5.6879E+08  5.4078E+08  7.4463E+09  2.3883E+09  5.3172E-06 -3.0375E-10  6.7273E+10 -7.0225E+07 -5.2556E+07 -4.7223E+04
     0.213060
  9.7418E+08  9.2621E+08  1.2753E+10  4.0905E+09  4.0888E-06  1.3489E-09  1.1522E+11 -1.2028E+08 -9.0013E+07 -8.0884E+04
     0.217080
  1.6685E+09  1.5863E+09  2.1843E+10  7.0058E+09 -5.6939E-06 -1.6989E-09  1.9734E+11 -2.0600E+08 -1.5417E+08 -1.3853E+05
     0.221100
  2.8577E+09  2.7169E+09  3.7411E+10  1.1999E+10 -1.5193E-05  2.2629E-09  3.3798E+11 -3.5282E+08 -2.6405E+08 -2.3724E+05
     0.225120
  4.8944E+09  4.6533E+09  6.4074E+10  2.0551E+10  1.4526E-05  1.5260E-08  5.7887E+11 -6.0428E+08 -4.5224E+08 -4.0629E+05
     0.229140
  8.3827E+09  7.9699E+09  1.0974E+11  3.5198E+10  3.8305E-05  6.0661E-08  9.9144E+11 -1.0350E+09 -7.7458E+08 -6.9580E+05
     0.233160
  1.4357E+10  1.3650E+10  1.8796E+11  6.0284E+10 -7.7676E-05  5.6824E-08  1.6981E+12 -1.7726E+09 -1.3266E+09 -1.1916E+06
     0.237180
  2.4590E+10  2.3379E+10  3.2192E+11  1.0325E+11  5.6924E-06  2.3094E-07  2.9083E+12 -3.0359E+09 -2.2722E+09 -2.0409E+06
     0.241200
  4.2115E+10  4.0041E+10  5.5135E+11  1.7684E+11 -3.7160E-04  3.3842E-07  4.9811E+12 -5.1997E+09 -3.8916E+09 -3.4954E+06
     0.245220
  7.2132E+10  6.8580E+10  9.4431E+11  3.0287E+11  2.6849E-04  2.4472E-07  8.5312E+12 -8.9056E+09 -6.6652E+09 -5.9868E+06
     0.249240
  1.2354E+11  1.1746E+11  1.6173E+12  5.1873E+11 -1.7903E-04 -9.8520E-07  1.4612E+13 -1.5253E+10 -1.1416E+10 -1.0254E+07
     0.253260
  2.1159E+11  2.0117E+11  2.7700E+12  8.8845E+11 -8.7846E-04 -1.1593E-07  2.5025E+13 -2.6124E+10 -1.9552E+10 -1.7563E+07
     0.257280
  3.6240E+11  3.4455E+11  4.7443E+12  1.5217E+12  3.7009E-03  1.0291E-06  4.2862E+13 -4.4743E+10 -3.3486E+10 -3.0081E+07
     0.261300
  6.2068E+11  5.9012E+11  8.1256E+12  2.6062E+12 -2.3176E-03  1.1976E-05  7.3410E+13 -7.6632E+10 -5.7353E+10 -5.1520E+07
     0.265320
  1.0631E+12  1.0107E+12  1.3917E+13  4.4636E+12  4.7023E-03 -7.2092E-06  1.2573E+14 -1.3125E+11 -9.8229E+10 -8.8240E+07
     0.269340
  1.8207E+12  1.7311E+12  2.3836E+13  7.6449E+12  4.0112E-03  1.2536E-06  2.1534E+14 -2.2479E+11 -1.6824E+11 -1.5113E+08
     0.273360
  3.1184E+12  2.9648E+12  4.0824E+13  1.3094E+13 -2.3973E-03  7.6145E-06  3.6882E+14 -3.8500E+11 -2.8814E+11 -2.5884E+08
     0.277380
  5.3409E+12  5.0779E+12  6.9920E+13  2.2426E+13 -4.3263E-02  3.3252E-06  6.3168E+14 -6.5940E+11 -4.9351E+11 -4.4332E+08
     0.281400
  9.1474E+12  8.6970E+12  1.1975E+14  3.8409E+13 -5.7599E-03  3.0847E-05  1.0819E+15 -1.1294E+12 -8.4525E+11 -7.5927E+08
     0.285420
  1.5667E+13  1.4895E+13  2.0510E+14  6.5784E+13  7.3123E-03  1.3583E-04  1.8530E+15 -1.9343E+12 -1.4477E+12 -1.3004E+09
     0.289440
  2.6833E+13  2.5512E+13  3.5128E+14  1.1267E+14 -3.9328E-02  2.1917E-04  3.1736E+15 -3.3129E+12 -2.4794E+12 -2.2272E+09
     0.293460
  4.5957E+13  4.3694E+13  6.0165E+14  1.9297E+14 -3.1028E-04 -7.9180E-05  5.4355E+15 -5.6741E+12 -4.2466E+12 -3.8146E+09
     0.297480
  7.8712E+13  7.4836E+13  1.0305E+15  3.3050E+14 -1.4531E-01  3.8642E-04  9.3095E+15 -9.7181E+12 -7.2732E+12 -6.5334E+09
     0.301500
  1.3481E+14  1.2817E+14  1.7649E+15  5.6606E+14 -1.0209E+00  2.6006E-04  1.5945E+16 -1.6644E+13 -1.2457E+13 -1.1190E+10
     0.305520
  2.3089E+14  2.1952E+14  3.0227E+15  9.6950E+14 -3.0902E+00 -8.8727E-04  2.7309E+16 -2.8507E+13 -2.1335E+13 -1.9165E+10
     0.309540
  3.9546E+14  3.7598E+14  5.1771E+15  1.6605E+15 -2.1154E+00 -2.7974E-03  4.6772E+16 -4.8825E+13 -3.6541E+13 -3.2825E+10
     0.313560
  6.7731E+14  6.4395E+14  8.8669E+15  2.8439E+15  3.0028E+00 -2.4155E-03  8.0107E+16 -8.3623E+13 -6.2585E+13 -5.6219E+10
     0.317580
  1.1600E+15  1.1029E+15  1.5187E+16  4.8708E+15  2.3996E+00 -6.0405E-03  1.3720E+17 -1.4322E+14 -1.0719E+14 -9.6288E+10
     0.321600
  1.9868E+15  1.8890E+15  2.6010E+16  8.3424E+15 -7.4066E+00 -2.4956E-03  2.3499E+17 -2.4530E+14 -1.8359E+14 -1.6491E+11
     0.325620
  3.4028E+15  3.2353E+15  4.4548E+16  1.4288E+16  1.4146E+01  6.0849E-03  4.0246E+17 -4.2013E+14 -3.1443E+14 -2.8245E+11
     0.329640
  5.8281E+15  5.5411E+15  7.6299E+16  2.4472E+16  2.3348E+01  2.1864E-02  6.8931E+17 -7.1956E+14 -5.3853E+14 -4.8376E+11
     0.333660
  9.9819E+15  9.4904E+15  1.3068E+17  4.1913E+16 -1.1436E+02  3.3239E-03  1.1806E+18 -1.2324E+15 -9.2236E+14 -8.2854E+11
     0.337680
  1.7096E+16  1.6254E+16  2.2381E+17  7.1785E+16  6.5079E+01  1.5092E-01  2.0220E+18 -2.1108E+15 -1.5797E+15 -1.4191E+12
     0.341700
  2.9281E+16  2.7839E+16  3.8333E+17  1.2295E+17  3.1874E+01 -6.6296E-02  3.4631E+18 -3.6151E+15 -2.7056E+15 -2.4304E+12
     0.345720
  5.0150E+16  4.7681E+16  6.5654E+17  2.1057E+17  3.3245E+02  3.4105E-01  5.9314E+18 -6.1917E+15 -4.6340E+15 -4.1627E+12
     0.349740
  8.5893E+16  8.1663E+16  1.1245E+18  3.6065E+17  2.4337E+02  1.2277E-01  1.0159E+19 -1.0605E+16 -7.9367E+15 -7.1295E+12
     0.353760
  1.4711E+17  1.3987E+17  1.9259E+18  6.1770E+17  1.8590E+03  2.8316E-01  1.7399E+19 -1.8163E+16 -1.3593E+16 -1.2211E+13
     0.357780
  2.5196E+17  2.3955E+17  3.2985E+18  1.0579E+18 -1.6611E+02  1.7464E+00  2.9800E+19 -3.1108E+16 -2.3282E+16 -2.0914E+13
     0.361800
  4.3153E+17  4.1028E+17  5.6494E+18  1.8120E+18  1.6756E+03 -4.3858E-01  5.1039E+19 -5.3279E+16 -3.9875E+16 -3.5819E+13
     0.365820
  7.3910E+17  7.0270E+17  9.6758E+18  3.1034E+18  2.0278E+03  3.1209E+00  8.7415E+19 -9.1251E+16 -6.8295E+16 -6.1348E+13
     0.369840
  1.2659E+18  1.2035E+18  1.6572E+19  5.3152E+18 -3.7601E+03 -7.6884E-01  1.4972E+20 -1.5629E+17 -1.1697E+17 -1.0507E+14
     0.373860
  2.1681E+18  2.0613E+18  2.8383E+19  9.1035E+18  8.7052E+03  6.8257E-01  2.5642E+20 -2.6768E+17 -2.0034E+17 -1.7996E+14
     0.377880
  3.7133E+18  3.5304E+18  4.8612E+19  1.5592E+19 -1.5489E+04 -3.4197E+01  4.3918E+20 -4.5846E+17 -3.4312E+17 -3.0822E+14
     0.381900
  6.3598E+18  6.0466E+18  8.3259E+19  2.6704E+19 -3.5983E+04  5.0219E+01  7.5219E+20 -7.8521E+17 -5.8766E+17 -5.2789E+14
     0.385920
  1.0893E+19  1.0356E+19  1.4260E+20  4.5737E+19 -8.3482E+04 -1.6696E+02  1.2883E+21 -1.3448E+18 -1.0065E+18 -9.0413E+14
     0.389940
  1.8656E+19  1.7737E+19  2.4423E+20  7.8334E+19 -3.8669E+04  4.7312E+01  2.2065E+21 -2.3033E+18 -1.7239E+18 -1.5485E+15
     0.393960
  3.1952E+19  3.0379E+19  4.1830E+20  1.3416E+20  2.1025E+05  4.0135E+01  3.7791E+21 -3.9449E+18 -2.9525E+18 -2.6522E+15
     0.397980
  5.4725E+19  5.2030E+19  7.1643E+20  2.2978E+20  2.9410E+04 -7.5267E+02  6.4725E+21 -6.7566E+18 -5.0568E+18 -4.5424E+15
     0.402000
  9.3729E+19  8.9113E+19  1.2270E+21  3.9356E+20 -1.8381E+05  1.1120E+03  1.1086E+22 -1.1572E+19 -8.6608E+18 -7.7799E+15
     0.406020
  1.6053E+20  1.5263E+20  2.1016E+21  6.7405E+20 -1.5964E+06  2.9765E+02  1.8986E+22 -1.9820E+19 -1.4834E+19 -1.3325E+16
     0.410040
  2.7494E+20  2.6141E+20  3.5994E+21  1.1545E+21 -4.3956E+05  9.2152E+02  3.2519E+22 -3.3946E+19 -2.5406E+19 -2.2822E+16
     0.414060
  4.7090E+20  4.4771E+20  6.1648E+21  1.9773E+21 -4.5049E+06 -6.8737E+03  5.5695E+22 -5.8139E+19 -4.3513E+19 -3.9087E+16
     0.418080
  8.0652E+20  7.6681E+20  1.0559E+22  3.3865E+21 -1.0439E+06 -6.1586E+03  9.5390E+22 -9.9576E+19 -7.4525E+19 -6.6945E+16
     0.422100
  1.3813E+21  1.3133E+21  1.8084E+22  5.8001E+21  5.6274E+06  1.2549E+04  1.6338E+23 -1.7055E+20 -1.2764E+20 -1.1466E+17
     0.426120
  2.3659E+21  2.2494E+21  3.0973E+22  9.9340E+21  1.7791E+07  2.8172E+04  2.7982E+23 -2.9210E+20 -2.1861E+20 -1.9638E+17
     0.430140
  4.0520E+21  3.8525E+21  5.3047E+22  1.7014E+22 -4.1388E+07 -1.5025E+04  4.7925E+23 -5.0028E+20 -3.7442E+20 -3.3634E+17
     0.434160
  6.9400E+21  6.5983E+21  9.0855E+22  2.9140E+22  2.0043E+07  9.9756E+04  8.2082E+23 -8.5684E+20 -6.4128E+20 -5.7605E+17
     0.438180
  1.1886E+22  1.1301E+22  1.5561E+23  4.9909E+22 -3.1359E+07  1.3914E+05  1.4058E+24 -1.4675E+21 -1.0983E+21 -9.8661E+17
     0.442200
  2.0358E+22  1.9355E+22  2.6651E+23  8.5480E+22  6.1392E+07  3.3573E+05  2.4078E+24 -2.5135E+21 -1.8811E+21 -1.6898E+18
     0.446220
  3.4867E+22  3.3150E+22  4.5646E+23  1.4640E+23 -3.1152E+08 -2.3139E+04  4.1239E+24 -4.3048E+21 -3.2218E+21 -2.8941E+18
     0.450240
  5.9718E+22  5.6777E+22  7.8179E+23  2.5075E+23  2.7727E+08  1.9312E+05  7.0630E+24 -7.3730E+21 -5.5181E+21 -4.9568E+18
     0.454260
  1.0228E+23  9.7243E+22  1.3390E+24  4.2946E+23 -6.7386E+08  1.1256E+06  1.2097E+25 -1.2628E+22 -9.4509E+21 -8.4896E+18
     0.458280
  1.7518E+23  1.6655E+23  2.2933E+24  7.3554E+23 -6.7474E+08  6.6177E+05  2.0719E+25 -2.1628E+22 -1.6187E+22 -1.4540E+19
     0.462300
  3.0003E+23  2.8525E+23  3.9278E+24  1.2598E+24  2.5994E+09  2.4184E+05  3.5485E+25 -3.7042E+22 -2.7723E+22 -2.4904E+19
     0.466320
  5.1386E+23  4.8856E+23  6.7272E+24  2.1576E+24  6.0459E+09 -3.1168E+05  6.0776E+25 -6.3443E+22 -4.7482E+22 -4.2653E+19
     0.470340
  8.8010E+23  8.3676E+23  1.1522E+25  3.6954E+24 -6.3199E+09  1.6342E+07  1.0409E+26 -1.0866E+23 -8.1324E+22 -7.3052E+19
     0.474360
  1.5074E+24  1.4331E+24  1.9734E+25  6.3293E+24  7.3804E+09 -1.7358E+05  1.7828E+26 -1.8610E+23 -1.3928E+23 -1.2512E+20
     0.478380
  2.5817E+24  2.4546E+24  3.3798E+25  1.0840E+25 -1.5411E+10  1.2387E+07  3.0534E+26 -3.1875E+23 -2.3856E+23 -2.1429E+20
     0.482400
  4.4217E+24  4.2040E+24  5.7887E+25  1.8566E+25 -4.1818E+10 -4.9449E+07  5.2297E+26 -5.4592E+23 -4.0858E+23 -3.6702E+20
     0.486420
  7.5731E+24  7.2002E+24  9.9143E+25  3.1799E+25  3.1130E+10  3.3144E+07  8.9570E+26 -9.3501E+23 -6.9978E+23 -6.2860E+20
     0.490440
  1.2971E+25  1.2332E+25  1.6980E+26  5.4462E+25 -4.8341E+10  8.2001E+07  1.5341E+27 -1.6014E+24 -1.1985E+24 -1.0766E+21
     0.494460
  2.2215E+25  2.1121E+25  2.9083E+26  9.3278E+25  3.1997E+10  7.7879E+07  2.6274E+27 -2.7428E+24 -2.0527E+24 -1.8439E+21
     0.498480
  3.8048E+25  3.6175E+25  4.9811E+26  1.5976E+26  3.7506E+11  2.4277E+08  4.5001E+27 -4.6976E+24 -3.5158E+24 -3.1582E+21
     0.502500
  6.5166E+25  6.1957E+25  8.5311E+26  2.7362E+26  1.4221E+11  1.2183E+08  7.7074E+27 -8.0456E+24 -6.0215E+24 -5.4090E+21
     0.506520
  1.1161E+26  1.0611E+26  1.4611E+27  4.6864E+26 -2.3206E+11 -3.5821E+08  1.3201E+28 -1.3780E+25 -1.0313E+25 -9.2641E+21
     0.510540
  1.9116E+26  1.8174E+26  2.5025E+27  8.0265E+26  1.5334E+12  1.1227E+08  2.2609E+28 -2.3601E+25 -1.7663E+25 -1.5867E+22
