     0.000000
  1.3411E-03  5.7360E-36  8.8094E-11  1.5489E-03  0.0000E+00  0.0000E+00  0.0000E+00  0.0000E+00  0.0000E+00  0.0000E+00
     0.003220
  1.0321E-03  2.7280E-05  7.6405E-04  1.3052E-03  4.6804E-19  6.8979E-22  3.9837E-03 -4.5611E-06  5.7108E-06  1.5952E-08
     0.006440
  7.8201E-04  3.5797E-05  1.2654E-03  9.5141E-04  9.0332E-19 -1.1364E-21  2.0868E-03 -7.7491E-06 -4.3750E-06  1.5268E-08
     0.009660
  6.7850E-04  3.7973E-05  1.3338E-03  7.1116E-04 -3.3209E-20 -1.1235E-21  3.1951E-03 -1.0362E-05 -7.5490E-06  8.5513E-09
     0.012880
  6.2262E-04  4.2073E-05  1.3272E-03  7.1960E-04  2.1677E-19  5.1183E-22  6.4218E-03 -1.0357E-05 -5.0798E-06  4.3574E-09
     0.016100
  5.8278E-04  5.1502E-05  1.2949E-03  8.5686E-04 -7.4502E-19  3.0014E-22  8.7514E-03 -8.3054E-06 -2.1139E-06  2.4861E-09
     0.019320
  5.6144E-04  6.7892E-05  1.2450E-03  1.0139E-03  4.5173E-19 -2.6463E-22  1.0254E-02 -5.8971E-06  7.5916E-07  1.2790E-09
     0.022540
  5.6032E-04  8.9619E-05  1.2096E-03  1.1640E-03 -4.4785E-19 -4.6049E-23  1.1442E-02 -4.1106E-06  3.3435E-06  2.8475E-10
     0.025760
  5.7254E-04  1.1254E-04  1.2296E-03  1.2895E-03 -6.9947E-19  4.1082E-22  1.2968E-02 -3.4284E-06  5.0245E-06 -4.4155E-10
     0.028980
  5.9689E-04  1.3262E-04  1.2970E-03  1.4315E-03 -7.3204E-19  2.3870E-24  1.5585E-02 -4.7664E-06  5.0783E-06 -7.1660E-10
     0.032200
  6.3131E-04  1.4878E-04  1.4447E-03  1.6184E-03 -7.0486E-19 -1.1380E-21  1.9144E-02 -8.4070E-06  3.7761E-06 -5.1770E-10
     0.035420
  6.9267E-04  1.6294E-04  1.6431E-03  1.8413E-03  2.2228E-18 -5.6999E-22  2.4238E-02 -1.3650E-05  2.0961E-06 -1.6518E-10
     0.038640
  7.5007E-04  1.7916E-04  1.9602E-03  2.1480E-03  1.4951E-18  4.3620E-22  3.1771E-02 -2.0072E-05  5.4531E-07  1.4819E-10
     0.041860
  8.1697E-04  2.0484E-04  2.3664E-03  2.5858E-03 -4.7444E-18  8.3593E-22  4.1162E-02 -2.8341E-05 -1.0009E-06  4.1785E-10
     0.045080
  9.0979E-04  2.4651E-04  2.8987E-03  3.1312E-03  2.4114E-18  1.6404E-21  5.2359E-02 -3.8064E-05 -1.1604E-06  3.2354E-10
     0.048300
  1.0366E-03  3.0949E-04  3.4870E-03  3.7956E-03 -1.3612E-18 -6.2171E-22  6.4768E-02 -4.7590E-05 -1.9912E-06  5.1911E-10
     0.051520
  1.1831E-03  3.9789E-04  4.1608E-03  4.6177E-03  2.1720E-18  1.8255E-22  7.9872E-02 -5.5105E-05 -7.0020E-07  9.9796E-11
     0.054740
  1.3677E-03  5.0368E-04  4.9330E-03  5.6076E-03 -7.3898E-18  2.4524E-21  9.6606E-02 -6.2980E-05 -1.2103E-06  5.6774E-10
     0.057960
  1.6115E-03  6.3040E-04  5.7624E-03  6.8246E-03  6.9300E-18  5.9753E-22  1.1867E-01 -7.2588E-05 -5.9879E-07  9.0168E-11
     0.061180
  1.8966E-03  7.9194E-04  6.9713E-03  8.3300E-03 -5.6336E-18 -2.4504E-22  1.4661E-01 -8.7709E-05 -2.5495E-07  4.7117E-10
     0.064400
  2.2648E-03  9.7926E-04  8.4940E-03  1.0163E-02  3.2498E-17 -4.1083E-21  1.8079E-01 -1.0968E-04 -1.3106E-06  4.7040E-10
     0.067620
  2.7175E-03  1.2106E-03  1.0450E-02  1.2429E-02  5.0940E-19  1.8886E-21  2.2406E-01 -1.3655E-04 -1.2532E-06 -7.5208E-10
     0.070840
  3.2639E-03  1.4914E-03  1.2950E-02  1.5195E-02 -1.4839E-17 -1.4059E-21  2.7645E-01 -1.7261E-04  2.0394E-07  1.6517E-09
     0.074060
  3.9494E-03  1.8107E-03  1.5963E-02  1.8566E-02 -1.0988E-17  2.3865E-21  3.3903E-01 -2.1513E-04  3.3905E-07  1.6016E-09
     0.077280
  4.7989E-03  2.1962E-03  1.9570E-02  2.2675E-02  1.2698E-17  1.3522E-20  4.1657E-01 -2.6201E-04  3.7000E-07 -1.7675E-09
     0.080500
  5.8464E-03  2.6739E-03  2.3952E-02  2.7745E-02 -7.4582E-18  2.1981E-21  5.1297E-01 -3.2114E-04  2.2223E-06  4.7137E-09
     0.083720
  7.1672E-03  3.2644E-03  2.9282E-02  3.4064E-02 -3.2806E-17 -1.5789E-20  6.3264E-01 -3.9487E-04  1.4005E-06  8.4170E-09
     0.086940
  8.8277E-03  4.0085E-03  3.5883E-02  4.1963E-02 -3.2358E-17 -1.3794E-20  7.8361E-01 -4.8447E-04 -1.5916E-06 -3.6055E-09
     0.090160
  1.0886E-02  4.9551E-03  4.4157E-02  5.1904E-02 -3.6531E-17  1.3367E-20  9.7371E-01 -5.9695E-04 -2.6956E-07 -7.6160E-09
     0.093380
  1.3426E-02  6.1530E-03  5.4525E-02  6.4361E-02 -5.1205E-18  2.2999E-20  1.2112E+00 -7.4235E-04  4.6385E-06  1.3336E-08
     0.096600
  1.6552E-02  7.6668E-03  6.7571E-02  7.9891E-02 -8.6677E-17  3.2262E-20  1.5071E+00 -9.2871E-04  4.3502E-06  2.7838E-08
     0.099820
  2.0402E-02  9.5599E-03  8.3934E-02  9.9223E-02 -5.3967E-17  5.5368E-20  1.8714E+00 -1.1608E-03 -4.2226E-06  8.2100E-09
     0.103040
  2.5163E-02  1.1872E-02  1.0416E-01  1.2317E-01  8.3609E-17  2.0909E-21  2.3174E+00 -1.4426E-03 -9.0840E-06 -2.0139E-08
     0.106260
  3.1035E-02  1.4696E-02  1.2896E-01  1.5266E-01 -2.4604E-16 -1.2186E-19  2.8643E+00 -1.7857E-03 -3.3620E-06 -1.6915E-08
     0.109480
  3.8263E-02  1.8166E-02  1.5940E-01  1.8886E-01  3.3310E-17 -1.1889E-19  3.5358E+00 -2.2099E-03  8.1590E-06  2.7617E-08
     0.112700
  4.7186E-02  2.2437E-02  1.9695E-01  2.3328E-01  4.8732E-17 -1.4877E-20  4.3608E+00 -2.7341E-03  8.6286E-06  5.1904E-08
     0.115920
  5.8248E-02  2.7686E-02  2.4322E-01  2.8786E-01  1.5554E-16 -3.2688E-19  5.3766E+00 -3.3710E-03 -1.7341E-07  4.0004E-08
     0.119140
  7.1973E-02  3.4148E-02  3.0016E-01  3.5508E-01  7.8639E-16 -3.9630E-19  6.6313E+00 -4.1471E-03 -1.1079E-05 -4.9811E-09
     0.122360
  8.9006E-02  4.2103E-02  3.7029E-01  4.3802E-01 -1.2046E-16  3.3775E-19  8.1855E+00 -5.1025E-03 -8.9187E-06 -1.5458E-08
     0.125580
  1.1012E-01  5.1938E-02  4.5721E-01  5.4055E-01  8.7156E-17  5.4590E-19  1.0119E+01 -6.2918E-03 -4.2826E-06  7.8147E-09
     0.128800
  1.3623E-01  6.4181E-02  5.6528E-01  6.6765E-01  2.1650E-16  3.0195E-19  1.2524E+01 -7.7759E-03 -1.3001E-06  4.2162E-08
     0.132020
  1.6851E-01  7.9436E-02  6.9939E-01  8.2547E-01  1.0694E-15  3.3840E-19  1.5507E+01 -9.6219E-03 -4.2375E-06  5.2428E-08
     0.135240
  2.0842E-01  9.8375E-02  8.6551E-01  1.0213E+00 -1.1186E-15  1.4909E-19  1.9199E+01 -1.1916E-02 -8.1508E-06  3.6021E-08
     0.138460
  2.5776E-01  1.2175E-01  1.0709E+00  1.2641E+00  9.8960E-16 -6.0931E-19  2.3766E+01 -1.4758E-02  4.7411E-06  5.3077E-08
     0.141680
  3.1874E-01  1.5059E-01  1.3247E+00  1.5648E+00  6.2341E-16  1.1902E-19  2.9413E+01 -1.8274E-02  1.2054E-05  1.2669E-07
     0.144900
  3.9407E-01  1.8626E-01  1.6388E+00  1.9370E+00  9.6512E-16 -6.2838E-20  3.6390E+01 -2.2630E-02 -1.3086E-05  1.1838E-07
     0.148120
  4.8720E-01  2.3037E-01  2.0272E+00  2.3970E+00 -3.2012E-15  3.2334E-19  4.5004E+01 -2.8013E-02 -3.2264E-05  9.9341E-08
     0.151340
  6.0233E-01  2.8494E-01  2.5074E+00  2.9653E+00  7.0628E-16  2.1579E-18  5.5644E+01 -3.4656E-02 -5.6185E-05  1.0316E-07
     0.154560
  7.4465E-01  3.5246E-01  3.1008E+00  3.6670E+00  3.8795E-15 -1.3482E-18  6.8781E+01 -4.2850E-02 -9.9623E-05 -8.7304E-08
     0.157780
  9.2066E-01  4.3588E-01  3.8335E+00  4.5335E+00  4.2120E-15 -2.4995E-18  8.5011E+01 -5.2961E-02 -2.3430E-05 -2.8514E-08
     0.161000
  1.1384E+00  5.3890E-01  4.7388E+00  5.6039E+00 -2.1238E-15  2.3484E-18  1.0508E+02 -6.5442E-02  8.6009E-05  3.4533E-07
     0.164220
  1.4078E+00  6.6623E-01  5.8583E+00  6.9269E+00  7.6566E-15 -2.6691E-18  1.2991E+02 -8.0870E-02  8.2846E-05  6.4925E-07
     0.167440
  1.7411E+00  8.2363E-01  7.2435E+00  8.5629E+00  9.8865E-15  9.3950E-21  1.6063E+02 -9.9969E-02  2.7916E-05  6.6922E-07
     0.170660
  2.1534E+00  1.0182E+00  8.9574E+00  1.0587E+01 -2.0463E-16 -3.5790E-18  1.9866E+02 -1.2360E-01  1.4494E-04  1.1765E-06
     0.173880
  2.6632E+00  1.2589E+00  1.1078E+01  1.3092E+01  1.7058E-14  5.4248E-18  2.4571E+02 -1.5283E-01  8.8387E-05  1.5798E-06
     0.177100
  3.2937E+00  1.5569E+00  1.3701E+01  1.6191E+01 -1.1502E-14 -1.2084E-17  3.0392E+02 -1.8903E-01 -7.1378E-05  1.4778E-06
     0.180320
  4.0732E+00  1.9256E+00  1.6945E+01  2.0025E+01  3.5169E-15 -7.0816E-18  3.7591E+02 -2.3382E-01 -2.0392E-05  1.6481E-06
     0.183540
  5.0370E+00  2.3818E+00  2.0957E+01  2.4768E+01  2.1690E-14 -1.1817E-17  4.6492E+02 -2.8925E-01  1.3169E-04  2.3579E-06
     0.186760
  6.2289E+00  2.9457E+00  2.5917E+01  3.0633E+01 -1.8604E-14  2.1226E-17  5.7495E+02 -3.5778E-01  3.1789E-04  3.3384E-06
     0.189980
  7.7027E+00  3.6429E+00  3.2050E+01  3.7886E+01  1.1451E-15  7.3154E-18  7.1101E+02 -4.4249E-01  5.1907E-04  4.8021E-06
     0.193200
  9.5252E+00  4.5050E+00  3.9635E+01  4.6853E+01  1.3111E-14  1.1245E-17  8.7925E+02 -5.4720E-01  3.8181E-04  5.8827E-06
     0.196420
  1.1779E+01  5.5712E+00  4.9014E+01  5.7940E+01 -1.5406E-14  8.5666E-18  1.0873E+03 -6.7668E-01  1.7982E-04  6.5740E-06
     0.199640
  1.4566E+01  6.8897E+00  6.0613E+01  7.1649E+01 -5.1346E-14  2.4773E-18  1.3445E+03 -8.3676E-01  7.3647E-05  7.5530E-06
     0.202860
  1.8013E+01  8.5199E+00  7.4956E+01  8.8600E+01 -1.2220E-13  5.5703E-17  1.6626E+03 -1.0347E+00 -1.1955E-05  8.8631E-06
     0.206080
  2.2276E+01  1.0536E+01  9.2691E+01  1.0956E+02 -8.7385E-14  6.9148E-17  2.0560E+03 -1.2794E+00  7.4051E-05  1.0624E-05
     0.209300
  2.7548E+01  1.3028E+01  1.1462E+02  1.3548E+02  2.1065E-14  9.6603E-17  2.5425E+03 -1.5821E+00  1.1267E-04  1.3080E-05
     0.212520
  3.4067E+01  1.6112E+01  1.4175E+02  1.6754E+02 -4.8398E-14  2.1345E-17  3.1442E+03 -1.9565E+00 -2.4804E-04  1.5559E-05
     0.215740
  4.2129E+01  1.9924E+01  1.7529E+02  2.0719E+02 -1.0217E-13  3.0202E-17  3.8884E+03 -2.4195E+00 -4.1543E-04  1.8387E-05
     0.218960
  5.2099E+01  2.4640E+01  2.1678E+02  2.5623E+02  4.1734E-13 -6.4441E-17  4.8086E+03 -2.9922E+00  8.0905E-05  2.3371E-05
     0.222180
  6.4428E+01  3.0471E+01  2.6808E+02  3.1687E+02 -1.7243E-13  7.7654E-17  5.9466E+03 -3.7003E+00  8.6362E-04  3.1217E-05
     0.225400
  7.9675E+01  3.7681E+01  3.3151E+02  3.9186E+02  1.4366E-14 -7.3002E-17  7.3538E+03 -4.5761E+00  1.2683E-03  4.0677E-05
     0.228620
  9.8530E+01  4.6598E+01  4.0996E+02  4.8459E+02 -5.4179E-13 -1.4740E-17  9.0941E+03 -5.6590E+00  1.3521E-03  5.1770E-05
     0.231840
  1.2185E+02  5.7626E+01  5.0698E+02  5.9927E+02 -1.9040E-13  2.8209E-16  1.1246E+04 -6.9983E+00  1.0012E-03  6.5099E-05
     0.235060
  1.5068E+02  7.1263E+01  6.2697E+02  7.4109E+02 -2.2959E-13  4.2900E-16  1.3908E+04 -8.6544E+00  2.3987E-04  8.0257E-05
     0.238280
  1.8634E+02  8.8128E+01  7.7534E+02  9.1647E+02 -2.3590E-12 -8.1072E-17  1.7199E+04 -1.0702E+01  2.4673E-04  9.9083E-05
     0.241500
  2.3043E+02  1.0898E+02  9.5881E+02  1.1333E+03 -1.5706E-12 -1.1251E-16  2.1269E+04 -1.3235E+01  1.4544E-03  1.2554E-04
     0.244720
  2.8497E+02  1.3477E+02  1.1857E+03  1.4015E+03  5.7475E-13  2.6328E-17  2.6302E+04 -1.6367E+01  2.5264E-03  1.6118E-04
     0.247940
  3.5240E+02  1.6667E+02  1.4663E+03  1.7332E+03 -3.5545E-13  3.9947E-16  3.2526E+04 -2.0240E+01  2.1273E-03  2.0351E-04
     0.251160
  4.3580E+02  2.0611E+02  1.8133E+03  2.1434E+03 -2.8883E-12 -6.9400E-16  4.0223E+04 -2.5030E+01  1.0301E-03  2.5326E-04
     0.254380
  5.3893E+02  2.5488E+02  2.2424E+03  2.6506E+03  1.9478E-12 -1.3016E-16  4.9742E+04 -3.0953E+01  2.7505E-04  3.1608E-04
     0.257600
  6.6647E+02  3.1520E+02  2.7731E+03  3.2778E+03 -6.7145E-13  1.2833E-15  6.1514E+04 -3.8278E+01 -7.0165E-04  3.9426E-04
     0.260820
  8.2418E+02  3.8979E+02  3.4293E+03  4.0535E+03 -2.5822E-12 -1.1049E-15  7.6071E+04 -4.7336E+01 -1.5461E-03  4.9219E-04
     0.264040
  1.0192E+03  4.8203E+02  4.2409E+03  5.0128E+03 -7.8813E-15 -2.1062E-15  9.4073E+04 -5.8539E+01 -2.8820E-03  6.1442E-04
     0.267260
  1.2604E+03  5.9610E+02  5.2445E+03  6.1991E+03  1.1534E-11 -2.4487E-15  1.1634E+05 -7.2392E+01 -4.7340E-03  7.6625E-04
     0.270480
  1.5587E+03  7.3717E+02  6.4856E+03  7.6661E+03  6.1415E-12 -2.4315E-16  1.4387E+05 -8.9523E+01 -6.4356E-03  9.5905E-04
     0.273700
  1.9276E+03  9.1162E+02  8.0204E+03  9.4802E+03  6.0485E-12 -5.5127E-15  1.7791E+05 -1.1071E+02 -9.2210E-03  1.2014E-03
     0.276920
  2.3837E+03  1.1274E+03  9.9184E+03  1.1724E+04 -3.3025E-14 -1.8784E-15  2.2001E+05 -1.3691E+02 -1.3877E-02  1.5026E-03
     0.280140
  2.9478E+03  1.3941E+03  1.2266E+04  1.4498E+04  6.2378E-12  5.5452E-15  2.7208E+05 -1.6931E+02 -2.0773E-02  1.8774E-03
     0.283360
  3.6454E+03  1.7241E+03  1.5168E+04  1.7929E+04 -2.2427E-11  1.6133E-14  3.3646E+05 -2.0937E+02 -3.0513E-02  2.3431E-03
     0.286580
  4.5081E+03  2.1321E+03  1.8758E+04  2.2172E+04  1.6323E-11 -1.4499E-14  4.1609E+05 -2.5892E+02 -4.2014E-02  2.9246E-03
     0.289800
  5.5749E+03  2.6366E+03  2.3196E+04  2.7419E+04  3.8250E-11 -5.3652E-15  5.1455E+05 -3.2019E+02 -5.6424E-02  3.6522E-03
     0.293020
  6.8942E+03  3.2605E+03  2.8686E+04  3.3907E+04  1.3001E-11  4.3886E-14  6.3632E+05 -3.9596E+02 -7.4066E-02  4.5630E-03
     0.296240
  8.5256E+03  4.0321E+03  3.5474E+04  4.1931E+04 -5.8002E-12  9.6195E-15  7.8690E+05 -4.8967E+02 -9.5888E-02  5.7074E-03
     0.299460
  1.0543E+04  4.9863E+03  4.3869E+04  5.1854E+04 -8.4413E-11  2.9753E-14  9.7311E+05 -6.0554E+02 -1.2915E-01  7.1356E-03
     0.302680
  1.3038E+04  6.1663E+03  5.4250E+04  6.4125E+04 -2.0080E-11  5.4984E-14  1.2034E+06 -7.4884E+02 -1.7846E-01  8.8976E-03
     0.305900
  1.6124E+04  7.6255E+03  6.7088E+04  7.9299E+04  5.0718E-12  2.6023E-14  1.4882E+06 -9.2605E+02 -2.3709E-01  1.1096E-02
     0.309120
  1.9939E+04  9.4301E+03  8.2963E+04  9.8065E+04 -1.2096E-11  8.8884E-15  1.8403E+06 -1.1452E+03 -3.1047E-01  1.3846E-02
     0.312340
  2.4657E+04  1.1662E+04  1.0260E+05  1.2127E+05  1.9444E-11  5.6442E-14  2.2758E+06 -1.4162E+03 -4.0631E-01  1.7275E-02
     0.315560
  3.0493E+04  1.4421E+04  1.2687E+05  1.4997E+05 -1.0939E-10  9.3061E-14  2.8144E+06 -1.7513E+03 -5.2682E-01  2.1560E-02
     0.318780
  3.7708E+04  1.7834E+04  1.5690E+05  1.8546E+05 -1.7527E-10 -1.7066E-13  3.4804E+06 -2.1658E+03 -6.8052E-01  2.6919E-02
     0.322000
  4.6632E+04  2.2054E+04  1.9403E+05  2.2935E+05 -1.3399E-10 -3.5713E-15  4.3040E+06 -2.6783E+03 -8.8207E-01  3.3600E-02
     0.325220
  5.7667E+04  2.7273E+04  2.3994E+05  2.8362E+05  2.5926E-10  5.4115E-14  5.3225E+06 -3.3121E+03 -1.1418E+00  4.1920E-02
     0.328440
  7.1313E+04  3.3728E+04  2.9673E+05  3.5074E+05 -1.9114E-10 -1.0205E-13  6.5821E+06 -4.0959E+03 -1.4732E+00  5.2297E-02
     0.331660
  8.8189E+04  4.1709E+04  3.6694E+05  4.3374E+05  3.9630E-10  2.5514E-14  8.1397E+06 -5.0651E+03 -1.9003E+00  6.5234E-02
     0.334880
  1.0906E+05  5.1579E+04  4.5378E+05  5.3638E+05 -1.3046E-10  2.7526E-13  1.0066E+07 -6.2638E+03 -2.4509E+00  8.1361E-02
     0.338100
  1.3487E+05  6.3785E+04  5.6116E+05  6.6331E+05  3.6384E-10 -2.7850E-13  1.2448E+07 -7.7461E+03 -3.1543E+00  1.0146E-01
     0.341320
  1.6678E+05  7.8879E+04  6.9396E+05  8.2028E+05 -1.0539E-10 -3.6655E-13  1.5394E+07 -9.5791E+03 -4.0499E+00  1.2654E-01
     0.344540
  2.0625E+05  9.7546E+04  8.5818E+05  1.0144E+06  1.8161E-09 -3.0294E-13  1.9037E+07 -1.1846E+04 -5.2028E+00  1.5777E-01
     0.347760
  2.5506E+05  1.2063E+05  1.0613E+06  1.2544E+06 -1.1028E-10 -3.9424E-13  2.3541E+07 -1.4649E+04 -6.6729E+00  1.9667E-01
     0.350980
  3.1542E+05  1.4918E+05  1.3124E+06  1.5513E+06  1.2734E-09 -8.4437E-13  2.9112E+07 -1.8116E+04 -8.5432E+00  2.4514E-01
     0.354200
  3.9006E+05  1.8448E+05  1.6230E+06  1.9184E+06  3.4974E-09 -1.1066E-12  3.6002E+07 -2.2403E+04 -1.0915E+01  3.0555E-01
     0.357420
  4.8237E+05  2.2813E+05  2.0071E+06  2.3724E+06 -2.8224E-10  3.8557E-13  4.4521E+07 -2.7705E+04 -1.3940E+01  3.8081E-01
     0.360640
  5.9652E+05  2.8212E+05  2.4820E+06  2.9338E+06 -1.5722E-09  6.7827E-13  5.5057E+07 -3.4261E+04 -1.7783E+01  4.7457E-01
     0.363860
  7.3768E+05  3.4888E+05  3.0694E+06  3.6281E+06 -2.8536E-09  1.5620E-12  6.8086E+07 -4.2368E+04 -2.2657E+01  5.9139E-01
     0.367080
  9.1225E+05  4.3144E+05  3.7957E+06  4.4867E+06  1.7295E-11 -1.9206E-12  8.4199E+07 -5.2395E+04 -2.8837E+01  7.3693E-01
     0.370300
  1.1281E+06  5.3354E+05  4.6940E+06  5.5484E+06  9.7569E-09 -4.3824E-13  1.0412E+08 -6.4794E+04 -3.6668E+01  9.1824E-01
     0.373520
  1.3951E+06  6.5980E+05  5.8048E+06  6.8614E+06  6.9256E-09 -4.4329E-12  1.2876E+08 -8.0127E+04 -4.6589E+01  1.1441E+00
     0.376740
  1.7252E+06  8.1594E+05  7.1785E+06  8.4851E+06  2.9780E-09  3.6793E-12  1.5924E+08 -9.9088E+04 -5.9158E+01  1.4255E+00
     0.379960
  2.1335E+06  1.0090E+06  8.8772E+06  1.0493E+07 -5.0461E-10 -5.1645E-12  1.9692E+08 -1.2254E+05 -7.5061E+01  1.7759E+00
     0.383180
  2.6384E+06  1.2478E+06  1.0978E+07  1.2976E+07 -8.9351E-09 -4.5720E-12  2.4352E+08 -1.5153E+05 -9.5210E+01  2.2125E+00
     0.386400
  3.2627E+06  1.5431E+06  1.3576E+07  1.6047E+07  1.3813E-09  1.3029E-11  3.0114E+08 -1.8739E+05 -1.2070E+02  2.7560E+00
     0.389620
  4.0349E+06  1.9083E+06  1.6788E+07  1.9844E+07  6.6553E-09  3.5272E-12  3.7241E+08 -2.3174E+05 -1.5291E+02  3.4330E+00
     0.392840
  4.9897E+06  2.3598E+06  2.0761E+07  2.4540E+07 -1.3653E-08 -6.3253E-12  4.6054E+08 -2.8658E+05 -1.9359E+02  4.2760E+00
     0.396060
  6.1705E+06  2.9183E+06  2.5674E+07  3.0348E+07  3.7641E-08 -9.9637E-13  5.6952E+08 -3.5440E+05 -2.4496E+02  5.3258E+00
     0.399280
  7.6307E+06  3.6089E+06  3.1750E+07  3.7530E+07 -8.0508E-08  2.2087E-11  7.0430E+08 -4.3827E+05 -3.0982E+02  6.6330E+00
     0.402500
  9.4364E+06  4.4629E+06  3.9264E+07  4.6411E+07  2.9760E-08  9.5767E-12  8.7096E+08 -5.4198E+05 -3.9166E+02  8.2605E+00
     0.405720
  1.1670E+07  5.5190E+06  4.8555E+07  5.7394E+07 -1.9397E-08 -3.7634E-12  1.0771E+09 -6.7024E+05 -4.9480E+02  1.0287E+01
     0.408940
  1.4431E+07  6.8251E+06  6.0046E+07  7.0975E+07  1.4353E-08 -3.1374E-11  1.3320E+09 -8.2884E+05 -6.2480E+02  1.2810E+01
     0.412160
  1.7846E+07  8.4402E+06  7.4255E+07  8.7771E+07 -1.0402E-08 -5.4597E-11  1.6472E+09 -1.0250E+06 -7.8863E+02  1.5952E+01
     0.415380
  2.2069E+07  1.0438E+07  9.1827E+07  1.0854E+08  2.8146E-08  5.0237E-12  2.0369E+09 -1.2675E+06 -9.9500E+02  1.9862E+01
     0.418600
  2.7292E+07  1.2908E+07  1.1356E+08  1.3423E+08  9.4065E-08 -1.4571E-10  2.5190E+09 -1.5675E+06 -1.2549E+03  2.4731E+01
     0.421820
  3.3750E+07  1.5962E+07  1.4043E+08  1.6599E+08  9.8336E-09 -1.5644E-11  3.1151E+09 -1.9384E+06 -1.5822E+03  3.0792E+01
     0.425040
  4.1737E+07  1.9739E+07  1.7366E+08  2.0527E+08 -2.3186E-07 -2.3338E-10  3.8523E+09 -2.3972E+06 -1.9942E+03  3.8335E+01
     0.428260
  5.1614E+07  2.4411E+07  2.1476E+08  2.5385E+08  4.8732E-08 -1.4186E-11  4.7639E+09 -2.9644E+06 -2.5123E+03  4.7726E+01
     0.431480
  6.3828E+07  3.0187E+07  2.6558E+08  3.1392E+08  1.5224E-09  4.0343E-11  5.8912E+09 -3.6660E+06 -3.1641E+03  5.9414E+01
     0.434700
  7.8933E+07  3.7331E+07  3.2843E+08  3.8821E+08 -4.6146E-08 -3.3144E-11  7.2854E+09 -4.5335E+06 -3.9839E+03  7.3960E+01
     0.437920
  9.7612E+07  4.6165E+07  4.0615E+08  4.8008E+08  3.5821E-07 -1.1444E-10  9.0094E+09 -5.6063E+06 -5.0144E+03  9.2064E+01
     0.441140
  1.2071E+08  5.7090E+07  5.0226E+08  5.9369E+08  7.5048E-07 -7.5411E-11  1.1141E+10 -6.9330E+06 -6.3093E+03  1.1459E+02
     0.444360
  1.4928E+08  7.0600E+07  6.2112E+08  7.3418E+08 -8.2754E-07 -3.3063E-10  1.3778E+10 -8.5737E+06 -7.9365E+03  1.4263E+02
     0.447580
  1.8460E+08  8.7307E+07  7.6811E+08  9.0792E+08 -8.6263E-07 -1.8783E-10  1.7038E+10 -1.0603E+07 -9.9804E+03  1.7753E+02
     0.450800
  2.2829E+08  1.0797E+08  9.4988E+08  1.1228E+09 -6.5592E-07  1.1743E-11  2.1071E+10 -1.3112E+07 -1.2547E+04  2.2094E+02
     0.454020
  2.8231E+08  1.3352E+08  1.1747E+09  1.3885E+09  1.0874E-06 -2.7017E-10  2.6057E+10 -1.6214E+07 -1.5770E+04  2.7497E+02
     0.457240
  3.4912E+08  1.6511E+08  1.4526E+09  1.7171E+09 -1.7048E-06  2.6288E-11  3.2223E+10 -2.0052E+07 -1.9816E+04  3.4219E+02
     0.460460
  4.3174E+08  2.0419E+08  1.7964E+09  2.1234E+09  2.1424E-06  1.9684E-09  3.9848E+10 -2.4797E+07 -2.4893E+04  4.2583E+02
     0.463680
  5.3391E+08  2.5251E+08  2.2215E+09  2.6259E+09 -8.7928E-07  1.2592E-09  4.9278E+10 -3.0665E+07 -3.1263E+04  5.2989E+02
     0.466900
  6.6025E+08  3.1226E+08  2.7472E+09  3.2473E+09  1.0473E-07  1.1089E-09  6.0940E+10 -3.7921E+07 -3.9255E+04  6.5936E+02
     0.470120
  8.1650E+08  3.8616E+08  3.3973E+09  4.0157E+09 -6.4220E-06 -4.5693E-10  7.5361E+10 -4.6895E+07 -4.9278E+04  8.2042E+02
     0.473340
  1.0097E+09  4.7754E+08  4.2013E+09  4.9660E+09 -1.3594E-06  2.6157E-09  9.3195E+10 -5.7993E+07 -6.1847E+04  1.0208E+03
     0.476560
  1.2487E+09  5.9055E+08  5.1955E+09  6.1412E+09 -2.7136E-06 -2.8353E-09  1.1525E+11 -7.1716E+07 -7.7604E+04  1.2701E+03
     0.479780
  1.5441E+09  7.3030E+08  6.4250E+09  7.5945E+09 -4.0218E-06 -3.6087E-09  1.4252E+11 -8.8688E+07 -9.7356E+04  1.5801E+03
     0.483000
  1.9096E+09  9.0312E+08  7.9454E+09  9.3917E+09 -2.4136E-06 -4.8865E-09  1.7625E+11 -1.0968E+08 -1.2211E+05  1.9658E+03
     0.486220
  2.3615E+09  1.1168E+09  9.8257E+09  1.1614E+10  7.2867E-06 -3.7833E-09  2.1796E+11 -1.3563E+08 -1.5313E+05  2.4456E+03
     0.489440
  2.9203E+09  1.3811E+09  1.2151E+10  1.4363E+10 -5.3819E-06  2.1125E-10  2.6954E+11 -1.6773E+08 -1.9199E+05  3.0423E+03
     0.492660
  3.6114E+09  1.7080E+09  1.5026E+10  1.7761E+10 -1.0299E-06  8.3131E-09  3.3332E+11 -2.0742E+08 -2.4066E+05  3.7845E+03
     0.495880
  4.4660E+09  2.1122E+09  1.8582E+10  2.1965E+10 -7.3469E-06 -5.6010E-09  4.1220E+11 -2.5650E+08 -3.0163E+05  4.7076E+03
     0.499100
  5.5228E+09  2.6120E+09  2.2980E+10  2.7162E+10  2.1050E-06  2.2982E-09  5.0974E+11 -3.1720E+08 -3.7797E+05  5.8557E+03
     0.502320
  6.8297E+09  3.2301E+09  2.8418E+10  3.3590E+10 -8.0810E-06 -3.4044E-09  6.3037E+11 -3.9226E+08 -4.7355E+05  7.2835E+03
     0.505540
  8.4460E+09  3.9945E+09  3.5143E+10  4.1539E+10 -1.0863E-06  1.4253E-08  7.7955E+11 -4.8509E+08 -5.9320E+05  9.0592E+03
     0.508760
  1.0445E+10  4.9398E+09  4.3459E+10  5.1369E+10 -5.1797E-05  1.1162E-08  9.6402E+11 -5.9989E+08 -7.4296E+05  1.1267E+04
     0.511980
  1.2916E+10  6.1087E+09  5.3743E+10  6.3526E+10 -1.1302E-05 -1.3281E-08  1.1922E+12 -7.4185E+08 -9.3038E+05  1.4013E+04
     0.515200
  1.5973E+10  7.5543E+09  6.6461E+10  7.8559E+10 -8.6215E-05  7.9568E-09  1.4743E+12 -9.1740E+08 -1.1649E+06  1.7428E+04
     0.518420
  1.9753E+10  9.3420E+09  8.2189E+10  9.7149E+10  7.6779E-05 -4.1086E-08  1.8231E+12 -1.1345E+09 -1.4583E+06  2.1674E+04
     0.521640
  2.4427E+10  1.1553E+10  1.0164E+11  1.2014E+11 -3.8196E-05  1.0319E-07  2.2546E+12 -1.4030E+09 -1.8253E+06  2.6953E+04
     0.524860
  3.0208E+10  1.4287E+10  1.2569E+11  1.4857E+11 -1.8168E-04 -6.3370E-08  2.7881E+12 -1.7350E+09 -2.2844E+06  3.3518E+04
     0.528080
  3.7356E+10  1.7668E+10  1.5544E+11  1.8373E+11  3.2253E-05  5.7294E-09  3.4479E+12 -2.1456E+09 -2.8586E+06  4.1680E+04
     0.531300
  4.6197E+10  2.1848E+10  1.9222E+11  2.2721E+11 -2.3806E-04  8.5019E-08  4.2639E+12 -2.6533E+09 -3.5766E+06  5.1828E+04
     0.534520
  5.7129E+10  2.7019E+10  2.3771E+11  2.8097E+11 -1.8394E-04  4.3617E-08  5.2729E+12 -3.2812E+09 -4.4743E+06  6.4445E+04
     0.537740
  7.0648E+10  3.3413E+10  2.9396E+11  3.4746E+11  2.5749E-04  1.2135E-09  6.5207E+12 -4.0577E+09 -5.5966E+06  8.0131E+04
     0.540960
  8.7367E+10  4.1320E+10  3.6352E+11  4.2969E+11  6.7218E-04  2.6342E-07  8.0638E+12 -5.0179E+09 -6.9994E+06  9.9632E+04
     0.544180
  1.0804E+11  5.1098E+10  4.4955E+11  5.3137E+11  4.1318E-04 -2.9175E-08  9.9720E+12 -6.2053E+09 -8.7529E+06  1.2388E+05
     0.547400
  1.3361E+11  6.3190E+10  5.5593E+11  6.5712E+11  2.8160E-05 -4.8642E-07  1.2332E+13 -7.6738E+09 -1.0944E+07  1.5401E+05
     0.550620
  1.6523E+11  7.8143E+10  6.8749E+11  8.1263E+11 -1.1580E-03 -1.0505E-07  1.5250E+13 -9.4898E+09 -1.3683E+07  1.9148E+05
     0.553840
  2.0433E+11  9.6635E+10  8.5018E+11  1.0049E+12 -2.0971E-04 -9.4901E-09  1.8859E+13 -1.1735E+10 -1.7104E+07  2.3805E+05
     0.557060
  2.5268E+11  1.1950E+11  1.0514E+12  1.2427E+12  1.5351E-03 -7.0887E-07  2.3322E+13 -1.4513E+10 -2.1379E+07  2.9594E+05
     0.560280
  3.1248E+11  1.4778E+11  1.3002E+12  1.5368E+12 -7.8381E-04 -9.4251E-08  2.8841E+13 -1.7947E+10 -2.6718E+07  3.6790E+05
     0.563500
  3.8642E+11  1.8276E+11  1.6078E+12  1.9005E+12  1.7887E-03  1.1828E-06  3.5666E+13 -2.2194E+10 -3.3388E+07  4.5734E+05
     0.566720
  4.7787E+11  2.2600E+11  1.9883E+12  2.3503E+12  1.6966E-03 -4.6615E-07  4.4106E+13 -2.7446E+10 -4.1719E+07  5.6851E+05
     0.569940
  5.9095E+11  2.7949E+11  2.4589E+12  2.9064E+12 -3.0968E-04  2.2331E-06  5.4543E+13 -3.3941E+10 -5.2122E+07  7.0669E+05
     0.573160
  7.3080E+11  3.4563E+11  3.0407E+12  3.5942E+12 -4.7610E-03 -4.7476E-07  6.7451E+13 -4.1973E+10 -6.5113E+07  8.7843E+05
     0.576380
  9.0373E+11  4.2742E+11  3.7603E+12  4.4448E+12 -2.2819E-03 -1.4901E-06  8.3413E+13 -5.1906E+10 -8.1333E+07  1.0919E+06
     0.579600
  1.1176E+12  5.2856E+11  4.6502E+12  5.4966E+12  2.0727E-03  3.8744E-07  1.0315E+14 -6.4189E+10 -1.0158E+08  1.3572E+06
     0.582820
  1.3821E+12  6.5364E+11  5.7506E+12  6.7974E+12 -1.2581E-03 -6.0755E-06  1.2756E+14 -7.9379E+10 -1.2687E+08  1.6868E+06
     0.586040
  1.7091E+12  8.0833E+11  7.1115E+12  8.4059E+12  1.3035E-02 -1.6597E-06  1.5775E+14 -9.8164E+10 -1.5842E+08  2.0965E+06
     0.589260
  2.1136E+12  9.9961E+11  8.7944E+12  1.0395E+13  1.4568E-03 -2.9309E-06  1.9508E+14 -1.2139E+11 -1.9781E+08  2.6057E+06
     0.592480
  2.6138E+12  1.2362E+12  1.0876E+13  1.2855E+13  3.6255E-03  6.0694E-06  2.4124E+14 -1.5012E+11 -2.4697E+08  3.2384E+06
     0.595700
  3.2323E+12  1.5287E+12  1.3449E+13  1.5897E+13 -2.7181E-02  5.2636E-06  2.9833E+14 -1.8565E+11 -3.0832E+08  4.0247E+06
     0.598920
  3.9972E+12  1.8905E+12  1.6632E+13  1.9659E+13 -2.0542E-02 -9.7279E-06  3.6893E+14 -2.2958E+11 -3.8487E+08  5.0018E+06
     0.602140
  4.9431E+12  2.3378E+12  2.0568E+13  2.4311E+13  2.1685E-02  5.2830E-06  4.5624E+14 -2.8391E+11 -4.8039E+08  6.2159E+06
     0.605360
  6.1129E+12  2.8911E+12  2.5435E+13  3.0065E+13  2.8781E-02  8.9279E-06  5.6421E+14 -3.5109E+11 -5.9956E+08  7.7245E+06
     0.608580
  7.5595E+12  3.5752E+12  3.1454E+13  3.7179E+13  1.5721E-02  2.4412E-05  6.9772E+14 -4.3418E+11 -7.4823E+08  9.5991E+06
     0.611800
  9.3484E+12  4.4213E+12  3.8897E+13  4.5978E+13 -2.0441E-02  1.7516E-05  8.6284E+14 -5.3692E+11 -9.3370E+08  1.1928E+07
     0.615020
  1.1561E+13  5.4675E+12  4.8102E+13  5.6858E+13 -1.5661E-02  2.0442E-05  1.0670E+15 -6.6398E+11 -1.1650E+09  1.4822E+07
     0.618240
  1.4296E+13  6.7614E+12  5.9485E+13  7.0313E+13 -1.0230E-01  7.9271E-06  1.3195E+15 -8.2111E+11 -1.4536E+09  1.8418E+07
     0.621460
  1.7680E+13  8.3615E+12  7.3562E+13  8.6952E+13 -2.2441E-02 -3.5538E-05  1.6318E+15 -1.0154E+12 -1.8134E+09  2.2885E+07
     0.624680
  2.1863E+13  1.0340E+13  9.0970E+13  1.0753E+14  6.6941E-02  5.8876E-05  2.0179E+15 -1.2557E+12 -2.2622E+09  2.8436E+07
     0.627900
  2.7037E+13  1.2787E+13  1.1250E+14  1.3298E+14 -3.0385E-02 -5.8507E-05  2.4955E+15 -1.5529E+12 -2.8219E+09  3.5332E+07
     0.631120
  3.3435E+13  1.5813E+13  1.3912E+14  1.6444E+14 -8.8988E-02 -5.5916E-05  3.0860E+15 -1.9204E+12 -3.5197E+09  4.3899E+07
     0.634340
  4.1348E+13  1.9555E+13  1.7204E+14  2.0336E+14 -2.9002E-01 -9.5374E-05  3.8163E+15 -2.3748E+12 -4.3897E+09  5.4542E+07
     0.637560
  5.1132E+13  2.4183E+13  2.1276E+14  2.5148E+14  7.5254E-03 -1.1630E-04  4.7194E+15 -2.9368E+12 -5.4745E+09  6.7765E+07
     0.640780
  6.3233E+13  2.9906E+13  2.6310E+14  3.1099E+14 -2.4124E-01 -8.0525E-06  5.8362E+15 -3.6318E+12 -6.8268E+09  8.4190E+07
     0.644000
  7.8196E+13  3.6983E+13  3.2536E+14  3.8459E+14 -4.6527E-01  4.4557E-04  7.2174E+15 -4.4912E+12 -8.5125E+09  1.0460E+08
     0.647220
  9.6701E+13  4.5734E+13  4.0236E+14  4.7560E+14  2.0672E-01 -1.6928E-05  8.9253E+15 -5.5540E+12 -1.0614E+10  1.2994E+08
     0.650440
  1.1959E+14  5.6557E+13  4.9758E+14  5.8815E+14 -4.3577E-01  2.2535E-04  1.1037E+16 -6.8683E+12 -1.3233E+10  1.6143E+08
     0.653660
  1.4788E+14  6.9941E+13  6.1533E+14  7.2733E+14 -7.2242E-01  1.8577E-04  1.3649E+16 -8.4937E+12 -1.6497E+10  2.0054E+08
     0.656880
  1.8288E+14  8.6492E+13  7.6094E+14  8.9945E+14  3.1529E-01 -2.9339E-04  1.6879E+16 -1.0504E+13 -2.0566E+10  2.4913E+08
     0.660100
  2.2616E+14  1.0696E+14  9.4101E+14  1.1123E+15  3.9291E-01  6.3633E-04  2.0874E+16 -1.2989E+13 -2.5636E+10  3.0948E+08
     0.663320
  2.7968E+14  1.3227E+14  1.1637E+15  1.3755E+15 -2.2971E-01 -5.1637E-04  2.5814E+16 -1.6063E+13 -3.1953E+10  3.8444E+08
     0.666540
  3.4586E+14  1.6357E+14  1.4391E+15  1.7010E+15 -6.0725E-02  1.7311E-04  3.1922E+16 -1.9864E+13 -3.9826E+10  4.7754E+08
     0.669760
  4.2771E+14  2.0228E+14  1.7796E+15  2.1036E+15  1.0090E+00 -1.4839E-03  3.9477E+16 -2.4565E+13 -4.9634E+10  5.9319E+08
     0.672980
  5.2892E+14  2.5015E+14  2.2008E+15  2.6014E+15 -1.8767E+00  8.8441E-04  4.8818E+16 -3.0379E+13 -6.1855E+10  7.3682E+08
     0.676200
  6.5409E+14  3.0935E+14  2.7216E+15  3.2170E+15 -4.8070E-01  1.4391E-03  6.0371E+16 -3.7567E+13 -7.7080E+10  9.1522E+08
     0.679420
  8.0888E+14  3.8255E+14  3.3656E+15  3.9783E+15 -1.7656E+00 -4.6739E-03  7.4658E+16 -4.6458E+13 -9.6048E+10  1.1368E+09
     0.682640
  1.0003E+15  4.7308E+14  4.1621E+15  4.9197E+15  5.7475E+00  1.8188E-03  9.2325E+16 -5.7452E+13 -1.1968E+11  1.4120E+09
     0.685860
  1.2370E+15  5.8504E+14  5.1470E+15  6.0839E+15  1.1068E+01  1.4912E-03  1.1417E+17 -7.1047E+13 -1.4911E+11  1.7537E+09
     0.689080
  1.5297E+15  7.2348E+14  6.3650E+15  7.5236E+15  2.5084E+00  2.4281E-03  1.4119E+17 -8.7860E+13 -1.8577E+11  2.1782E+09
     0.692300
  1.8917E+15  8.9469E+14  7.8713E+15  9.3041E+15 -8.0877E+00 -1.3862E-03  1.7460E+17 -1.0865E+14 -2.3143E+11  2.7053E+09
     0.695520
  2.3394E+15  1.1064E+15  9.7340E+15  1.1506E+16 -2.0187E+01 -4.1820E-03  2.1592E+17 -1.3436E+14 -2.8829E+11  3.3599E+09
     0.698740
  2.8930E+15  1.3682E+15  1.2038E+16  1.4229E+16  2.1143E+01  8.7617E-03  2.6702E+17 -1.6616E+14 -3.5912E+11  4.1728E+09
     0.701960
  3.5776E+15  1.6920E+15  1.4886E+16  1.7596E+16  1.0169E+01  3.4492E-03  3.3021E+17 -2.0548E+14 -4.4731E+11  5.1823E+09
     0.705180
  4.4243E+15  2.0924E+15  1.8409E+16  2.1760E+16  2.7063E+01  5.9776E-03  4.0835E+17 -2.5411E+14 -5.5714E+11  6.4360E+09
     0.708400
  5.4713E+15  2.5876E+15  2.2765E+16  2.6909E+16 -6.4461E-01 -1.2357E-02  5.0499E+17 -3.1424E+14 -6.9390E+11  7.9927E+09
     0.711620
  6.7660E+15  3.2000E+15  2.8152E+16  3.3277E+16 -1.8113E+01 -1.9673E-02  6.2449E+17 -3.8860E+14 -8.6419E+11  9.9258E+09
     0.714840
  8.3672E+15  3.9572E+15  3.4815E+16  4.1152E+16 -3.5470E+01  2.9714E-02  7.7227E+17 -4.8057E+14 -1.0762E+12  1.2326E+10
     0.718060
  1.0347E+16  4.8937E+15  4.3053E+16  5.0890E+16  2.2609E+01 -3.9423E-03  9.5503E+17 -5.9429E+14 -1.3402E+12  1.5307E+10
     0.721280
  1.2796E+16  6.0517E+15  5.3242E+16  6.2933E+16  2.0277E+01 -1.7876E-03  1.1810E+18 -7.3492E+14 -1.6688E+12  1.9008E+10
     0.724500
  1.5824E+16  7.4838E+15  6.5841E+16  7.7826E+16  1.1228E+02 -6.0730E-03  1.4605E+18 -9.0884E+14 -2.0780E+12  2.3604E+10
     0.727720
  1.9569E+16  9.2548E+15  8.1422E+16  9.6243E+16  5.3937E+01 -5.4147E-04  1.8061E+18 -1.1239E+15 -2.5873E+12  2.9310E+10
     0.730940
  2.4199E+16  1.1445E+16  1.0069E+17  1.1902E+17  3.2834E+00 -5.7383E-03  2.2335E+18 -1.3899E+15 -3.2213E+12  3.6396E+10
     0.734160
  2.9926E+16  1.4153E+16  1.2452E+17  1.4718E+17 -3.2383E+01  8.2972E-03  2.7621E+18 -1.7188E+15 -4.0105E+12  4.5193E+10
     0.737380
  3.7008E+16  1.7503E+16  1.5398E+17  1.8201E+17  2.2739E+00  2.5902E-02  3.4157E+18 -2.1255E+15 -4.9928E+12  5.6115E+10
     0.740600
  4.5765E+16  2.1645E+16  1.9042E+17  2.2509E+17 -1.5543E+02 -1.5897E-01  4.2241E+18 -2.6285E+15 -6.2154E+12  6.9677E+10
     0.743820
  5.6596E+16  2.6767E+16  2.3549E+17  2.7835E+17  6.3674E+01  2.1177E-01  5.2237E+18 -3.2506E+15 -7.7371E+12  8.6514E+10
     0.747040
  6.9989E+16  3.3101E+16  2.9121E+17  3.4422E+17  7.0889E+01 -1.5745E-02  6.4598E+18 -4.0198E+15 -9.6309E+12  1.0742E+11
     0.750260
  8.6551E+16  4.0934E+16  3.6013E+17  4.2568E+17 -4.8090E+02 -2.0671E-01  7.9885E+18 -4.9710E+15 -1.1988E+13  1.3337E+11
     0.753480
  1.0703E+17  5.0621E+16  4.4535E+17  5.2641E+17 -1.8317E+02 -1.6968E-01  9.8789E+18 -6.1474E+15 -1.4921E+13  1.6559E+11
     0.756700
  1.3236E+17  6.2600E+16  5.5074E+17  6.5099E+17  4.0934E+02 -3.2327E-02  1.2217E+19 -7.6022E+15 -1.8570E+13  2.0560E+11
     0.759920
  1.6368E+17  7.7414E+16  6.8107E+17  8.0504E+17  1.4672E+02  4.6893E-01  1.5108E+19 -9.4012E+15 -2.3112E+13  2.5526E+11
     0.763140
  2.0242E+17  9.5734E+16  8.4224E+17  9.9555E+17  2.9054E+01  8.1117E-01  1.8683E+19 -1.1626E+16 -2.8763E+13  3.1691E+11
     0.766360
  2.5032E+17  1.1839E+17  1.0416E+18  1.2311E+18 -2.2941E+01  1.1038E+00  2.3104E+19 -1.4377E+16 -3.5795E+13  3.9345E+11
     0.769580
  3.0956E+17  1.4640E+17  1.2880E+18  1.5225E+18 -5.8468E+02 -7.7113E-01  2.8572E+19 -1.7779E+16 -4.4544E+13  4.8847E+11
     0.772800
  3.8281E+17  1.8105E+17  1.5928E+18  1.8828E+18  1.3639E+02 -5.6595E-01  3.5333E+19 -2.1987E+16 -5.5429E+13  6.0642E+11
     0.776020
  4.7341E+17  2.2390E+17  1.9698E+18  2.3283E+18 -3.8901E+03  4.4073E-01  4.3694E+19 -2.7190E+16 -6.8971E+13  7.5284E+11
     0.779240
  5.8543E+17  2.7688E+17  2.4359E+18  2.8793E+18 -1.3694E+03  1.7915E-01  5.4034E+19 -3.3624E+16 -8.5818E+13  9.3461E+11
     0.782460
  7.2398E+17  3.4240E+17  3.0124E+18  3.5607E+18  6.5212E+02 -3.3851E-01  6.6821E+19 -4.1581E+16 -1.0678E+14  1.1602E+12
     0.785680
  8.9530E+17  4.2343E+17  3.7252E+18  4.4033E+18  1.4241E+03  4.5004E+00  8.2634E+19 -5.1421E+16 -1.3285E+14  1.4403E+12
     0.788900
  1.1072E+18  5.2363E+17  4.6068E+18  5.4453E+18 -1.4054E+04  4.7679E+00  1.0219E+20 -6.3590E+16 -1.6528E+14  1.7880E+12
     0.792120
  1.3692E+18  6.4754E+17  5.6970E+18  6.7339E+18 -4.7390E+03 -2.7173E+00  1.2637E+20 -7.8638E+16 -2.0562E+14  2.2195E+12
     0.795340
  1.6932E+18  8.0078E+17  7.0451E+18  8.3275E+18  2.9244E+03 -3.9899E+00  1.5628E+20 -9.7247E+16 -2.5581E+14  2.7552E+12
     0.798560
  2.0939E+18  9.9028E+17  8.7123E+18  1.0298E+19  4.5236E+03  1.8800E+00  1.9326E+20 -1.2026E+17 -3.1822E+14  3.4201E+12
     0.801780
  2.5894E+18  1.2246E+18  1.0774E+19  1.2735E+19 -6.6425E+03  2.6096E+00  2.3899E+20 -1.4872E+17 -3.9585E+14  4.2454E+12
     0.805000
  3.2021E+18  1.5144E+18  1.3324E+19  1.5749E+19 -2.9701E+03 -1.3033E+00  2.9555E+20 -1.8391E+17 -4.9241E+14  5.2698E+12
     0.808220
  3.9599E+18  1.8728E+18  1.6477E+19  1.9476E+19  3.2775E+04  7.2005E+00  3.6549E+20 -2.2744E+17 -6.1249E+14  6.5413E+12
     0.811440
  4.8970E+18  2.3160E+18  2.0376E+19  2.4085E+19  4.2604E+04  1.0057E+01  4.5198E+20 -2.8126E+17 -7.6183E+14  8.1195E+12
     0.814660
  6.0558E+18  2.8641E+18  2.5198E+19  2.9784E+19 -4.8130E+04 -1.8915E+01  5.5894E+20 -3.4782E+17 -9.4755E+14  1.0078E+13
     0.817880
  7.4889E+18  3.5419E+18  3.1160E+19  3.6832E+19 -8.7976E+00 -4.7571E+00  6.9121E+20 -4.3012E+17 -1.1785E+15  1.2509E+13
     0.821100
  9.2611E+18  4.3800E+18  3.8534E+19  4.5549E+19  8.3825E+03 -2.0659E+01  8.5478E+20 -5.3191E+17 -1.4657E+15  1.5527E+13
     0.824320
  1.1453E+19  5.4165E+18  4.7653E+19  5.6327E+19 -4.1211E+04 -2.2801E+01  1.0571E+21 -6.5778E+17 -1.8229E+15  1.9272E+13
     0.827540
  1.4163E+19  6.6983E+18  5.8930E+19  6.9657E+19  2.8490E+03  3.7184E+01  1.3072E+21 -8.1345E+17 -2.2670E+15  2.3919E+13
     0.830760
  1.7515E+19  8.2834E+18  7.2876E+19  8.6141E+19  3.7477E+04 -1.3503E+01  1.6166E+21 -1.0059E+18 -2.8192E+15  2.9688E+13
     0.833980
  2.1659E+19  1.0244E+19  9.0121E+19  1.0653E+20  1.1114E+05 -2.9276E+01  1.9991E+21 -1.2440E+18 -3.5058E+15  3.6847E+13
     0.837200
  2.6785E+19  1.2668E+19  1.1145E+20  1.3173E+20  4.4822E+04  8.8189E+01  2.4722E+21 -1.5384E+18 -4.3594E+15  4.5731E+13
     0.840420
  3.3123E+19  1.5666E+19  1.3782E+20  1.6291E+20 -6.7046E+04  5.3203E+01  3.0572E+21 -1.9024E+18 -5.4208E+15  5.6757E+13
     0.843640
  4.0962E+19  1.9373E+19  1.7044E+20  2.0146E+20  1.8478E+05 -1.5780E+02  3.7807E+21 -2.3526E+18 -6.7404E+15  7.0441E+13
     0.846860
  5.0655E+19  2.3957E+19  2.1077E+20  2.4913E+20  1.5028E+04  4.9836E+01  4.6754E+21 -2.9094E+18 -8.3810E+15  8.7423E+13
     0.850080
  6.2643E+19  2.9627E+19  2.6065E+20  3.0809E+20  3.4596E+05  2.1982E+01  5.7818E+21 -3.5979E+18 -1.0421E+16  1.0850E+14
     0.853300
  7.7467E+19  3.6637E+19  3.2233E+20  3.8100E+20  6.6307E+05  2.6463E+02  7.1500E+21 -4.4493E+18 -1.2956E+16  1.3465E+14
     0.856520
  9.5799E+19  4.5308E+19  3.9861E+20  4.7116E+20 -4.0838E+04 -2.4635E+02  8.8420E+21 -5.5022E+18 -1.6108E+16  1.6710E+14
     0.859740
  1.1847E+20  5.6029E+19  4.9293E+20  5.8266E+20 -2.5389E+05  2.6141E+02  1.0934E+22 -6.8042E+18 -2.0027E+16  2.0738E+14
     0.862960
  1.4650E+20  6.9288E+19  6.0958E+20  7.2054E+20  4.7641E+05 -1.2868E+01  1.3522E+22 -8.4144E+18 -2.4897E+16  2.5736E+14
     0.866180
  1.8117E+20  8.5685E+19  7.5384E+20  8.9106E+20  3.7479E+04  3.7593E+01  1.6722E+22 -1.0406E+19 -3.0952E+16  3.1938E+14
     0.869400
  2.2405E+20  1.0596E+20  9.3223E+20  1.1019E+21  9.8959E+04  6.8278E+02  2.0679E+22 -1.2868E+19 -3.8478E+16  3.9634E+14
     0.872620
  2.7707E+20  1.3104E+20  1.1528E+21  1.3627E+21  2.1588E+06  3.7239E+02  2.5573E+22 -1.5913E+19 -4.7832E+16  4.9183E+14
     0.875840
  3.4263E+20  1.6205E+20  1.4257E+21  1.6852E+21 -4.6809E+05  2.1454E+02  3.1624E+22 -1.9679E+19 -5.9459E+16  6.1033E+14
     0.879060
  4.2372E+20  2.0039E+20  1.7630E+21  2.0839E+21  7.1032E+05 -7.6808E+02  3.9108E+22 -2.4336E+19 -7.3911E+16  7.5738E+14
     0.882280
  5.2399E+20  2.4782E+20  2.1802E+21  2.5771E+21 -3.1811E+05  1.0189E+03  4.8363E+22 -3.0095E+19 -9.1872E+16  9.3984E+14
     0.885500
  6.4799E+20  3.0646E+20  2.6962E+21  3.1869E+21 -3.2393E+05  4.3975E+01  5.9808E+22 -3.7217E+19 -1.1420E+17  1.1662E+15
     0.888720
  8.0133E+20  3.7898E+20  3.3342E+21  3.9411E+21 -5.6375E+05 -1.7455E+03  7.3961E+22 -4.6024E+19 -1.4194E+17  1.4472E+15
     0.891940
  9.9096E+20  4.6867E+20  4.1232E+21  4.8738E+21  9.2413E+05  1.6027E+03  9.1463E+22 -5.6915E+19 -1.7642E+17  1.7957E+15
     0.895160
  1.2255E+21  5.7958E+20  5.0990E+21  6.0271E+21 -1.6403E+06  5.5833E+02  1.1311E+23 -7.0384E+19 -2.1927E+17  2.2282E+15
     0.898380
  1.5155E+21  7.1673E+20  6.3056E+21  7.4534E+21 -1.1008E+06 -5.2202E+03  1.3987E+23 -8.7040E+19 -2.7252E+17  2.7649E+15
     0.901600
  1.8741E+21  8.8634E+20  7.7978E+21  9.2172E+21 -1.4319E+05  2.5519E+03  1.7297E+23 -1.0764E+20 -3.3869E+17  3.4307E+15
     0.904820
  2.3176E+21  1.0961E+21  9.6432E+21  1.1398E+22  2.2997E+06 -4.2589E+03  2.1391E+23 -1.3311E+20 -4.2092E+17  4.2569E+15
     0.908040
  2.8660E+21  1.3555E+21  1.1925E+22  1.4096E+22  1.2402E+07  8.3608E+03  2.6453E+23 -1.6461E+20 -5.2310E+17  5.2819E+15
     0.911260
  3.5443E+21  1.6762E+21  1.4747E+22  1.7432E+22  3.7350E+06 -1.5214E+03  3.2713E+23 -2.0356E+20 -6.5008E+17  6.5537E+15
     0.914480
  4.3830E+21  2.0729E+21  1.8237E+22  2.1557E+22 -8.4603E+06  1.0599E+04  4.0454E+23 -2.5174E+20 -8.0785E+17  8.1316E+15
     0.917700
  5.4202E+21  2.5635E+21  2.2553E+22  2.6658E+22  1.6663E+07  2.4707E+03  5.0027E+23 -3.1131E+20 -1.0039E+18  1.0089E+16
     0.920920
  6.7029E+21  3.1701E+21  2.7890E+22  3.2966E+22 -2.3636E+07 -1.0405E+04  6.1866E+23 -3.8498E+20 -1.2475E+18  1.2518E+16
     0.924140
  8.2891E+21  3.9203E+21  3.4490E+22  4.0768E+22 -1.4428E+07  4.5985E+04  7.6506E+23 -4.7608E+20 -1.5501E+18  1.5532E+16
     0.927360
  1.0251E+22  4.8480E+21  4.2652E+22  5.0415E+22  1.8185E+05 -2.1879E+04  9.4611E+23 -5.8874E+20 -1.9262E+18  1.9270E+16
     0.930580
  1.2676E+22  5.9952E+21  5.2745E+22  6.2346E+22  6.5466E+07 -4.1221E+04  1.1700E+24 -7.2806E+20 -2.3934E+18  2.3909E+16
     0.933800
  1.5676E+22  7.4140E+21  6.5227E+22  7.7099E+22 -1.3780E+08 -2.0187E+04  1.4469E+24 -9.0036E+20 -2.9739E+18  2.9663E+16
     0.937020
  1.9386E+22  9.1685E+21  8.0662E+22  9.5344E+22 -8.6769E+07 -1.2151E+05  1.7893E+24 -1.1134E+21 -3.6950E+18  3.6802E+16
     0.940240
  2.3973E+22  1.1338E+22  9.9750E+22  1.1791E+23 -1.4366E+07 -2.1159E+04  2.2127E+24 -1.3769E+21 -4.5910E+18  4.5659E+16
     0.943460
  2.9647E+22  1.4021E+22  1.2336E+23  1.4581E+23 -2.9958E+07  2.5928E+03  2.7363E+24 -1.7027E+21 -5.7040E+18  5.6646E+16
     0.946680
  3.6662E+22  1.7339E+22  1.5255E+23  1.8031E+23  1.6983E+07 -4.1663E+04  3.3839E+24 -2.1057E+21 -7.0868E+18  7.0277E+16
     0.949900
  4.5338E+22  2.1443E+22  1.8865E+23  2.2299E+23  2.2425E+08  8.3966E+04  4.1846E+24 -2.6040E+21 -8.8045E+18  8.7187E+16
     0.953120
  5.6067E+22  2.6517E+22  2.3329E+23  2.7575E+23 -2.6619E+08  2.2983E+04  5.1749E+24 -3.2202E+21 -1.0938E+19  1.0817E+17
     0.956340
  6.9336E+22  3.2792E+22  2.8850E+23  3.4101E+23  7.3615E+07 -2.0348E+03  6.3995E+24 -3.9823E+21 -1.3589E+19  1.3419E+17
     0.959560
  8.5743E+22  4.0552E+22  3.5677E+23  4.2171E+23  3.5969E+08 -1.1255E+05  7.9139E+24 -4.9247E+21 -1.6882E+19  1.6647E+17
     0.962780
  1.0603E+23  5.0148E+22  4.4119E+23  5.2150E+23 -4.8653E+08 -2.3886E+05  9.7867E+24 -6.0900E+21 -2.0972E+19  2.0652E+17
     0.966000
  1.3113E+23  6.2016E+22  5.4560E+23  6.4491E+23 -1.1876E+09 -3.4053E+05  1.2103E+25 -7.5312E+21 -2.6053E+19  2.5620E+17
     0.969220
  1.6216E+23  7.6691E+22  6.7471E+23  7.9753E+23  4.2451E+08  2.8456E+05  1.4967E+25 -9.3134E+21 -3.2364E+19  3.1783E+17
     0.972440
  2.0053E+23  9.4840E+22  8.3438E+23  9.8626E+23  9.8411E+08 -6.6767E+04  1.8509E+25 -1.1517E+22 -4.0203E+19  3.9428E+17
     0.975660
  2.4799E+23  1.1728E+23  1.0318E+24  1.2197E+24  1.4836E+09  4.5177E+05  2.2889E+25 -1.4243E+22 -4.9940E+19  4.8911E+17
     0.978880
  3.0667E+23  1.4504E+23  1.2760E+24  1.5083E+24  6.6301E+08  5.2127E+05  2.8305E+25 -1.7614E+22 -6.2033E+19  6.0675E+17
     0.982100
  3.7924E+23  1.7936E+23  1.5780E+24  1.8652E+24 -3.1057E+08 -4.0450E+05  3.5003E+25 -2.1782E+22 -7.7054E+19  7.5267E+17
     0.985320
  4.6899E+23  2.2181E+23  1.9514E+24  2.3066E+24  4.4931E+09  1.5256E+06  4.3287E+25 -2.6936E+22 -9.5710E+19  9.3367E+17
     0.988540
  5.7997E+23  2.7429E+23  2.4132E+24  2.8524E+24  1.3805E+08 -2.5838E+06  5.3530E+25 -3.3310E+22 -1.1888E+20  1.1582E+18
     0.991760
  7.1722E+23  3.3921E+23  2.9842E+24  3.5275E+24 -4.5623E+08  1.2148E+06  6.6198E+25 -4.1193E+22 -1.4766E+20  1.4367E+18
     0.994980
  8.8694E+23  4.1948E+23  3.6905E+24  4.3622E+24 -5.6123E+08  4.4934E+06  8.1863E+25 -5.0941E+22 -1.8340E+20  1.7821E+18
     0.998200
  1.0968E+24  5.1874E+23  4.5638E+24  5.3945E+24  1.1843E+09 -3.5111E+06  1.0124E+26 -6.2996E+22 -2.2778E+20  2.2106E+18
     1.001420
  1.3564E+24  6.4150E+23  5.6438E+24  6.6711E+24  1.5162E+09 -1.4941E+06  1.2519E+26 -7.7904E+22 -2.8290E+20  2.7421E+18
     1.004640
  1.6774E+24  7.9331E+23  6.9794E+24  8.2498E+24 -9.2491E+09  1.0406E+06  1.5482E+26 -9.6340E+22 -3.5135E+20  3.4014E+18
     1.007860
  2.0743E+24  9.8104E+23  8.6310E+24  1.0202E+25 -5.1613E+09  1.6137E+06  1.9146E+26 -1.1914E+23 -4.3636E+20  4.2191E+18
     1.011080
  2.5652E+24  1.2132E+24  1.0673E+25  1.2616E+25  1.6585E+10 -2.0886E+06  2.3676E+26 -1.4733E+23 -5.4193E+20  5.2333E+18
     1.014300
  3.1722E+24  1.5003E+24  1.3199E+25  1.5602E+25 -1.5105E+09 -1.9068E+06  2.9279E+26 -1.8220E+23 -6.7303E+20  6.4913E+18
     1.017520
  3.9229E+24  1.8553E+24  1.6323E+25  1.9294E+25  1.4644E+10  1.5603E+06  3.6208E+26 -2.2531E+23 -8.3582E+20  8.0516E+18
     1.020740
  4.8513E+24  2.2944E+24  2.0186E+25  2.3860E+25 -1.7901E+10 -2.1781E+06  4.4776E+26 -2.7863E+23 -1.0380E+21  9.9869E+18
     1.023960
  5.9993E+24  2.8373E+24  2.4962E+25  2.9506E+25 -1.4821E+10 -1.5690E+07  5.5372E+26 -3.4457E+23 -1.2890E+21  1.2387E+19
     1.027180
  7.4190E+24  3.5088E+24  3.0870E+25  3.6489E+25  1.0901E+10  6.0976E+05  6.8476E+26 -4.2611E+23 -1.6007E+21  1.5364E+19
     1.030400
  9.1747E+24  4.3391E+24  3.8175E+25  4.5123E+25 -3.9010E+10 -3.1623E+07  8.4681E+26 -5.2695E+23 -1.9877E+21  1.9057E+19
     1.033620
  1.1346E+25  5.3660E+24  4.7209E+25  5.5802E+25  5.3117E+10  2.9505E+07  1.0472E+27 -6.5165E+23 -2.4683E+21  2.3636E+19
     1.036840
  1.4031E+25  6.6358E+24  5.8380E+25  6.9007E+25 -3.3132E+10 -1.6218E+07  1.2950E+27 -8.0585E+23 -3.0650E+21  2.9316E+19
     1.040060
  1.7351E+25  8.2061E+24  7.2196E+25  8.5337E+25  7.5957E+10  3.4615E+07  1.6015E+27 -9.9656E+23 -3.8059E+21  3.6361E+19
     1.043280
  2.1457E+25  1.0148E+25  8.9280E+25  1.0553E+26 -1.4417E+11 -5.9752E+07  1.9804E+27 -1.2324E+24 -4.7258E+21  4.5098E+19
     1.046500
  2.6535E+25  1.2550E+25  1.1041E+26  1.3050E+26 -1.8167E+10  5.9784E+07  2.4491E+27 -1.5240E+24 -5.8680E+21  5.5933E+19
     1.049720
  3.2814E+25  1.5519E+25  1.3654E+26  1.6139E+26  1.3753E+11 -3.5567E+07  3.0287E+27 -1.8847E+24 -7.2861E+21  6.9372E+19
     1.052940
  4.0580E+25  1.9192E+25  1.6885E+26  1.9958E+26  1.2593E+11 -9.7372E+06  3.7454E+27 -2.3307E+24 -9.0468E+21  8.6038E+19
     1.056160
  5.0182E+25  2.3734E+25  2.0880E+26  2.4681E+26 -2.2297E+11  1.5472E+08  4.6317E+27 -2.8822E+24 -1.1233E+22  1.0671E+20
     1.059380
  6.2058E+25  2.9350E+25  2.5821E+26  3.0522E+26  1.2381E+11  1.6575E+08  5.7278E+27 -3.5643E+24 -1.3947E+22  1.3234E+20
     1.062600
  7.6744E+25  3.6296E+25  3.1932E+26  3.7744E+26 -1.5594E+09  7.4969E+07  7.0833E+27 -4.4077E+24 -1.7316E+22  1.6413E+20
     1.065820
  9.4905E+25  4.4885E+25  3.9489E+26  4.6676E+26 -6.5513E+11 -1.5612E+08  8.7595E+27 -5.4508E+24 -2.1499E+22  2.0356E+20
     1.069040
  1.1736E+26  5.5506E+25  4.8833E+26  5.7722E+26 -3.8784E+11 -2.0090E+08  1.0832E+28 -6.7407E+24 -2.6692E+22  2.5245E+20
     1.072260
  1.4514E+26  6.8642E+25  6.0389E+26  7.1382E+26 -6.4650E+11  2.3454E+08  1.3396E+28 -8.3359E+24 -3.3139E+22  3.1309E+20
     1.075480
  1.7948E+26  8.4885E+25  7.4680E+26  8.8274E+26  5.7305E+11  2.9459E+08  1.6566E+28 -1.0309E+25 -4.1142E+22  3.8829E+20
     1.078700
  2.2196E+26  1.0497E+26  9.2353E+26  1.0916E+27  5.6826E+11 -5.0531E+08  2.0486E+28 -1.2748E+25 -5.1078E+22  4.8154E+20
     1.081920
  2.7448E+26  1.2981E+26  1.1421E+27  1.3500E+27  3.0875E+11 -2.0453E+08  2.5334E+28 -1.5765E+25 -6.3412E+22  5.9719E+20
     1.085140
  3.3944E+26  1.6053E+26  1.4123E+27  1.6694E+27 -8.9753E+11  6.1843E+08  3.1329E+28 -1.9495E+25 -7.8723E+22  7.4060E+20
     1.088360
  4.1976E+26  1.9852E+26  1.7466E+27  2.0645E+27 -2.2582E+11 -1.7690E+08  3.8743E+28 -2.4109E+25 -9.7729E+22  9.1845E+20
     1.091580
  5.1910E+26  2.4550E+26  2.1599E+27  2.5530E+27 -8.9018E+11  4.1335E+08  4.7911E+28 -2.9814E+25 -1.2132E+23  1.1390E+21
     1.094800
  6.4194E+26  3.0360E+26  2.6710E+27  3.1572E+27  5.6118E+11  2.3346E+08  5.9249E+28 -3.6869E+25 -1.5061E+23  1.4125E+21
     1.098020
  7.9385E+26  3.7545E+26  3.3031E+27  3.9043E+27  4.9644E+12 -2.2608E+09  7.3271E+28 -4.5594E+25 -1.8696E+23  1.7516E+21
     1.101240
  9.8171E+26  4.6429E+26  4.0848E+27  4.8283E+27 -1.1489E+13  2.2746E+09  9.0610E+28 -5.6384E+25 -2.3209E+23  2.1722E+21
     1.104460
  1.2140E+27  5.7417E+26  5.0514E+27  5.9709E+27  1.7367E+12  5.6450E+09  1.1205E+29 -6.9727E+25 -2.8810E+23  2.6937E+21
     1.107680
  1.5013E+27  7.1004E+26  6.2468E+27  7.3838E+27  4.3368E+12 -2.8836E+09  1.3857E+29 -8.6228E+25 -3.5763E+23  3.3404E+21
     1.110900
  1.8566E+27  8.7807E+26  7.7251E+27  9.1312E+27  4.4658E+12  1.7328E+09  1.7136E+29 -1.0663E+26 -4.4393E+23  4.1424E+21
     1.114120
  2.2960E+27  1.0859E+27  9.5531E+27  1.1292E+28 -1.3848E+13 -2.3497E+09  2.1191E+29 -1.3187E+26 -5.5104E+23  5.1368E+21
     1.117340
  2.8393E+27  1.3428E+27  1.1814E+28  1.3964E+28 -4.4217E+12 -6.2679E+09  2.6206E+29 -1.6307E+26 -6.8400E+23  6.3699E+21
     1.120560
  3.5112E+27  1.6606E+27  1.4610E+28  1.7269E+28 -1.0379E+13 -7.2785E+08  3.2407E+29 -2.0166E+26 -8.4901E+23  7.8989E+21
     1.123780
  4.3421E+27  2.0536E+27  1.8067E+28  2.1355E+28 -1.5389E+13  3.3279E+09  4.0076E+29 -2.4939E+26 -1.0538E+24  9.7949E+21
     1.127000
  5.3696E+27  2.5395E+27  2.2342E+28  2.6409E+28 -2.3056E+13 -2.3785E+10  4.9560E+29 -3.0840E+26 -1.3080E+24  1.2146E+22
     1.130220
  6.6403E+27  3.1405E+27  2.7629E+28  3.2659E+28  2.4061E+13  8.0610E+09  6.1289E+29 -3.8138E+26 -1.6235E+24  1.5061E+22
     1.133440
  8.2117E+27  3.8837E+27  3.4168E+28  4.0387E+28  8.9611E+13  2.0041E+10  7.5792E+29 -4.7164E+26 -2.0151E+24  1.8676E+22
     1.136660
  1.0155E+28  4.8027E+27  4.2253E+28  4.9945E+28 -2.4043E+13 -7.0882E+09  9.3728E+29 -5.8325E+26 -2.5011E+24  2.3158E+22
     1.139880
  1.2558E+28  5.9393E+27  5.2252E+28  6.1764E+28 -8.6182E+13  7.2808E+09  1.1591E+30 -7.2127E+26 -3.1043E+24  2.8715E+22
     1.143100
  3.0798E-02  1.4566E-02  1.2815E-01  1.5147E-01  8.5467E-17 -1.1209E-19  2.8426E+00 -1.7689E-03 -7.6407E-06  7.0613E-08
     1.146320
  3.8086E-02  1.8013E-02  1.5847E-01  1.8732E-01 -1.8013E-17 -2.4914E-20  3.5153E+00 -2.1875E-03 -9.4830E-06  8.7558E-08
     1.149540
  4.7099E-02  2.2275E-02  1.9597E-01  2.3165E-01 -2.6066E-16 -2.3831E-20  4.3472E+00 -2.7051E-03 -1.1769E-05  1.0857E-07
     1.152760
  5.8245E-02  2.7547E-02  2.4235E-01  2.8646E-01 -5.2782E-16  1.9988E-19  5.3759E+00 -3.3453E-03 -1.4607E-05  1.3462E-07
     1.155980
  7.2028E-02  3.4065E-02  2.9970E-01  3.5425E-01 -2.9278E-16 -2.2039E-19  6.6481E+00 -4.1369E-03 -1.8128E-05  1.6692E-07
     1.159200
  8.9073E-02  4.2127E-02  3.7062E-01  4.3808E-01 -2.7052E-16 -2.4130E-19  8.2213E+00 -5.1159E-03 -2.2498E-05  2.0697E-07
     1.162420
  1.1015E-01  5.2096E-02  4.5833E-01  5.4176E-01  1.2364E-15 -2.6694E-19  1.0167E+01 -6.3266E-03 -2.7921E-05  2.5663E-07
     1.165640
  1.3622E-01  6.4424E-02  5.6679E-01  6.6996E-01 -4.2082E-16  2.5089E-19  1.2573E+01 -7.8237E-03 -3.4651E-05  3.1820E-07
     1.168860
  1.6845E-01  7.9670E-02  7.0092E-01  8.2850E-01 -7.4765E-16  1.9454E-19  1.5548E+01 -9.6752E-03 -4.3003E-05  3.9453E-07
     1.172080
  2.0832E-01  9.8523E-02  8.6679E-01  1.0246E+00  3.5354E-15  8.9753E-19  1.9227E+01 -1.1965E-02 -5.3366E-05  4.8918E-07
     1.175300
  2.5762E-01  1.2184E-01  1.0719E+00  1.2670E+00  1.1412E-15 -6.7712E-19  2.3777E+01 -1.4796E-02 -6.6226E-05  6.0653E-07
     1.178520
  3.1858E-01  1.5067E-01  1.3256E+00  1.5669E+00 -3.8990E-16 -5.1190E-19  2.9404E+01 -1.8298E-02 -8.2184E-05  7.5203E-07
     1.181740
  3.9397E-01  1.8633E-01  1.6393E+00  1.9376E+00  1.5345E-15  7.9603E-20  3.6363E+01 -2.2628E-02 -1.0199E-04  9.3242E-07
     1.184960
  4.8720E-01  2.3042E-01  2.0272E+00  2.3962E+00 -2.4180E-15 -2.0630E-20  4.4968E+01 -2.7982E-02 -1.2656E-04  1.1561E-06
     1.188180
  6.0250E-01  2.8495E-01  2.5069E+00  2.9632E+00  9.6498E-16  1.4544E-18  5.5609E+01 -3.4604E-02 -1.5705E-04  1.4334E-06
     1.191400
  7.4507E-01  3.5238E-01  3.1001E+00  3.6644E+00 -9.1331E-16  1.1823E-18  6.8769E+01 -4.2793E-02 -1.9488E-04  1.7772E-06
     1.194620
  9.2139E-01  4.3577E-01  3.8338E+00  4.5316E+00 -4.3334E-15  4.5627E-18  8.5042E+01 -5.2920E-02 -2.4183E-04  2.2034E-06
     1.197840
  1.1394E+00  5.3889E-01  4.7410E+00  5.6040E+00 -4.7589E-16  1.3779E-18  1.0517E+02 -6.5443E-02 -3.0008E-04  2.7318E-06
     1.201060
  1.4091E+00  6.6642E-01  5.8630E+00  6.9302E+00  3.3575E-15 -2.5106E-18  1.3005E+02 -8.0930E-02 -3.7236E-04  3.3870E-06
     1.204280
  1.7425E+00  8.2412E-01  7.2504E+00  8.5702E+00 -5.8204E-15  2.8964E-18  1.6083E+02 -1.0008E-01 -4.6204E-04  4.1992E-06
     1.207500
  2.1549E+00  1.0191E+00  8.9662E+00  1.0598E+01 -4.2333E-15  1.2739E-18  1.9889E+02 -1.2377E-01 -5.7332E-04  5.2062E-06
     1.210720
  2.6648E+00  1.2603E+00  1.1088E+01  1.3106E+01  8.2228E-15  1.5014E-18  2.4596E+02 -1.5305E-01 -7.1138E-04  6.4547E-06
     1.213940
  3.2954E+00  1.5586E+00  1.3712E+01  1.6208E+01 -9.0888E-15 -7.0591E-18  3.0416E+02 -1.8927E-01 -8.8269E-04  8.0025E-06
     1.217160
  4.0753E+00  1.9274E+00  1.6957E+01  2.0043E+01 -1.1966E-14  9.5997E-18  3.7614E+02 -2.3406E-01 -1.0952E-03  9.9213E-06
     1.220380
  5.0397E+00  2.3835E+00  2.0969E+01  2.4786E+01 -2.3016E-15 -9.5917E-18  4.6515E+02 -2.8945E-01 -1.3589E-03  1.2300E-05
     1.223600
  6.2323E+00  2.9475E+00  2.5932E+01  3.0652E+01  1.4274E-14  8.6178E-18  5.7523E+02 -3.5795E-01 -1.6861E-03  1.5249E-05
     1.226820
  7.7072E+00  3.6451E+00  3.2068E+01  3.7906E+01  2.9648E-14  2.4221E-17  7.1135E+02 -4.4266E-01 -2.0921E-03  1.8906E-05
     1.230040
  9.5310E+00  4.5077E+00  3.9657E+01  4.6876E+01  5.3625E-14  2.0337E-17  8.7969E+02 -5.4741E-01 -2.5957E-03  2.3438E-05
     1.233260
  1.1786E+01  5.5744E+00  4.9042E+01  5.7969E+01 -5.4135E-14  1.3915E-17  1.0879E+03 -6.7695E-01 -3.2205E-03  2.9057E-05
     1.236480
  1.4576E+01  6.8935E+00  6.0648E+01  7.1687E+01  1.1312E-13  5.9134E-17  1.3453E+03 -8.3715E-01 -3.9958E-03  3.6024E-05
     1.239700
  1.8025E+01  8.5248E+00  7.4999E+01  8.8651E+01 -5.6725E-14 -3.8426E-17  1.6637E+03 -1.0353E+00 -4.9575E-03  4.4659E-05
     1.242920
  2.2290E+01  1.0542E+01  9.2748E+01  1.0963E+02 -6.8079E-14 -1.0678E-17  2.0574E+03 -1.2802E+00 -6.1507E-03  5.5365E-05
     1.246140
  2.7565E+01  1.3037E+01  1.1470E+02  1.3557E+02 -2.1792E-13  4.5881E-17  2.5442E+03 -1.5832E+00 -7.6310E-03  6.8637E-05
     1.249360
  3.4089E+01  1.6122E+01  1.4184E+02  1.6766E+02 -1.4747E-13 -1.7342E-18  3.1463E+03 -1.9579E+00 -9.4675E-03  8.5090E-05
     1.252580
  4.2155E+01  1.9937E+01  1.7540E+02  2.0733E+02 -1.8785E-14 -8.2286E-17  3.8909E+03 -2.4212E+00 -1.1746E-02  1.0549E-04
     1.255800
  5.2131E+01  2.4655E+01  2.1691E+02  2.5639E+02  1.5549E-14  5.8177E-17  4.8116E+03 -2.9942E+00 -1.4572E-02  1.3077E-04
     1.259020
  6.4468E+01  3.0490E+01  2.6824E+02  3.1707E+02  5.0043E-13 -1.0386E-16  5.9503E+03 -3.7027E+00 -1.8079E-02  1.6211E-04
     1.262240
  7.9724E+01  3.7705E+01  3.3172E+02  3.9210E+02 -1.6046E-13 -2.0614E-16  7.3584E+03 -4.5789E+00 -2.2428E-02  2.0097E-04
     1.265460
  9.8590E+01  4.6628E+01  4.1022E+02  4.8489E+02 -4.6960E-13 -5.1875E-17  9.0997E+03 -5.6625E+00 -2.7824E-02  2.4913E-04
     1.268680
  1.2192E+02  5.7662E+01  5.0730E+02  5.9964E+02 -7.0160E-13  2.5273E-16  1.1253E+04 -7.0025E+00 -3.4518E-02  3.0884E-04
     1.271900
  1.5077E+02  7.1308E+01  6.2735E+02  7.4154E+02 -3.7923E-13  3.4758E-16  1.3916E+04 -8.6596E+00 -4.2823E-02  3.8285E-04
     1.275120
  1.8645E+02  8.8182E+01  7.7581E+02  9.1702E+02  2.1455E-13  3.2385E-16  1.7209E+04 -1.0709E+01 -5.3124E-02  4.7460E-04
     1.278340
  2.3058E+02  1.0905E+02  9.5940E+02  1.1340E+03 -2.5211E-13  9.5006E-17  2.1282E+04 -1.3243E+01 -6.5902E-02  5.8834E-04
     1.281560
  2.8514E+02  1.3486E+02  1.1864E+03  1.4024E+03 -6.1746E-13  1.2735E-15  2.6318E+04 -1.6377E+01 -8.1754E-02  7.2932E-04
     1.284780
  3.5262E+02  1.6677E+02  1.4672E+03  1.7343E+03  8.6454E-13  1.0735E-15  3.2546E+04 -2.0253E+01 -1.0142E-01  9.0408E-04
     1.288000
  4.3606E+02  2.0623E+02  1.8144E+03  2.1447E+03  5.5097E-13  7.1951E-16  4.0248E+04 -2.5045E+01 -1.2581E-01  1.1207E-03
     1.291220
  5.3926E+02  2.5504E+02  2.2438E+03  2.6522E+03  2.9231E-12 -1.5611E-15  4.9772E+04 -3.0972E+01 -1.5607E-01  1.3892E-03
     1.294440
  6.6687E+02  3.1539E+02  2.7747E+03  3.2798E+03 -2.2079E-12  9.3997E-16  6.1551E+04 -3.8301E+01 -1.9360E-01  1.7221E-03
     1.297660
  8.2468E+02  3.9003E+02  3.4314E+03  4.0560E+03  2.9375E-12  4.0494E-16  7.6116E+04 -4.7365E+01 -2.4015E-01  2.1347E-03
     1.300880
  1.0198E+03  4.8233E+02  4.2434E+03  5.0158E+03 -1.7430E-12 -1.3742E-15  9.4129E+04 -5.8574E+01 -2.9790E-01  2.6462E-03
     1.304100
  1.2612E+03  5.9647E+02  5.2476E+03  6.2028E+03 -4.9981E-12 -1.6730E-15  1.1640E+05 -7.2435E+01 -3.6953E-01  3.2802E-03
     1.307320
  1.5596E+03  7.3762E+02  6.4894E+03  7.6706E+03 -1.1231E-11  4.1629E-15  1.4395E+05 -8.9577E+01 -4.5837E-01  4.0660E-03
     1.310540
  1.9287E+03  9.1217E+02  8.0251E+03  9.4858E+03 -2.0488E-11 -8.9424E-16  1.7802E+05 -1.1077E+02 -5.6858E-01  5.0401E-03
     1.313760
  2.3851E+03  1.1280E+03  9.9242E+03  1.1731E+04  6.2263E-12  9.0878E-15  2.2014E+05 -1.3699E+02 -7.0527E-01  6.2475E-03
     1.316980
  2.9495E+03  1.3950E+03  1.2273E+04  1.4507E+04  9.0163E-12 -7.6045E-15  2.7224E+05 -1.6941E+02 -8.7482E-01  7.7441E-03
     1.320200
  3.6475E+03  1.7251E+03  1.5177E+04  1.7939E+04  2.1860E-11 -6.6311E-15  3.3666E+05 -2.0950E+02 -1.0851E+00  9.5992E-03
     1.323420
  4.5107E+03  2.1333E+03  1.8768E+04  2.2185E+04 -1.1855E-11  2.0343E-15  4.1633E+05 -2.5907E+02 -1.3460E+00  1.1899E-02
     1.326640
  5.5781E+03  2.6382E+03  2.3210E+04  2.7435E+04 -4.7304E-11  1.0364E-14  5.1485E+05 -3.2038E+02 -1.6695E+00  1.4749E-02
     1.329860
  6.8982E+03  3.2625E+03  2.8702E+04  3.3927E+04 -6.0974E-11 -2.0232E-15  6.3669E+05 -3.9620E+02 -2.0707E+00  1.8281E-02
     1.333080
  8.5306E+03  4.0345E+03  3.5495E+04  4.1956E+04 -2.3224E-11  1.1757E-15  7.8736E+05 -4.8995E+02 -2.5684E+00  2.2660E-02
     1.336300
  1.0549E+04  4.9893E+03  4.3894E+04  5.1884E+04  7.0974E-13  1.2247E-14  9.7368E+05 -6.0590E+02 -3.1857E+00  2.8088E-02
     1.339520
  1.3046E+04  6.1699E+03  5.4282E+04  6.4162E+04  5.3702E-11 -6.4699E-15  1.2041E+06 -7.4928E+02 -3.9513E+00  3.4815E-02
     1.342740
  1.6133E+04  7.6300E+03  6.7127E+04  7.9346E+04  8.4260E-11 -9.0061E-15  1.4890E+06 -9.2659E+02 -4.9009E+00  4.3153E-02
     1.345960
  1.9951E+04  9.4356E+03  8.3013E+04  9.8123E+04 -2.5613E-11  1.5281E-14  1.8414E+06 -1.1459E+03 -6.0786E+00  5.3488E-02
     1.349180
  2.4672E+04  1.1669E+04  1.0266E+05  1.2134E+05 -4.8052E-11  4.9609E-14  2.2772E+06 -1.4170E+03 -7.5392E+00  6.6298E-02
     1.352400
  3.0511E+04  1.4430E+04  1.2695E+05  1.5006E+05 -7.3299E-11 -6.5430E-17  2.8161E+06 -1.7524E+03 -9.3507E+00  8.2175E-02
     1.355620
  3.7731E+04  1.7845E+04  1.5699E+05  1.8557E+05 -4.2190E-12  9.6201E-15  3.4825E+06 -2.1671E+03 -1.1597E+01  1.0185E-01
     1.358840
  4.6660E+04  2.2067E+04  1.9414E+05  2.2948E+05  8.9060E-11  6.6654E-14  4.3066E+06 -2.6799E+03 -1.4384E+01  1.2624E-01
     1.362060
  5.7701E+04  2.7290E+04  2.4009E+05  2.8379E+05 -1.4227E-10 -2.5562E-13  5.3257E+06 -3.3141E+03 -1.7839E+01  1.5647E-01
     1.365280
  7.1356E+04  3.3748E+04  2.9690E+05  3.5095E+05 -9.1608E-11 -3.7451E-13  6.5860E+06 -4.0983E+03 -2.2125E+01  1.9394E-01
     1.368500
  8.8242E+04  4.1734E+04  3.6716E+05  4.3400E+05 -6.9695E-11 -1.7977E-13  8.1446E+06 -5.0682E+03 -2.7440E+01  2.4038E-01
     1.371720
  1.0912E+05  5.1610E+04  4.5405E+05  5.3670E+05  3.9660E-11 -2.5343E-13  1.0072E+07 -6.2675E+03 -3.4032E+01  2.9794E-01
     1.374940
  1.3495E+05  6.3823E+04  5.6150E+05  6.6371E+05 -5.2527E-10  5.9380E-13  1.2455E+07 -7.7507E+03 -4.2207E+01  3.6928E-01
     1.378160
  1.6688E+05  7.8926E+04  6.9438E+05  8.2077E+05 -7.2739E-10 -1.4128E-13  1.5403E+07 -9.5848E+03 -5.2344E+01  4.5769E-01
     1.381380
  2.0637E+05  9.7604E+04  8.5870E+05  1.0150E+06 -1.0390E-10 -6.2666E-13  1.9048E+07 -1.1853E+04 -6.4917E+01  5.6728E-01
     1.384600
  2.5521E+05  1.2070E+05  1.0619E+06  1.2552E+06  9.1632E-10  1.3487E-13  2.3556E+07 -1.4658E+04 -8.0508E+01  7.0309E-01
     1.387820
  3.1561E+05  1.4926E+05  1.3132E+06  1.5522E+06 -2.3916E-09 -8.3619E-13  2.9130E+07 -1.8127E+04 -9.9844E+01  8.7142E-01
     1.391040
  3.9029E+05  1.8459E+05  1.6240E+06  1.9196E+06 -9.0270E-11  8.7391E-13  3.6023E+07 -2.2416E+04 -1.2382E+02  1.0800E+00
     1.394260
  4.8265E+05  2.2827E+05  2.0083E+06  2.3738E+06  3.6791E-09  1.0474E-13  4.4548E+07 -2.7721E+04 -1.5356E+02  1.3386E+00
     1.397480
  5.9687E+05  2.8229E+05  2.4835E+06  2.9356E+06  8.6040E-10 -1.9698E-13  5.5090E+07 -3.4281E+04 -1.9043E+02  1.6591E+00
     1.400700
  7.3812E+05  3.4909E+05  3.0712E+06  3.6302E+06  7.6980E-09 -1.3547E-12  6.8127E+07 -4.2394E+04 -2.3616E+02  2.0562E+00
     1.403920
  9.1279E+05  4.3170E+05  3.7980E+06  4.4893E+06 -2.7329E-09 -2.8210E-12  8.4249E+07 -5.2426E+04 -2.9286E+02  2.5484E+00
     1.407140
  1.1288E+06  5.3386E+05  4.6968E+06  5.5517E+06 -2.7992E-09 -1.2735E-13  1.0419E+08 -6.4832E+04 -3.6318E+02  3.1585E+00
     1.410360
  1.3959E+06  6.6019E+05  5.8082E+06  6.8655E+06 -7.7527E-09  1.9340E-12  1.2884E+08 -8.0174E+04 -4.5038E+02  3.9145E+00
     1.413580
  1.7263E+06  8.1643E+05  7.1827E+06  8.4902E+06 -6.8986E-09 -3.8047E-12  1.5933E+08 -9.9147E+04 -5.5851E+02  4.8515E+00
     1.416800
  2.1348E+06  1.0096E+06  8.8825E+06  1.0499E+07 -6.7831E-09  2.8046E-12  1.9703E+08 -1.2261E+05 -6.9260E+02  6.0127E+00
     1.420020
  2.6400E+06  1.2486E+06  1.0984E+07  1.2984E+07 -8.3882E-09  7.2752E-13  2.4366E+08 -1.5162E+05 -8.5887E+02  7.4518E+00
     1.423240
  3.2647E+06  1.5440E+06  1.3584E+07  1.6056E+07  1.2094E-08 -2.7344E-12  3.0132E+08 -1.8751E+05 -1.0651E+03  9.2354E+00
     1.426460
  4.0373E+06  1.9094E+06  1.6798E+07  1.9856E+07  7.9789E-09  1.1183E-11  3.7263E+08 -2.3188E+05 -1.3207E+03  1.1446E+01
     1.429680
  4.9926E+06  2.3613E+06  2.0774E+07  2.4555E+07 -3.5920E-08 -1.4417E-11  4.6081E+08 -2.8675E+05 -1.6377E+03  1.4185E+01
     1.432900
  6.1741E+06  2.9200E+06  2.5690E+07  3.0366E+07 -3.6289E-08  1.0022E-11  5.6986E+08 -3.5461E+05 -2.0309E+03  1.7580E+01
     1.436120
  7.6352E+06  3.6110E+06  3.1769E+07  3.7552E+07  1.0333E-08  2.1948E-11  7.0471E+08 -4.3853E+05 -2.5183E+03  2.1787E+01
     1.439340
  9.4420E+06  4.4656E+06  3.9287E+07  4.6438E+07 -6.5608E-08  1.1731E-11  8.7148E+08 -5.4230E+05 -3.1227E+03  2.7001E+01
     1.442560
  1.1676E+07  5.5223E+06  4.8584E+07  5.7428E+07 -5.1893E-08 -4.1497E-11  1.0777E+09 -6.7063E+05 -3.8722E+03  3.3463E+01
     1.445780
  1.4440E+07  6.8292E+06  6.0081E+07  7.1018E+07 -5.2341E-09 -3.2934E-11  1.3327E+09 -8.2934E+05 -4.8015E+03  4.1471E+01
     1.449000
  1.7857E+07  8.4452E+06  7.4299E+07  8.7824E+07  7.6306E-08  6.8241E-11  1.6481E+09 -1.0256E+06 -5.9538E+03  5.1395E+01
     1.452220
  2.2082E+07  1.0444E+07  9.1882E+07  1.0861E+08  8.9593E-08 -1.2834E-11  2.0382E+09 -1.2683E+06 -7.3826E+03  6.3693E+01
     1.455440
  2.7308E+07  1.2915E+07  1.1363E+08  1.3431E+08 -2.9938E-07  4.3986E-12  2.5205E+09 -1.5684E+06 -9.1541E+03  7.8934E+01
     1.458660
  3.3770E+07  1.5972E+07  1.4051E+08  1.6609E+08  5.2725E-09  1.3056E-10  3.1169E+09 -1.9396E+06 -1.1351E+04  9.7821E+01
     1.461880
  4.1762E+07  1.9751E+07  1.7377E+08  2.0540E+08  7.1730E-08 -2.7385E-10  3.8545E+09 -2.3986E+06 -1.4074E+04  1.2123E+02
     1.465100
  5.1645E+07  2.4425E+07  2.1489E+08  2.5400E+08  5.1988E-07 -4.4917E-11  4.7667E+09 -2.9662E+06 -1.7451E+04  1.5023E+02
     1.468320
  6.3866E+07  3.0205E+07  2.6574E+08  3.1411E+08 -1.1388E-07 -3.5027E-11  5.8947E+09 -3.6681E+06 -2.1638E+04  1.8618E+02
     1.471540
  7.8980E+07  3.7353E+07  3.2862E+08  3.8844E+08 -2.3334E-07 -5.9693E-11  7.2897E+09 -4.5362E+06 -2.6830E+04  2.3072E+02
     1.474760
  9.7670E+07  4.6193E+07  4.0639E+08  4.8036E+08 -9.6913E-08  2.1194E-10  9.0147E+09 -5.6097E+06 -3.3267E+04  2.8593E+02
     1.477980
  1.2078E+08  5.7124E+07  5.0256E+08  5.9404E+08 -7.2664E-07 -8.7410E-12  1.1148E+10 -6.9371E+06 -4.1248E+04  3.5433E+02
     1.481200
  1.4937E+08  7.0642E+07  6.2149E+08  7.3462E+08  3.2295E-07  3.9604E-10  1.3786E+10 -8.5788E+06 -5.1143E+04  4.3910E+02
     1.484420
  1.8471E+08  8.7359E+07  7.6856E+08  9.0846E+08  3.7830E-07 -4.4601E-11  1.7049E+10 -1.0609E+07 -6.3412E+04  5.4415E+02
     1.487640
  2.2842E+08  1.0803E+08  9.5044E+08  1.1234E+09 -1.2192E-06 -3.9173E-10  2.1083E+10 -1.3119E+07 -7.8623E+04  6.7433E+02
     1.490860
  2.8248E+08  1.3360E+08  1.1754E+09  1.3893E+09  1.5618E-06  5.3522E-11  2.6072E+10 -1.6224E+07 -9.7483E+04  8.3565E+02
     1.494080
  3.4933E+08  1.6521E+08  1.4535E+09  1.7181E+09  2.8246E-06 -2.2235E-10  3.2242E+10 -2.0063E+07 -1.2087E+05  1.0356E+03
     1.497300
  4.3199E+08  2.0431E+08  1.7975E+09  2.1246E+09 -1.9123E-06 -4.6146E-10  3.9872E+10 -2.4811E+07 -1.4986E+05  1.2833E+03
     1.500000
  5.1621E+08  2.4414E+08  2.1479E+09  2.5388E+09 -2.5680E-06 -2.4805E-10  4.7645E+10 -2.9648E+07 -1.7946E+05  1.5361E+03
