     0.000000
  6.4786E-04  4.0483E-36  3.9424E-11  5.5913E-04  0.0000E+00  0.0000E+00  0.0000E+00  0.0000E+00  0.0000E+00  0.0000E+00
     0.002420
  5.1118E-04  3.0190E-06  1.6211E-04  4.3355E-04 -9.8020E-22 -2.5395E-23 -2.7685E-04  1.5668E-06  1.5624E-07  1.9905E-10
     0.004840
  4.3042E-04  6.2707E-06  1.7794E-04  3.8275E-04  2.3015E-20 -1.1341E-22 -7.2564E-04  3.0637E-06  2.3811E-07  3.4749E-10
     0.007260
  4.0396E-04  1.0202E-05  1.9944E-04  3.2870E-04  7.2499E-20 -2.9559E-22 -1.0727E-03  3.5300E-06  2.6267E-07  5.1560E-10
     0.009680
  3.9763E-04  1.4521E-05  2.3810E-04  2.5423E-04 -3.0675E-20  2.5581E-22 -9.8347E-04  2.3943E-06  1.4070E-07  6.2929E-10
     0.012100
  3.9019E-04  1.7753E-05  2.7378E-04  1.9630E-04  1.9929E-19 -8.2069E-22 -5.4222E-04  6.0846E-07 -1.0842E-07  6.0376E-10
     0.014520
  3.7792E-04  1.9376E-05  2.9409E-04  1.6446E-04 -2.2044E-20  4.1105E-22 -8.9101E-05 -5.8384E-07 -3.3829E-07  4.6633E-10
     0.016940
  3.5736E-04  1.9540E-05  2.9202E-04  1.5995E-04 -1.9591E-20  2.3435E-22  2.0467E-04 -8.3949E-07 -4.4215E-07  3.0302E-10
     0.019360
  3.3256E-04  1.9032E-05  2.7498E-04  1.6439E-04  6.2405E-20 -3.1088E-23  3.1228E-04 -6.5441E-07 -4.3071E-07  1.7198E-10
     0.021780
  3.0851E-04  1.8329E-05  2.6094E-04  1.6812E-04  6.9527E-20 -7.4896E-23  2.5751E-04 -4.9201E-07 -3.2643E-07  8.5136E-11
     0.024200
  2.9528E-04  1.7808E-05  2.3273E-04  1.6312E-04 -4.1024E-21 -5.9806E-24  1.5993E-04 -4.6370E-07 -1.9906E-07  3.5506E-11
     0.026620
  2.7820E-04  1.8640E-05  2.4447E-04  1.4322E-04 -1.8136E-20 -5.7197E-23  1.3088E-04 -3.2977E-07 -1.0455E-07  2.5965E-11
     0.029040
  2.6730E-04  1.9363E-05  2.2833E-04  1.2631E-04  3.9595E-21 -3.6137E-23  1.8600E-04 -1.4852E-07 -6.4771E-08  3.5089E-11
     0.031460
  2.5226E-04  1.9032E-05  2.1141E-04  1.2476E-04 -9.6447E-20  5.8413E-23  2.9696E-04 -7.1480E-08 -8.8190E-08  1.2585E-11
     0.033880
  2.3101E-04  1.6732E-05  1.7968E-04  1.3730E-04  5.3124E-20 -3.9114E-23  2.9420E-04 -9.6378E-08 -9.0156E-08  2.5336E-11
     0.036300
  2.1088E-04  1.8304E-05  1.7663E-04  1.3951E-04 -3.1214E-20  1.3838E-23  1.6283E-04 -9.2905E-08  9.3522E-10  3.2604E-11
     0.038720
  1.9762E-04  2.0619E-05  1.8741E-04  1.2951E-04 -1.5923E-20 -5.9827E-23 -5.3248E-05 -2.4782E-08  2.7125E-08  7.3202E-11
     0.041140
  1.9946E-04  1.9859E-05  1.7214E-04  1.1766E-04 -1.9806E-20  8.6793E-24 -1.3974E-04  1.2693E-07  1.1949E-07  8.5580E-11
     0.043560
  2.0400E-04  1.9759E-05  1.6651E-04  1.0357E-04 -1.8655E-20  3.0276E-23 -1.1301E-04  2.4957E-07  1.8632E-07  9.6928E-11
     0.045980
  2.0321E-04  1.8580E-05  1.6724E-04  9.7727E-05  5.5479E-20  1.4480E-24 -3.6172E-05  3.0567E-07  1.7439E-07  8.5490E-11
     0.048400
  1.9476E-04  1.8225E-05  1.6277E-04  9.9803E-05 -4.4904E-20  2.0940E-23 -1.8503E-05  1.8254E-07 -5.5949E-10  7.8947E-11
     0.050820
  1.8275E-04  1.8752E-05  1.5924E-04  1.0003E-04  6.8546E-21  6.4304E-23 -2.6840E-05  4.4749E-08 -6.4986E-08  7.6330E-11
     0.053240
  1.7213E-04  1.9240E-05  1.6954E-04  9.2391E-05 -2.3074E-20 -4.1283E-23 -3.7391E-05 -5.2492E-08  1.7849E-07  5.6928E-11
     0.055660
  1.6714E-04  2.0507E-05  1.7281E-04  8.6448E-05 -1.0952E-20 -4.0312E-23 -8.0405E-05 -1.2677E-07  2.9058E-07 -1.9207E-12
     0.058080
  1.6840E-04  1.9782E-05  1.6321E-04  8.4515E-05 -1.0783E-20  4.5577E-24 -1.1806E-04 -2.2139E-07 -5.0017E-08 -8.7373E-11
     0.060500
  1.7255E-04  1.8202E-05  1.5115E-04  8.2544E-05  2.6420E-20  1.0012E-23 -5.8611E-05 -3.5851E-07 -4.1932E-07 -1.4760E-10
     0.062920
  1.7157E-04  1.6339E-05  1.3981E-04  8.3333E-05  1.6663E-21 -5.1663E-23  8.8945E-05 -4.0675E-07 -4.3597E-07 -1.4279E-10
     0.065340
  1.6250E-04  1.5791E-05  1.3543E-04  8.1544E-05 -2.9938E-20 -2.1391E-23  2.3092E-04 -2.9923E-07 -2.2815E-07 -1.3426E-10
     0.067760
  1.4575E-04  1.6431E-05  1.3322E-04  7.5994E-05  1.1719E-20  1.3442E-23  2.5474E-04 -1.5562E-07  4.3219E-08 -7.2208E-11
     0.070180
  1.3001E-04  1.6020E-05  1.2460E-04  6.8880E-05  2.1450E-20  2.5344E-24  2.0424E-04 -7.7520E-08  2.1561E-07 -8.4815E-11
     0.072600
  1.1496E-04  1.6306E-05  1.1595E-04  6.3056E-05 -8.3169E-21  2.8948E-24  1.5363E-04 -5.4173E-08  2.7929E-07 -8.1135E-11
     0.075020
  1.0310E-04  1.6333E-05  1.0068E-04  6.0434E-05 -1.2413E-20 -3.9730E-24  1.4491E-04 -3.1918E-08  1.7159E-07 -4.3430E-11
     0.077440
  9.3869E-05  1.5314E-05  8.6561E-05  6.1748E-05 -3.0322E-20  2.0479E-24  1.3867E-04 -4.9216E-09  2.9633E-08 -1.8304E-11
     0.079860
  8.7702E-05  1.3720E-05  7.5798E-05  6.3087E-05  1.1346E-20  2.4005E-24  1.2509E-04 -1.5506E-09 -1.0356E-07 -1.5543E-11
     0.082280
  8.2935E-05  1.2589E-05  6.6697E-05  6.4237E-05 -4.5072E-21  3.7880E-23  1.0130E-04 -1.2027E-08 -1.5298E-07 -7.3596E-13
     0.084700
  7.7813E-05  1.2178E-05  6.0487E-05  6.2662E-05 -2.3907E-20 -8.3783E-24  7.0510E-05 -1.4277E-08 -1.3322E-07  5.8493E-11
     0.087120
  7.2591E-05  1.1645E-05  5.8292E-05  5.9323E-05 -6.1078E-21 -1.0890E-23  4.5779E-05 -2.8907E-08 -6.7363E-08  6.3610E-11
     0.089540
  6.8514E-05  1.1410E-05  5.6929E-05  5.4954E-05  1.3297E-20  2.0435E-23  2.9597E-05 -3.0262E-08 -1.5393E-08  4.0918E-11
     0.091960
  6.6168E-05  1.0683E-05  5.6523E-05  5.0056E-05 -2.6067E-20  7.9581E-25  2.7583E-05 -3.1340E-08  5.3732E-09  1.0002E-11
     0.094380
  6.4462E-05  1.0866E-05  5.4078E-05  4.6053E-05 -3.9175E-21 -3.7591E-24  4.3644E-05 -4.5232E-08 -1.2708E-08  4.0927E-11
     0.096800
  6.1743E-05  1.0927E-05  5.2691E-05  4.3726E-05  5.1144E-21  3.2137E-23  6.9739E-05 -4.7915E-08 -2.1590E-08  5.8384E-11
     0.099220
  5.8665E-05  9.8535E-06  5.1411E-05  4.2527E-05 -1.2549E-20 -2.6508E-23  8.7028E-05 -2.2534E-08 -1.5671E-08  2.4462E-11
     0.101640
  5.5226E-05  9.1451E-06  4.9893E-05  4.1924E-05  4.5271E-21  7.9802E-24  8.3492E-05 -3.0364E-08 -2.4006E-08  6.7483E-12
     0.104060
  5.1777E-05  8.4073E-06  4.7258E-05  4.0817E-05  1.3982E-21  3.2340E-24  6.3970E-05 -4.3460E-08 -3.5082E-08 -1.7291E-11
     0.106480
  4.9071E-05  8.0168E-06  4.5221E-05  3.8222E-05  8.1442E-21 -8.0668E-24  4.6705E-05 -4.0246E-08 -6.2683E-08 -7.0850E-12
     0.108900
  4.7413E-05  7.8055E-06  4.2474E-05  3.5974E-05  4.0693E-21 -9.8237E-24  4.0367E-05 -2.4514E-08 -8.4188E-08  2.1703E-11
     0.111320
  4.6082E-05  7.3501E-06  4.0059E-05  3.4678E-05 -1.0958E-21  1.0520E-23  3.5071E-05 -1.8706E-08 -9.6967E-08  2.9516E-11
     0.113740
  4.4495E-05  6.7725E-06  3.8116E-05  3.3526E-05  1.1008E-20 -3.8146E-24  2.9842E-05 -1.5899E-08 -6.6629E-08  2.0070E-12
     0.116160
  4.2142E-05  6.3451E-06  3.5920E-05  3.2367E-05  2.5767E-21  2.3076E-25  3.1210E-05 -1.9949E-08 -2.4382E-08 -1.9921E-11
     0.118580
  3.9532E-05  6.0223E-06  3.4246E-05  3.1789E-05 -5.4193E-21 -4.0141E-24  2.8267E-05 -1.5102E-08  1.4133E-08 -3.6094E-11
     0.121000
  3.7586E-05  5.7019E-06  3.1965E-05  3.1175E-05  2.4773E-22 -6.0044E-24  2.3740E-05 -1.2708E-08  1.7064E-08 -2.5502E-11
     0.123420
  3.6034E-05  5.5095E-06  3.0624E-05  3.0614E-05 -1.5446E-20 -3.2049E-24  2.1904E-05 -1.0518E-08  3.4870E-08  3.5514E-12
     0.125840
  3.5001E-05  5.1906E-06  2.9570E-05  2.9736E-05  6.1313E-21 -9.6986E-25  2.6097E-05  2.0373E-09  6.7148E-08  2.1199E-11
     0.128260
  3.4067E-05  4.9175E-06  2.9166E-05  2.8990E-05 -2.8798E-21 -5.0151E-24  2.9270E-05  8.2801E-09  7.1799E-08  1.0358E-11
     0.130680
  3.3481E-05  4.7895E-06  2.9237E-05  2.8868E-05  1.6859E-21  8.5869E-24  3.4411E-05  5.0757E-09  6.6458E-08 -7.4094E-12
     0.133100
  3.3828E-05  4.7616E-06  2.9271E-05  2.8314E-05  5.3883E-21  1.4993E-25  3.6165E-05  2.0106E-10  3.9430E-08 -2.0926E-11
     0.135520
  3.4706E-05  4.8393E-06  2.9562E-05  2.7141E-05  5.5673E-21  2.8718E-24  4.2159E-05 -4.6801E-09  2.1466E-08 -1.4506E-11
     0.137940
  3.5191E-05  4.8961E-06  3.0801E-05  2.5968E-05 -4.1946E-21 -3.5586E-24  5.9972E-05 -1.3099E-08  2.4727E-08  2.5519E-12
     0.140360
  3.5218E-05  4.7889E-06  3.0937E-05  2.5098E-05  1.0428E-20  3.8124E-24  7.8802E-05 -3.3122E-08  2.7476E-08  2.4398E-11
     0.142780
  3.4619E-05  4.7428E-06  3.1294E-05  2.4604E-05 -7.2506E-21 -5.4528E-24  1.0074E-04 -4.6155E-08  2.6230E-08  2.3633E-11
     0.145200
  3.3627E-05  4.6362E-06  3.0448E-05  2.4398E-05 -6.4306E-21  1.2218E-24  1.1177E-04 -5.3209E-08  1.3825E-08 -9.9614E-12
     0.147620
  3.2199E-05  4.6046E-06  2.9419E-05  2.4383E-05 -8.8981E-21  3.9779E-24  1.2018E-04 -4.9643E-08 -1.3752E-08 -2.6208E-11
     0.150040
  3.0650E-05  4.2548E-06  2.7604E-05  2.4589E-05 -3.1987E-21  2.4926E-24  1.1420E-04 -4.5506E-08 -2.0567E-08 -2.8164E-11
     0.152460
  2.9149E-05  4.0447E-06  2.6064E-05  2.4439E-05 -9.5356E-22 -8.6027E-24  1.0753E-04 -3.5490E-08 -1.8439E-08 -1.1777E-11
     0.154880
  2.7950E-05  3.8191E-06  2.5306E-05  2.3535E-05  1.4487E-21 -2.6296E-24  9.7032E-05 -3.5890E-08 -2.5750E-08  2.2816E-13
     0.157300
  2.7074E-05  3.6581E-06  2.3857E-05  2.2430E-05 -2.9393E-22 -7.1221E-26  9.2647E-05 -3.3937E-08 -1.3951E-08  1.6098E-11
     0.159720
  2.5816E-05  3.7824E-06  2.3400E-05  2.1579E-05  4.4211E-21 -1.7119E-24  8.4432E-05 -3.3173E-08 -7.0820E-09  1.9793E-11
     0.162140
  2.4696E-05  3.7256E-06  2.1530E-05  2.1067E-05 -2.8531E-22 -2.2752E-24  7.4019E-05 -2.8859E-08 -1.2614E-08  1.1900E-11
     0.164560
  2.3572E-05  3.5817E-06  2.1070E-05  2.0041E-05  7.2921E-21  1.6230E-24  6.0486E-05 -2.1646E-08 -2.8884E-08 -2.5735E-11
     0.166980
  2.2843E-05  3.3315E-06  1.9505E-05  1.8922E-05  6.9684E-21 -1.1269E-23  4.7616E-05 -1.2298E-08 -2.4183E-08 -1.9102E-11
     0.169400
  2.1994E-05  3.1207E-06  1.8287E-05  1.7961E-05 -8.4382E-22 -2.1145E-24  4.1215E-05 -4.0275E-09 -4.3516E-10  1.1079E-11
     0.171820
  2.1016E-05  2.8694E-06  1.7630E-05  1.6864E-05  1.7575E-21  1.8298E-24  3.7130E-05  3.0002E-09  2.0708E-08  1.2728E-11
     0.174240
  2.0224E-05  2.6260E-06  1.6917E-05  1.5810E-05 -1.5068E-21 -7.3591E-25  3.5379E-05  8.2382E-09  2.7842E-08  2.3413E-11
     0.176660
  1.9582E-05  2.5389E-06  1.6329E-05  1.4796E-05 -5.4402E-22  2.4659E-25  3.6037E-05  6.4064E-09  7.3040E-09  1.9600E-11
     0.179080
  1.9067E-05  2.4790E-06  1.5729E-05  1.3947E-05  1.1884E-21 -1.2616E-24  3.6062E-05  2.5668E-09 -1.7280E-08  5.6722E-12
     0.181500
  1.8685E-05  2.3426E-06  1.5227E-05  1.3183E-05  1.8884E-21 -1.1937E-24  4.0088E-05  3.2871E-09 -2.8886E-08 -1.8134E-11
     0.183920
  1.8163E-05  2.2704E-06  1.4785E-05  1.2621E-05  6.4153E-21  1.3046E-24  4.5803E-05  5.5575E-11 -3.5223E-08 -4.5325E-11
     0.186340
  1.7487E-05  2.2006E-06  1.4536E-05  1.2172E-05  1.9270E-21 -3.4268E-25  5.1196E-05 -3.4037E-09 -1.4895E-08 -2.6515E-11
     0.188760
  1.6946E-05  2.0870E-06  1.4115E-05  1.1854E-05 -8.4297E-21 -4.5837E-25  5.6877E-05 -3.8279E-09  8.1395E-09  8.7786E-12
     0.191180
  1.6478E-05  1.9808E-06  1.3807E-05  1.1666E-05 -1.2991E-21  1.5880E-24  6.5093E-05 -7.2286E-09  8.1155E-09  2.2850E-11
     0.193600
  1.6081E-05  1.9057E-06  1.2992E-05  1.1700E-05  1.4061E-21 -1.5158E-24  7.3926E-05 -1.2959E-08 -8.0623E-11  1.1721E-11
     0.196020
  1.5581E-05  1.8752E-06  1.2988E-05  1.1714E-05  2.3697E-21  8.2875E-25  8.1379E-05 -1.7163E-08 -5.8186E-09  7.8118E-12
     0.198440
  1.5179E-05  1.8785E-06  1.2478E-05  1.1771E-05  2.6251E-21  7.4691E-25  8.6315E-05 -2.0326E-08 -8.9339E-09  1.8914E-12
     0.200860
  1.4700E-05  1.9563E-06  1.2376E-05  1.1818E-05 -6.9300E-21  4.8297E-24  9.1783E-05 -2.3944E-08 -1.1956E-08 -1.0045E-12
     0.203280
  1.4255E-05  1.9768E-06  1.2081E-05  1.1848E-05  4.4059E-21 -3.7326E-24  9.3017E-05 -2.5723E-08 -9.6317E-09 -1.0042E-11
     0.205700
  1.3794E-05  1.9832E-06  1.1622E-05  1.1873E-05  1.1776E-20  3.4937E-24  9.3709E-05 -2.7057E-08 -1.3193E-08 -1.3674E-11
     0.208120
  1.3333E-05  1.9696E-06  1.1374E-05  1.1822E-05  6.8175E-22  1.3062E-24  9.0754E-05 -2.6053E-08 -1.5396E-08 -9.9004E-12
     0.210540
  1.2960E-05  1.9287E-06  1.0840E-05  1.1733E-05  8.1373E-21  2.6495E-26  9.0114E-05 -2.3382E-08 -1.0028E-08 -6.1141E-12
     0.212960
  1.2531E-05  1.9343E-06  1.0697E-05  1.1553E-05  8.7007E-21 -1.3357E-24  8.8155E-05 -2.1221E-08 -2.1737E-09 -2.0672E-12
     0.215380
  1.2183E-05  1.9276E-06  1.0293E-05  1.1339E-05  1.3066E-20 -2.4631E-24  8.4974E-05 -2.0329E-08  3.1946E-09  2.1769E-12
     0.217800
  1.1901E-05  1.8472E-06  9.8480E-06  1.1056E-05  5.3831E-21  1.9556E-24  8.2670E-05 -1.8941E-08  4.2736E-09  1.0231E-11
     0.220220
  1.1550E-05  1.8487E-06  9.7109E-06  1.0753E-05 -6.0926E-21 -4.4764E-24  7.8868E-05 -1.6934E-08 -2.7205E-09  1.9711E-11
     0.222640
  1.1344E-05  1.7413E-06  9.1017E-06  1.0487E-05 -3.2056E-21 -2.4048E-24  7.6636E-05 -1.4973E-08 -1.5881E-08  5.2095E-12
     0.225060
  1.1052E-05  1.7201E-06  9.0002E-06  1.0200E-05  9.2896E-22  3.4839E-24  7.5718E-05 -1.2327E-08 -1.9020E-08  8.9406E-13
     0.227480
  1.0770E-05  1.7086E-06  8.7582E-06  9.9756E-06  9.7923E-21 -2.5180E-25  7.3719E-05 -1.1506E-08 -1.9243E-08 -8.1070E-12
     0.229900
  1.0497E-05  1.7048E-06  8.3941E-06  9.6988E-06  1.3237E-20  2.2152E-25  7.2328E-05 -1.1279E-08 -6.1836E-09  1.7064E-12
     0.232320
  1.0237E-05  1.6817E-06  8.0359E-06  9.5364E-06 -3.8574E-21  2.7324E-24  7.0900E-05 -8.5708E-09  3.5457E-09  1.4157E-11
     0.234740
  9.9920E-06  1.6583E-06  7.8551E-06  9.3549E-06 -1.5790E-21 -5.8094E-25  6.9973E-05 -7.1440E-09  1.0184E-08  2.0101E-11
     0.237160
  9.8033E-06  1.5512E-06  7.4607E-06  9.2112E-06  3.6162E-21 -2.0594E-24  7.0435E-05 -5.7665E-09  7.0924E-09  1.7098E-11
     0.239580
  9.5944E-06  1.4918E-06  7.2443E-06  9.1128E-06  6.9125E-21 -8.3266E-25  7.3003E-05 -5.5501E-09  5.0740E-09  2.1568E-11
     0.242000
  9.3317E-06  1.4595E-06  7.2066E-06  9.0359E-06 -7.9978E-21  3.9904E-25  7.6560E-05 -7.3926E-09  1.3717E-09  1.3002E-11
     0.244420
  9.0794E-06  1.3977E-06  6.9923E-06  8.9872E-06 -1.3116E-20 -7.1371E-25  8.0204E-05 -1.0329E-08  3.1607E-09  1.0296E-11
     0.246840
  8.8458E-06  1.3203E-06  6.8002E-06  8.9808E-06  7.8290E-21 -1.5450E-24  8.4296E-05 -1.1955E-08  2.1480E-09  2.3256E-12
     0.249260
  8.5651E-06  1.3076E-06  6.7107E-06  8.9847E-06  1.6349E-21 -2.5432E-25  8.8167E-05 -1.3167E-08  4.2253E-09  4.7104E-12
     0.251680
  8.2523E-06  1.2930E-06  6.6417E-06  8.9857E-06  3.4825E-21  4.7998E-25  9.1037E-05 -1.5467E-08  9.2278E-09  1.0055E-11
     0.254100
  8.0081E-06  1.2475E-06  6.3638E-06  9.0145E-06  2.1703E-21  1.8243E-24  9.3591E-05 -1.7101E-08  1.0022E-08  1.4985E-11
     0.256520
  7.7480E-06  1.2189E-06  6.1790E-06  9.1049E-06  1.2114E-20 -3.7469E-25  9.6657E-05 -1.7441E-08  2.7606E-10  9.6462E-12
     0.258940
  7.4789E-06  1.2011E-06  6.0986E-06  9.1064E-06 -2.7514E-21  4.4650E-25  9.9660E-05 -1.7536E-08 -1.3786E-08 -3.9679E-12
     0.261360
  7.2380E-06  1.2011E-06  5.9841E-06  9.1050E-06  3.7351E-21 -1.3413E-24  1.0273E-04 -1.8425E-08 -1.4836E-08 -9.9808E-12
     0.263780
  7.0613E-06  1.1615E-06  5.9088E-06  9.1122E-06 -5.1740E-21  2.0903E-24  1.0532E-04 -2.0074E-08 -1.0078E-08 -9.3811E-12
     0.266200
  6.8833E-06  1.1676E-06  5.8574E-06  9.0826E-06  3.1420E-21  1.4347E-25  1.0711E-04 -2.1466E-08 -8.8906E-09 -5.3006E-12
     0.268620
  6.6796E-06  1.1935E-06  5.7805E-06  9.0669E-06 -7.3552E-21  2.7372E-24  1.0845E-04 -2.2082E-08 -6.8977E-09 -3.7430E-12
     0.271040
  6.4912E-06  1.2022E-06  5.7080E-06  9.0588E-06 -1.0700E-21  3.4699E-24  1.0865E-04 -2.1291E-08 -3.0737E-09 -6.1312E-12
     0.273460
  6.3266E-06  1.1849E-06  5.5093E-06  9.0449E-06 -2.0348E-21  2.8386E-24  1.0760E-04 -2.1103E-08  1.1997E-10 -9.3100E-13
     0.275880
  6.1536E-06  1.1477E-06  5.3816E-06  9.0233E-06  3.9299E-21 -2.1298E-24  1.0623E-04 -2.0581E-08  3.1277E-09  8.4988E-12
     0.278300
  6.0161E-06  1.1091E-06  5.2315E-06  8.9964E-06  1.8516E-21  3.8338E-25  1.0472E-04 -1.9801E-08  1.4831E-09  7.9988E-12
     0.280720
  5.9376E-06  1.0610E-06  5.0206E-06  8.9597E-06  4.6510E-21 -1.7715E-24  1.0471E-04 -1.9248E-08 -7.9645E-09  2.6295E-12
     0.283140
  5.8517E-06  1.0403E-06  4.9591E-06  8.9168E-06  2.2801E-20  2.4648E-24  1.0633E-04 -1.9349E-08 -1.7137E-08 -1.1023E-11
     0.285560
  5.7510E-06  1.0621E-06  4.9317E-06  8.8796E-06  9.4886E-21  1.7519E-24  1.0794E-04 -2.0647E-08 -1.9351E-08 -1.6646E-11
     0.287980
  5.6627E-06  1.0739E-06  4.8924E-06  8.8618E-06 -2.6547E-21  1.9338E-24  1.0953E-04 -2.2220E-08 -1.8342E-08 -2.2215E-11
     0.290400
  5.5724E-06  1.0815E-06  4.9056E-06  8.8480E-06 -8.5880E-21  1.5559E-24  1.1035E-04 -2.3203E-08 -9.9853E-09 -1.6590E-11
     0.292820
  5.4969E-06  1.0780E-06  4.9207E-06  8.8244E-06 -1.1840E-21 -4.1570E-24  1.0997E-04 -2.3442E-08  3.0102E-09 -2.3620E-12
     0.295240
  5.4669E-06  1.0473E-06  4.8290E-06  8.8126E-06  7.0097E-21  3.2766E-25  1.0982E-04 -2.2921E-08  1.5472E-08  1.4822E-11
     0.297660
  5.4580E-06  9.9348E-07  4.7666E-06  8.8120E-06  1.1011E-21 -3.1424E-25  1.1068E-04 -2.2251E-08  2.2946E-08  2.3944E-11
     0.300080
  5.4377E-06  9.5916E-07  4.7188E-06  8.8311E-06  1.2603E-21  6.4114E-25  1.1261E-04 -2.1650E-08  2.0265E-08  2.4771E-11
     0.302500
  5.4139E-06  9.4147E-07  4.6766E-06  8.8720E-06  2.3191E-21 -3.1106E-24  1.1516E-04 -2.1463E-08  1.1681E-08  2.1004E-11
     0.304920
  5.4124E-06  9.3335E-07  4.6700E-06  8.9208E-06  1.2792E-21 -2.9464E-24  1.1833E-04 -2.2024E-08  3.1169E-09  1.1672E-11
     0.307340
  5.4107E-06  9.4232E-07  4.7215E-06  8.9658E-06  1.6299E-20  9.1575E-25  1.2184E-04 -2.2956E-08 -5.0096E-10  5.5162E-12
     0.309760
  5.4109E-06  9.5431E-07  4.7599E-06  9.0142E-06  1.4509E-21  1.2143E-24  1.2521E-04 -2.4146E-08  2.6844E-09  7.1807E-12
     0.312180
  5.4094E-06  9.6615E-07  4.7664E-06  9.0710E-06 -3.7237E-21 -1.1151E-24  1.2839E-04 -2.5351E-08  7.5610E-09  1.2771E-11
     0.314600
  5.3999E-06  9.8005E-07  4.7845E-06  9.1338E-06 -1.7318E-20  9.2458E-25  1.3169E-04 -2.5853E-08  9.8873E-09  1.6738E-11
     0.317020
  5.3780E-06  1.0067E-06  4.8226E-06  9.2067E-06  6.2021E-21  1.4468E-24  1.3495E-04 -2.5900E-08  1.1706E-08  2.0874E-11
     0.319440
  5.3548E-06  1.0330E-06  4.8457E-06  9.2879E-06  9.8306E-21 -1.7951E-24  1.3791E-04 -2.5709E-08  9.6767E-09  1.7892E-11
     0.321860
  5.3306E-06  1.0571E-06  4.8406E-06  9.3643E-06  5.2684E-22 -6.2658E-25  1.4055E-04 -2.5846E-08  7.9969E-09  1.4677E-11
     0.324280
  5.3029E-06  1.0790E-06  4.8541E-06  9.4385E-06 -8.5555E-22 -7.6759E-25  1.4218E-04 -2.6664E-08  7.3124E-09  1.5607E-11
     0.326700
  5.2800E-06  1.0914E-06  4.8437E-06  9.5116E-06  3.3058E-21 -6.5862E-25  1.4316E-04 -2.7188E-08  4.4808E-09  1.2718E-11
     0.329120
  5.2662E-06  1.0947E-06  4.7726E-06  9.5819E-06  1.1491E-20 -1.5137E-24  1.4406E-04 -2.6989E-08  1.6003E-09  9.4260E-12
     0.331540
  5.2461E-06  1.0956E-06  4.7161E-06  9.6472E-06 -5.8619E-21 -3.2827E-24  1.4538E-04 -2.6367E-08 -3.7853E-09  1.6215E-12
     0.333960
  5.2181E-06  1.0988E-06  4.6805E-06  9.7111E-06  6.2477E-21 -4.7567E-24  1.4724E-04 -2.6305E-08 -9.0417E-09 -3.8180E-12
     0.336380
  5.1803E-06  1.1089E-06  4.7001E-06  9.7731E-06 -7.1336E-21  5.9556E-25  1.4910E-04 -2.7051E-08 -1.1140E-08 -7.3402E-12
     0.338800
  5.1512E-06  1.1203E-06  4.7288E-06  9.8340E-06  7.9715E-21 -2.0787E-24  1.5067E-04 -2.8257E-08 -1.0225E-08 -8.0709E-12
     0.341220
  5.1396E-06  1.1266E-06  4.7041E-06  9.9006E-06 -3.8936E-21 -6.9391E-25  1.5204E-04 -2.9449E-08 -8.9597E-09 -8.2526E-12
     0.343640
  5.1284E-06  1.1260E-06  4.7015E-06  9.9715E-06 -7.9609E-21 -2.9515E-24  1.5352E-04 -3.0247E-08 -9.5362E-09 -1.1187E-11
     0.346060
  5.1149E-06  1.1225E-06  4.6962E-06  1.0045E-05 -3.1138E-22 -9.8037E-25  1.5537E-04 -3.0637E-08 -1.0006E-08 -1.2861E-11
     0.348480
  5.1039E-06  1.1142E-06  4.7194E-06  1.0129E-05  4.0816E-21 -1.4775E-24  1.5760E-04 -3.1060E-08 -9.3539E-09 -1.3065E-11
     0.350900
  5.0981E-06  1.1184E-06  4.7445E-06  1.0228E-05  8.8194E-21 -5.6058E-24  1.6001E-04 -3.1649E-08 -8.2684E-09 -1.2099E-11
     0.353320
  5.1018E-06  1.1283E-06  4.7678E-06  1.0340E-05 -2.1503E-21 -5.2917E-24  1.6267E-04 -3.2170E-08 -8.6474E-09 -1.2281E-11
     0.355740
  5.1102E-06  1.1379E-06  4.7826E-06  1.0456E-05 -9.6537E-21  4.5053E-24  1.6556E-04 -3.2918E-08 -9.7503E-09 -1.2981E-11
     0.358160
  5.1145E-06  1.1490E-06  4.8121E-06  1.0573E-05 -2.6466E-20 -5.0847E-24  1.6872E-04 -3.3878E-08 -9.1272E-09 -1.2508E-11
     0.360580
  5.1169E-06  1.1625E-06  4.8451E-06  1.0686E-05  8.8001E-21  2.4066E-24  1.7198E-04 -3.4952E-08 -5.9649E-09 -7.8192E-12
     0.363000
  5.1203E-06  1.1779E-06  4.8821E-06  1.0801E-05 -4.3312E-21 -3.0593E-24  1.7522E-04 -3.5856E-08 -2.1136E-09 -2.3024E-12
     0.365420
  5.1238E-06  1.1954E-06  4.9247E-06  1.0919E-05 -2.3845E-23  4.0431E-24  1.7841E-04 -3.6420E-08  1.6235E-09  3.1242E-12
     0.367840
  5.1320E-06  1.2108E-06  4.9345E-06  1.1040E-05 -1.8357E-21 -7.1304E-24  1.8151E-04 -3.6813E-08  5.5656E-09  7.2747E-12
     0.370260
  5.1417E-06  1.2324E-06  4.9514E-06  1.1158E-05  5.6796E-21  7.6376E-25  1.8455E-04 -3.7282E-08  8.8206E-09  1.0772E-11
     0.372680
  5.1565E-06  1.2554E-06  4.9638E-06  1.1279E-05  2.3044E-20 -1.0193E-24  1.8736E-04 -3.7834E-08  1.1379E-08  1.4230E-11
     0.375100
  5.1694E-06  1.2792E-06  4.9797E-06  1.1392E-05  8.8878E-21  3.2887E-25  1.8980E-04 -3.8218E-08  1.3385E-08  1.7738E-11
     0.377520
  5.1830E-06  1.2967E-06  4.9881E-06  1.1500E-05 -6.6390E-21  1.5903E-24  1.9189E-04 -3.8233E-08  1.3296E-08  1.8851E-11
     0.379940
  5.1932E-06  1.3059E-06  4.9774E-06  1.1607E-05  7.7591E-21 -3.1322E-24  1.9383E-04 -3.7994E-08  1.0833E-08  1.5796E-11
     0.382360
  5.2016E-06  1.3107E-06  4.9547E-06  1.1707E-05  2.6012E-20  1.3848E-24  1.9570E-04 -3.7799E-08  7.8544E-09  1.2548E-11
     0.384780
  5.2059E-06  1.3241E-06  4.9565E-06  1.1799E-05  1.3691E-20 -9.7150E-25  1.9759E-04 -3.7780E-08  5.8178E-09  9.4046E-12
     0.387200
  5.2076E-06  1.3461E-06  4.9677E-06  1.1882E-05  4.2680E-21 -4.2488E-24  1.9935E-04 -3.8009E-08  6.1485E-09  9.6581E-12
     0.389620
  5.2086E-06  1.3691E-06  4.9817E-06  1.1964E-05  3.2692E-21  2.8837E-24  2.0078E-04 -3.8472E-08  8.0594E-09  1.3265E-11
     0.392040
  5.2126E-06  1.3881E-06  4.9913E-06  1.2050E-05  6.8823E-22 -1.0983E-24  2.0188E-04 -3.8986E-08  8.6828E-09  1.6017E-11
     0.394460
  5.2220E-06  1.3990E-06  4.9939E-06  1.2141E-05 -4.6367E-21  7.7626E-25  2.0281E-04 -3.9230E-08  5.7690E-09  1.3699E-11
     0.396880
  5.2345E-06  1.4024E-06  4.9866E-06  1.2234E-05 -1.7662E-20 -2.0058E-25  2.0391E-04 -3.9377E-08  7.5278E-10  8.0856E-12
     0.399300
  5.2489E-06  1.3986E-06  4.9876E-06  1.2329E-05 -1.8318E-20 -8.7340E-25  2.0529E-04 -3.9767E-08 -3.6688E-09  2.5352E-12
     0.401720
  5.2674E-06  1.3957E-06  5.0127E-06  1.2426E-05 -1.0266E-20  3.3368E-25  2.0691E-04 -4.0343E-08 -7.4723E-09 -2.7004E-12
     0.404140
  5.2924E-06  1.3954E-06  5.0552E-06  1.2522E-05  5.7174E-22  5.8094E-24  2.0883E-04 -4.1125E-08 -1.0339E-08 -7.8901E-12
     0.406560
  5.3242E-06  1.3975E-06  5.1104E-06  1.2617E-05 -1.6538E-20  3.2693E-24  2.1109E-04 -4.2094E-08 -1.1293E-08 -1.1073E-11
     0.408980
  5.3606E-06  1.4062E-06  5.1835E-06  1.2713E-05 -2.8907E-21 -2.6500E-24  2.1363E-04 -4.3026E-08 -1.0349E-08 -1.1190E-11
     0.411400
  5.3988E-06  1.4151E-06  5.2645E-06  1.2813E-05 -6.0473E-21  3.4253E-24  2.1630E-04 -4.3809E-08 -7.9006E-09 -1.0097E-11
     0.413820
  5.4370E-06  1.4281E-06  5.3435E-06  1.2917E-05 -8.5318E-21  4.7075E-24  2.1921E-04 -4.4429E-08 -4.8477E-09 -7.3107E-12
     0.416240
  5.4735E-06  1.4476E-06  5.4196E-06  1.3029E-05  1.0868E-20  2.0552E-24  2.2231E-04 -4.5170E-08 -2.8987E-10 -6.8844E-13
     0.418660
  5.5123E-06  1.4666E-06  5.4858E-06  1.3152E-05 -4.0952E-21 -3.3151E-24  2.2528E-04 -4.6045E-08  3.7196E-09  6.0355E-12
     0.421080
  5.5549E-06  1.4878E-06  5.5426E-06  1.3283E-05 -1.4201E-20  8.1155E-25  2.2823E-04 -4.6669E-08  4.5980E-09  8.0235E-12
     0.423500
  5.5988E-06  1.5071E-06  5.5893E-06  1.3420E-05  2.8397E-20  2.0240E-24  2.3137E-04 -4.7114E-08  4.7184E-09  8.1991E-12
     0.425920
  5.6447E-06  1.5258E-06  5.6346E-06  1.3564E-05 -2.1395E-20  4.7123E-24  2.3464E-04 -4.7499E-08  6.1061E-09  1.2240E-11
     0.428340
  5.6944E-06  1.5464E-06  5.6780E-06  1.3713E-05  2.0457E-21  5.7530E-25  2.3789E-04 -4.7887E-08  6.5827E-09  1.6137E-11
     0.430760
  5.7477E-06  1.5658E-06  5.7218E-06  1.3865E-05 -7.8609E-21  3.9562E-24  2.4124E-04 -4.8163E-08  4.5173E-09  1.4029E-11
     0.433180
  5.8001E-06  1.5865E-06  5.7636E-06  1.4023E-05 -3.7905E-21  1.4800E-24  2.4484E-04 -4.8259E-08  2.3298E-09  8.7274E-12
     0.435600
  5.8505E-06  1.6093E-06  5.8140E-06  1.4183E-05  1.6943E-20 -5.9609E-27  2.4845E-04 -4.8430E-08  1.7294E-09  5.1902E-12
     0.438020
  5.9006E-06  1.6328E-06  5.8741E-06  1.4349E-05  3.4018E-20 -1.6979E-24  2.5193E-04 -4.8748E-08  3.3928E-09  6.3941E-12
     0.440440
  5.9514E-06  1.6551E-06  5.9345E-06  1.4521E-05  4.5048E-20  1.0624E-24  2.5518E-04 -4.9092E-08  6.1866E-09  1.1090E-11
     0.442860
  6.0049E-06  1.6725E-06  5.9827E-06  1.4699E-05  1.6711E-20  2.9546E-24  2.5833E-04 -4.9410E-08  7.1213E-09  1.3295E-11
     0.445280
  6.0598E-06  1.6871E-06  6.0218E-06  1.4883E-05 -3.9977E-21  3.9186E-24  2.6163E-04 -4.9860E-08  6.0292E-09  1.1253E-11
     0.447700
  6.1163E-06  1.7025E-06  6.0684E-06  1.5072E-05  5.9306E-22  1.8012E-24  2.6508E-04 -5.0603E-08  4.5322E-09  7.7894E-12
     0.450120
  6.1769E-06  1.7214E-06  6.1266E-06  1.5266E-05  1.2113E-20  4.0997E-24  2.6849E-04 -5.1459E-08  2.8403E-09  5.3494E-12
     0.452540
  6.2406E-06  1.7418E-06  6.1899E-06  1.5463E-05 -1.4759E-20 -1.9602E-24  2.7197E-04 -5.2264E-08  9.6422E-10  3.8445E-12
     0.454960
  6.3049E-06  1.7610E-06  6.2495E-06  1.5664E-05  5.1210E-21 -2.0972E-24  2.7555E-04 -5.3143E-08 -4.5712E-10  3.0533E-12
     0.457380
  6.3689E-06  1.7799E-06  6.3164E-06  1.5865E-05  1.8052E-20 -9.3365E-28  2.7914E-04 -5.4113E-08 -2.0511E-09  1.1139E-12
     0.459800
  6.4333E-06  1.8003E-06  6.3871E-06  1.6065E-05  2.8869E-22 -7.8922E-24  2.8270E-04 -5.5082E-08 -3.5683E-09 -1.4820E-12
     0.462220
  6.4980E-06  1.8196E-06  6.4531E-06  1.6266E-05 -4.9719E-21 -5.6187E-24  2.8625E-04 -5.6049E-08 -5.2334E-09 -4.1362E-12
     0.464640
  6.5621E-06  1.8388E-06  6.5201E-06  1.6465E-05 -7.6246E-21  8.2951E-25  2.8991E-04 -5.7041E-08 -7.2535E-09 -7.5617E-12
     0.467060
  6.6235E-06  1.8628E-06  6.5946E-06  1.6661E-05 -1.3040E-21 -2.3673E-24  2.9373E-04 -5.8149E-08 -7.6770E-09 -8.9981E-12
     0.469480
  6.6831E-06  1.8907E-06  6.6738E-06  1.6855E-05  1.7498E-22  5.2242E-24  2.9746E-04 -5.9374E-08 -6.7425E-09 -8.1607E-12
     0.471900
  6.7444E-06  1.9184E-06  6.7462E-06  1.7050E-05  7.6991E-22 -4.1569E-24  3.0103E-04 -6.0439E-08 -7.2122E-09 -1.0215E-11
     0.474320
  6.8071E-06  1.9475E-06  6.8153E-06  1.7242E-05 -2.0630E-20  7.0813E-24  3.0467E-04 -6.1146E-08 -7.6752E-09 -1.3584E-11
     0.476740
  6.8681E-06  1.9802E-06  6.8860E-06  1.7432E-05 -1.6146E-20  1.4240E-24  3.0841E-04 -6.1735E-08 -4.1557E-09 -9.6102E-12
     0.479160
  6.9282E-06  2.0120E-06  6.9557E-06  1.7623E-05  1.8483E-20 -8.2221E-24  3.1205E-04 -6.2362E-08  9.7565E-10 -9.7077E-13
     0.481580
  6.9893E-06  2.0390E-06  7.0185E-06  1.7814E-05  3.5990E-21  4.7091E-24  3.1562E-04 -6.2898E-08  3.0136E-09  3.2349E-12
     0.484000
  7.0504E-06  2.0630E-06  7.0757E-06  1.8004E-05  8.0869E-21  1.1073E-24  3.1931E-04 -6.3377E-08  2.8189E-09  2.9853E-12
     0.486420
  7.1101E-06  2.0870E-06  7.1359E-06  1.8195E-05 -5.9684E-21 -3.7889E-25  3.2316E-04 -6.3931E-08  3.2967E-09  3.2533E-12
     0.488840
  7.1683E-06  2.1125E-06  7.2010E-06  1.8390E-05  1.3603E-20 -1.8527E-24  3.2714E-04 -6.4535E-08  4.5035E-09  4.9656E-12
     0.491260
  7.2264E-06  2.1391E-06  7.2701E-06  1.8587E-05  7.4685E-21  3.2465E-24  3.3117E-04 -6.5211E-08  5.0829E-09  5.8773E-12
     0.493680
  7.2855E-06  2.1665E-06  7.3425E-06  1.8786E-05 -3.2762E-20  3.3706E-24  3.3521E-04 -6.6026E-08  5.7707E-09  7.1566E-12
     0.496100
  7.3470E-06  2.1933E-06  7.4165E-06  1.8988E-05  1.1180E-20 -6.9315E-25  3.3924E-04 -6.6927E-08  7.2183E-09  1.0154E-11
     0.498520
  7.4114E-06  2.2198E-06  7.4909E-06  1.9196E-05 -7.2690E-21  3.6163E-24  3.4322E-04 -6.7768E-08  8.2126E-09  1.3530E-11
     0.500940
  7.4784E-06  2.2460E-06  7.5642E-06  1.9410E-05  1.6008E-20  9.4820E-24  3.4719E-04 -6.8420E-08  7.5566E-09  1.4259E-11
     0.503360
  7.5478E-06  2.2704E-06  7.6353E-06  1.9627E-05  3.8858E-20 -1.5764E-23  3.5123E-04 -6.8996E-08  6.1014E-09  1.2579E-11
     0.505780
  7.6197E-06  2.2928E-06  7.7070E-06  1.9846E-05 -1.4980E-20 -1.3879E-24  3.5533E-04 -6.9697E-08  4.9290E-09  1.0648E-11
     0.508200
  7.6939E-06  2.3159E-06  7.7854E-06  2.0070E-05  6.3363E-21  1.5557E-24  3.5952E-04 -7.0547E-08  4.6201E-09  1.0027E-11
     0.510620
  7.7717E-06  2.3401E-06  7.8719E-06  2.0300E-05 -2.1137E-20  4.2008E-25  3.6373E-04 -7.1500E-08  5.1449E-09  1.1021E-11
     0.513040
  7.8547E-06  2.3635E-06  7.9613E-06  2.0535E-05 -3.7433E-20 -2.4504E-24  3.6793E-04 -7.2472E-08  5.1371E-09  1.1718E-11
     0.515460
  7.9430E-06  2.3856E-06  8.0500E-06  2.0775E-05  2.3951E-20  1.3586E-23  3.7223E-04 -7.3363E-08  4.2418E-09  1.0587E-11
     0.517880
  8.0349E-06  2.4076E-06  8.1379E-06  2.1021E-05  3.8433E-20 -4.6945E-24  3.7670E-04 -7.4217E-08  3.8591E-09  9.9350E-12
     0.520300
  8.1296E-06  2.4308E-06  8.2287E-06  2.1273E-05 -3.6612E-21 -4.2241E-24  3.8133E-04 -7.5113E-08  4.4168E-09  1.1098E-11
     0.522720
  8.2274E-06  2.4560E-06  8.3232E-06  2.1531E-05  1.0315E-20  2.7464E-24  3.8608E-04 -7.6027E-08  4.7019E-09  1.2073E-11
     0.525140
  8.3284E-06  2.4835E-06  8.4199E-06  2.1794E-05  7.2752E-21  3.6310E-24  3.9094E-04 -7.6962E-08  3.8102E-09  1.1210E-11
     0.527560
  8.4313E-06  2.5127E-06  8.5177E-06  2.2061E-05 -7.1393E-21 -6.7438E-24  3.9596E-04 -7.7895E-08  2.0305E-09  8.8276E-12
     0.529980
  8.5343E-06  2.5441E-06  8.6182E-06  2.2334E-05 -2.2392E-20 -1.6363E-23  4.0116E-04 -7.8796E-08  3.2949E-10  6.1332E-12
     0.532400
  8.6366E-06  2.5785E-06  8.7225E-06  2.2610E-05  2.3624E-20 -4.2131E-24  4.0653E-04 -7.9782E-08 -6.6127E-10  4.7096E-12
     0.534820
  8.7384E-06  2.6156E-06  8.8316E-06  2.2890E-05 -3.5298E-20  6.1746E-24  4.1199E-04 -8.0924E-08 -1.2145E-09  3.8313E-12
     0.537240
  8.8395E-06  2.6551E-06  8.9451E-06  2.3174E-05 -4.1165E-20 -8.1239E-24  4.1749E-04 -8.2095E-08 -1.4288E-09  3.1368E-12
     0.539660
  8.9405E-06  2.6949E-06  9.0573E-06  2.3463E-05 -1.4314E-20  1.1560E-23  4.2300E-04 -8.3183E-08 -1.0279E-09  3.1716E-12
     0.542080
  9.0414E-06  2.7324E-06  9.1635E-06  2.3755E-05 -3.5452E-22  3.1603E-24  4.2854E-04 -8.4243E-08 -8.3473E-11  4.3062E-12
     0.544500
  9.1423E-06  2.7685E-06  9.2678E-06  2.4051E-05 -8.1457E-21  6.5619E-24  4.3411E-04 -8.5357E-08  5.0924E-10  5.5269E-12
     0.546920
  9.2432E-06  2.8054E-06  9.3746E-06  2.4349E-05  1.2128E-20 -5.2317E-24  4.3973E-04 -8.6478E-08  1.4938E-10  5.4473E-12
     0.549340
  9.3440E-06  2.8429E-06  9.4826E-06  2.4649E-05 -4.9370E-20 -3.8828E-24  4.4540E-04 -8.7565E-08 -5.4369E-10  4.1366E-12
     0.551760
  9.4447E-06  2.8798E-06  9.5897E-06  2.4951E-05  1.6330E-20 -2.4642E-24  4.5109E-04 -8.8685E-08 -1.0691E-09  2.4120E-12
     0.554180
  9.5457E-06  2.9167E-06  9.6982E-06  2.5255E-05 -1.8632E-20 -2.0401E-23  4.5676E-04 -8.9868E-08 -1.3086E-09  1.1799E-12
     0.556600
  9.6477E-06  2.9541E-06  9.8087E-06  2.5561E-05 -4.0051E-21  5.4789E-24  4.6242E-04 -9.1054E-08 -1.2260E-09  8.3795E-13
     0.559020
  9.7510E-06  2.9914E-06  9.9201E-06  2.5869E-05 -3.3715E-20  3.8080E-24  4.6806E-04 -9.2223E-08 -1.0362E-09  6.7601E-13
     0.561440
  9.8558E-06  3.0280E-06  1.0031E-05  2.6179E-05  6.2847E-21 -1.3704E-23  4.7369E-04 -9.3404E-08 -7.2443E-10  6.8306E-13
     0.563860
  9.9622E-06  3.0643E-06  1.0143E-05  2.6490E-05 -2.2592E-20  3.3199E-24  4.7932E-04 -9.4590E-08 -1.8569E-10  1.1966E-12
     0.566280
  1.0070E-05  3.1010E-06  1.0257E-05  2.6802E-05  2.8079E-21 -1.4097E-23  4.8496E-04 -9.5768E-08  6.8578E-10  2.2525E-12
     0.568700
  1.0180E-05  3.1384E-06  1.0372E-05  2.7115E-05 -2.6970E-20 -8.5575E-24  4.9059E-04 -9.6960E-08  2.1026E-09  4.2514E-12
     0.571120
  1.0293E-05  3.1748E-06  1.0486E-05  2.7433E-05 -1.2746E-20  6.7241E-24  4.9616E-04 -9.8135E-08  3.3506E-09  6.6812E-12
     0.573540
  1.0410E-05  3.2097E-06  1.0599E-05  2.7753E-05 -3.1099E-21  1.6485E-23  5.0176E-04 -9.9215E-08  2.9480E-09  6.8422E-12
     0.575960
  1.0530E-05  3.2437E-06  1.0712E-05  2.8078E-05  2.7902E-20 -1.0462E-23  5.0752E-04 -1.0022E-07  1.0613E-09  4.0989E-12
     0.578380
  1.0652E-05  3.2790E-06  1.0831E-05  2.8405E-05  3.8775E-21 -9.9577E-24  5.1351E-04 -1.0128E-07 -5.9919E-10  1.2506E-12
     0.580800
  1.0776E-05  3.3171E-06  1.0958E-05  2.8737E-05 -6.1522E-20  7.8269E-24  5.1965E-04 -1.0247E-07 -1.0442E-09  3.4745E-13
     0.583220
  1.0902E-05  3.3578E-06  1.1092E-05  2.9074E-05  8.4883E-20  6.2483E-24  5.2591E-04 -1.0371E-07 -9.3720E-11  1.9720E-12
     0.585640
  1.1032E-05  3.3994E-06  1.1227E-05  2.9418E-05  1.9443E-20 -8.5415E-26  5.3226E-04 -1.0493E-07  1.5232E-09  4.9217E-12
     0.588060
  1.1164E-05  3.4399E-06  1.1360E-05  2.9771E-05 -8.6968E-21 -1.2073E-23  5.3877E-04 -1.0610E-07  2.7120E-09  7.1850E-12
     0.590480
  1.1298E-05  3.4795E-06  1.1494E-05  3.0131E-05 -7.0800E-20 -8.3686E-24  5.4549E-04 -1.0730E-07  3.2591E-09  8.2933E-12
     0.592900
  1.1435E-05  3.5197E-06  1.1631E-05  3.0499E-05  7.1511E-20 -1.1282E-23  5.5245E-04 -1.0859E-07  3.6201E-09  9.0170E-12
     0.595320
  1.1574E-05  3.5616E-06  1.1773E-05  3.0875E-05  3.3856E-20 -2.0409E-23  5.5960E-04 -1.1000E-07  3.8940E-09  9.9216E-12
     0.597740
  1.1714E-05  3.6058E-06  1.1919E-05  3.1258E-05  4.6623E-21 -4.5406E-26  5.6692E-04 -1.1147E-07  3.5122E-09  1.0006E-11
     0.600160
  1.1855E-05  3.6516E-06  1.2069E-05  3.1649E-05  6.6960E-20  6.5918E-24  5.7435E-04 -1.1295E-07  2.4250E-09  9.0415E-12
     0.602580
  1.1997E-05  3.6984E-06  1.2219E-05  3.2046E-05 -5.5278E-21 -3.6211E-24  5.8188E-04 -1.1444E-07  1.4228E-09  7.6488E-12
     0.605000
  1.2140E-05  3.7463E-06  1.2371E-05  3.2447E-05  3.2323E-20  6.8524E-24  5.8949E-04 -1.1597E-07  1.3735E-09  7.4431E-12
     0.607420
  1.2283E-05  3.7955E-06  1.2523E-05  3.2854E-05  4.1867E-21 -9.8742E-24  5.9714E-04 -1.1754E-07  1.9956E-09  8.4563E-12
     0.609840
  1.2427E-05  3.8461E-06  1.2677E-05  3.3264E-05 -2.7051E-21 -5.5455E-24  6.0482E-04 -1.1907E-07  2.3476E-09  9.0506E-12
     0.612260
  1.2572E-05  3.8974E-06  1.2832E-05  3.3679E-05 -1.1466E-20 -2.8108E-24  6.1249E-04 -1.2059E-07  2.3370E-09  9.0529E-12
     0.614680
  1.2718E-05  3.9486E-06  1.2986E-05  3.4097E-05  1.8952E-20  1.0213E-23  6.2015E-04 -1.2210E-07  2.2292E-09  8.9436E-12
     0.617100
  1.2866E-05  3.9992E-06  1.3139E-05  3.4520E-05 -1.1331E-20 -8.9372E-24  6.2779E-04 -1.2363E-07  2.1799E-09  9.0481E-12
     0.619520
  1.3016E-05  4.0491E-06  1.3292E-05  3.4946E-05  6.7045E-20 -3.7423E-24  6.3543E-04 -1.2514E-07  2.0307E-09  9.1162E-12
     0.621940
  1.3169E-05  4.0985E-06  1.3446E-05  3.5375E-05 -3.8394E-20  3.5714E-24  6.4312E-04 -1.2666E-07  1.4435E-09  8.3265E-12
     0.624360
  1.3324E-05  4.1479E-06  1.3601E-05  3.5808E-05  4.4587E-20 -1.5327E-23  6.5089E-04 -1.2818E-07  5.0406E-10  6.7410E-12
     0.626780
  1.3482E-05  4.1978E-06  1.3761E-05  3.6245E-05 -1.8850E-20 -7.4810E-24  6.5873E-04 -1.2974E-07 -5.5637E-10  4.8558E-12
     0.629200
  1.3642E-05  4.2485E-06  1.3924E-05  3.6685E-05 -3.2255E-20 -1.3662E-23  6.6665E-04 -1.3132E-07 -1.4664E-09  3.0345E-12
     0.631620
  1.3805E-05  4.3000E-06  1.4090E-05  3.7130E-05 -6.4933E-20 -2.8595E-24  6.7466E-04 -1.3292E-07 -1.7665E-09  1.8588E-12
     0.634040
  1.3971E-05  4.3518E-06  1.4258E-05  3.7579E-05 -8.4228E-22  2.0135E-24  6.8275E-04 -1.3454E-07 -1.3073E-09  1.9859E-12
     0.636460
  1.4140E-05  4.4037E-06  1.4429E-05  3.8034E-05  6.6429E-20  1.0331E-23  6.9095E-04 -1.3618E-07 -7.6346E-10  2.6679E-12
     0.638880
  1.4312E-05  4.4558E-06  1.4602E-05  3.8495E-05  4.0775E-21  4.8722E-24  6.9931E-04 -1.3781E-07 -7.4312E-10  2.7077E-12
     0.641300
  1.4486E-05  4.5087E-06  1.4779E-05  3.8962E-05 -3.5787E-20  7.7260E-24  7.0783E-04 -1.3947E-07 -1.1585E-09  2.3075E-12
     0.643720
  1.4663E-05  4.5628E-06  1.4958E-05  3.9435E-05  3.2217E-20  1.2437E-25  7.1652E-04 -1.4117E-07 -1.7456E-09  1.5217E-12
     0.646140
  1.4841E-05  4.6184E-06  1.5141E-05  3.9915E-05 -1.5438E-20  8.9764E-24  7.2538E-04 -1.4293E-07 -2.0292E-09  6.2832E-13
     0.648560
  1.5022E-05  4.6754E-06  1.5328E-05  4.0403E-05 -1.5756E-20  1.5994E-23  7.3439E-04 -1.4474E-07 -1.5239E-09  9.6877E-13
     0.650980
  1.5205E-05  4.7333E-06  1.5516E-05  4.0897E-05  4.8589E-20  1.5792E-23  7.4354E-04 -1.4657E-07 -6.5063E-10  2.1905E-12
     0.653400
  1.5391E-05  4.7923E-06  1.5708E-05  4.1399E-05 -4.3451E-20  1.1640E-24  7.5285E-04 -1.4839E-07 -1.1848E-10  2.9514E-12
     0.655820
  1.5578E-05  4.8523E-06  1.5902E-05  4.1909E-05 -4.2456E-20  3.6355E-24  7.6230E-04 -1.5022E-07  1.0541E-10  3.3532E-12
     0.658240
  1.5767E-05  4.9131E-06  1.6098E-05  4.2426E-05 -4.3493E-21 -1.9551E-23  7.7188E-04 -1.5208E-07  2.9216E-10  3.6694E-12
     0.660660
  1.5958E-05  4.9746E-06  1.6296E-05  4.2950E-05 -1.8903E-19 -1.6848E-23  7.8159E-04 -1.5397E-07  5.7977E-10  4.0653E-12
     0.663080
  1.6152E-05  5.0368E-06  1.6496E-05  4.3481E-05  6.4068E-20  6.8697E-24  7.9142E-04 -1.5588E-07  1.0041E-09  4.7397E-12
     0.665500
  1.6347E-05  5.0997E-06  1.6699E-05  4.4019E-05  5.1982E-20 -4.5655E-24  8.0137E-04 -1.5782E-07  1.5068E-09  5.6075E-12
     0.667920
  1.6545E-05  5.1635E-06  1.6903E-05  4.4564E-05  6.2002E-21  1.2607E-23  8.1142E-04 -1.5979E-07  1.9757E-09  6.5157E-12
     0.670340
  1.6745E-05  5.2281E-06  1.7111E-05  4.5115E-05 -2.1973E-20  4.4195E-25  8.2157E-04 -1.6179E-07  2.3110E-09  7.3211E-12
     0.672760
  1.6947E-05  5.2935E-06  1.7320E-05  4.5672E-05  2.1122E-20  2.3344E-24  8.3180E-04 -1.6381E-07  2.4374E-09  7.7898E-12
     0.675180
  1.7152E-05  5.3594E-06  1.7532E-05  4.6236E-05  1.5568E-19  6.6477E-24  8.4209E-04 -1.6584E-07  2.3956E-09  7.9673E-12
     0.677600
  1.7360E-05  5.4259E-06  1.7744E-05  4.6806E-05 -6.7521E-21 -2.0586E-23  8.5247E-04 -1.6788E-07  2.2863E-09  8.1262E-12
     0.680020
  1.7570E-05  5.4930E-06  1.7959E-05  4.7381E-05  6.3391E-21 -2.2269E-23  8.6292E-04 -1.6993E-07  2.0696E-09  8.1412E-12
     0.682440
  1.7782E-05  5.5610E-06  1.8176E-05  4.7963E-05 -1.8099E-21  9.5631E-24  8.7348E-04 -1.7200E-07  1.8013E-09  7.9801E-12
     0.684860
  1.7998E-05  5.6298E-06  1.8396E-05  4.8551E-05 -5.1271E-20 -4.8199E-24  8.8413E-04 -1.7411E-07  1.6376E-09  8.0129E-12
     0.687280
  1.8216E-05  5.6993E-06  1.8618E-05  4.9146E-05  6.7396E-20  8.5813E-24  8.9487E-04 -1.7626E-07  1.5064E-09  8.2396E-12
     0.689700
  1.8438E-05  5.7695E-06  1.8844E-05  4.9747E-05 -4.8722E-20  1.5162E-23  9.0573E-04 -1.7842E-07  1.2449E-09  8.2319E-12
     0.692120
  1.8663E-05  5.8402E-06  1.9071E-05  5.0356E-05  1.7102E-22  2.9794E-24  9.1672E-04 -1.8059E-07  9.0768E-10  7.8768E-12
     0.694540
  1.8891E-05  5.9115E-06  1.9302E-05  5.0972E-05 -7.6230E-20 -8.4362E-24  9.2786E-04 -1.8279E-07  6.8741E-10  7.6064E-12
     0.696960
  1.9122E-05  5.9833E-06  1.9536E-05  5.1596E-05 -9.1260E-21  1.3484E-23  9.3916E-04 -1.8502E-07  5.8503E-10  7.5908E-12
     0.699380
  1.9357E-05  6.0555E-06  1.9773E-05  5.2229E-05  1.0303E-20 -7.0939E-24  9.5063E-04 -1.8729E-07  3.7789E-10  7.3383E-12
     0.701800
  1.9595E-05  6.1282E-06  2.0015E-05  5.2869E-05 -6.1618E-20 -1.1607E-23  9.6229E-04 -1.8958E-07  9.8607E-11  6.8036E-12
     0.704220
  1.9836E-05  6.2019E-06  2.0259E-05  5.3519E-05  3.3352E-20 -4.2832E-24  9.7415E-04 -1.9191E-07  2.3655E-11  6.6425E-12
     0.706640
  2.0081E-05  6.2767E-06  2.0509E-05  5.4177E-05 -1.6618E-20 -5.3621E-24  9.8623E-04 -1.9429E-07  1.5874E-11  6.8212E-12
     0.709060
  2.0328E-05  6.3531E-06  2.0763E-05  5.4844E-05 -1.4168E-20  7.8459E-24  9.9850E-04 -1.9670E-07 -3.1180E-10  6.4771E-12
     0.711480
  2.0579E-05  6.4309E-06  2.1020E-05  5.5521E-05  4.1986E-20  4.6580E-24  1.0110E-03 -1.9916E-07 -8.3988E-10  5.6055E-12
     0.713900
  2.0832E-05  6.5104E-06  2.1282E-05  5.6207E-05  4.9864E-20  3.7880E-23  1.0236E-03 -2.0166E-07 -1.1892E-09  5.0916E-12
     0.716320
  2.1088E-05  6.5914E-06  2.1547E-05  5.6902E-05 -3.1675E-20 -8.7566E-24  1.0365E-03 -2.0420E-07 -1.4674E-09  4.8092E-12
     0.718740
  2.1347E-05  6.6739E-06  2.1814E-05  5.7606E-05  9.3715E-20  7.5876E-24  1.0494E-03 -2.0676E-07 -1.8629E-09  4.0964E-12
     0.721160
  2.1608E-05  6.7580E-06  2.2085E-05  5.8318E-05  5.7934E-20  2.4498E-23  1.0626E-03 -2.0935E-07 -2.0946E-09  3.4566E-12
     0.723580
  2.1872E-05  6.8435E-06  2.2359E-05  5.9039E-05  8.7643E-20  2.2175E-23  1.0758E-03 -2.1197E-07 -2.0612E-09  3.3506E-12
     0.726000
  2.2138E-05  6.9301E-06  2.2635E-05  5.9769E-05  3.6506E-20 -1.4098E-23  1.0892E-03 -2.1461E-07 -2.0608E-09  3.2463E-12
     0.728420
  2.2408E-05  7.0173E-06  2.2913E-05  6.0508E-05  7.5189E-20 -1.9277E-23  1.1027E-03 -2.1726E-07 -2.1123E-09  2.9619E-12
     0.730840
  2.2681E-05  7.1053E-06  2.3194E-05  6.1254E-05  3.5885E-20 -4.5544E-24  1.1163E-03 -2.1994E-07 -2.0517E-09  2.7969E-12
     0.733260
  2.2958E-05  7.1940E-06  2.3478E-05  6.2009E-05  3.5637E-20 -2.2693E-23  1.1300E-03 -2.2263E-07 -1.9165E-09  2.7221E-12
     0.735680
  2.3238E-05  7.2833E-06  2.3764E-05  6.2772E-05 -4.2989E-20 -1.9892E-23  1.1439E-03 -2.2534E-07 -1.7207E-09  2.7793E-12
     0.738100
  2.3522E-05  7.3732E-06  2.4054E-05  6.3544E-05 -1.9510E-20 -9.0832E-24  1.1579E-03 -2.2808E-07 -1.4905E-09  3.0580E-12
     0.740520
  2.3809E-05  7.4636E-06  2.4346E-05  6.4325E-05 -7.2364E-21  7.1443E-24  1.1721E-03 -2.3085E-07 -1.4501E-09  3.1842E-12
     0.742940
  2.4101E-05  7.5548E-06  2.4643E-05  6.5115E-05 -3.3633E-20  1.6065E-23  1.1864E-03 -2.3365E-07 -1.6289E-09  2.9641E-12
     0.745360
  2.4397E-05  7.6469E-06  2.4943E-05  6.5915E-05  3.1584E-20 -1.1241E-23  1.2009E-03 -2.3649E-07 -1.7831E-09  2.7894E-12
     0.747780
  2.4697E-05  7.7400E-06  2.5248E-05  6.6725E-05  1.0522E-19  6.2540E-24  1.2156E-03 -2.3939E-07 -1.8739E-09  2.8085E-12
     0.750200
  2.5001E-05  7.8345E-06  2.5557E-05  6.7545E-05 -3.3280E-20  9.0218E-24  1.2305E-03 -2.4233E-07 -2.0082E-09  2.7680E-12
     0.752620
  2.5309E-05  7.9302E-06  2.5871E-05  6.8375E-05 -4.8816E-20  4.9088E-24  1.2457E-03 -2.4532E-07 -2.1180E-09  2.7005E-12
     0.755040
  2.5621E-05  8.0271E-06  2.6189E-05  6.9217E-05  8.3705E-20 -6.1176E-24  1.2610E-03 -2.4835E-07 -2.1186E-09  2.8011E-12
     0.757460
  2.5937E-05  8.1254E-06  2.6512E-05  7.0069E-05  2.3331E-20 -1.8611E-23  1.2765E-03 -2.5143E-07 -2.0567E-09  3.0407E-12
     0.759880
  2.6257E-05  8.2250E-06  2.6839E-05  7.0933E-05 -6.9762E-20  3.7128E-23  1.2923E-03 -2.5455E-07 -1.9944E-09  3.3149E-12
     0.762300
  2.6581E-05  8.3260E-06  2.7171E-05  7.1809E-05 -3.6684E-20 -5.0610E-23  1.3083E-03 -2.5772E-07 -1.9857E-09  3.5416E-12
     0.764720
  2.6909E-05  8.4285E-06  2.7507E-05  7.2696E-05 -1.0040E-19 -2.6348E-23  1.3245E-03 -2.6093E-07 -2.0618E-09  3.6509E-12
     0.767140
  2.7241E-05  8.5323E-06  2.7847E-05  7.3594E-05  1.1131E-21 -3.4381E-24  1.3409E-03 -2.6418E-07 -2.1927E-09  3.6437E-12
     0.769560
  2.7577E-05  8.6377E-06  2.8192E-05  7.4504E-05 -6.9254E-20 -1.8609E-23  1.3576E-03 -2.6747E-07 -2.3621E-09  3.5494E-12
     0.771980
  2.7918E-05  8.7445E-06  2.8541E-05  7.5426E-05  4.1863E-20 -3.1150E-23  1.3745E-03 -2.7080E-07 -2.5820E-09  3.3684E-12
     0.774400
  2.8262E-05  8.8528E-06  2.8895E-05  7.6359E-05 -2.3439E-19 -6.0789E-24  1.3915E-03 -2.7416E-07 -2.8239E-09  3.1191E-12
     0.776820
  2.8611E-05  8.9624E-06  2.9253E-05  7.7303E-05  5.2425E-20 -2.4291E-23  1.4088E-03 -2.7756E-07 -3.0395E-09  2.8893E-12
     0.779240
  2.8963E-05  9.0737E-06  2.9615E-05  7.8259E-05 -1.1355E-20 -1.4077E-23  1.4263E-03 -2.8100E-07 -3.2197E-09  2.7202E-12
     0.781660
  2.9320E-05  9.1864E-06  2.9981E-05  7.9227E-05  1.8729E-20 -2.1591E-23  1.4440E-03 -2.8447E-07 -3.3905E-09  2.5540E-12
     0.784080
  2.9681E-05  9.3006E-06  3.0352E-05  8.0207E-05 -5.0980E-20  1.6417E-23  1.4620E-03 -2.8799E-07 -3.5898E-09  2.3308E-12
     0.786500
  3.0047E-05  9.4163E-06  3.0726E-05  8.1198E-05 -8.6748E-20  1.0618E-24  1.4801E-03 -2.9154E-07 -3.8376E-09  2.0027E-12
     0.788920
  3.0416E-05  9.5335E-06  3.1105E-05  8.2202E-05  2.0423E-19 -6.5359E-24  1.4984E-03 -2.9514E-07 -4.0886E-09  1.6227E-12
     0.791340
  3.0791E-05  9.6520E-06  3.1488E-05  8.3217E-05  5.4745E-20  1.8744E-23  1.5169E-03 -2.9878E-07 -4.3065E-09  1.2931E-12
     0.793760
  3.1169E-05  9.7720E-06  3.1876E-05  8.4245E-05 -7.0739E-20 -2.2646E-23  1.5356E-03 -3.0247E-07 -4.5639E-09  9.0503E-13
     0.796180
  3.1553E-05  9.8933E-06  3.2268E-05  8.5285E-05 -3.7938E-20  1.6404E-23  1.5546E-03 -3.0619E-07 -4.9058E-09  3.1210E-13
     0.798600
  3.1941E-05  1.0016E-05  3.2664E-05  8.6337E-05  6.4155E-20 -2.6032E-23  1.5737E-03 -3.0996E-07 -5.2174E-09 -3.0005E-13
     0.801020
  3.2334E-05  1.0140E-05  3.3065E-05  8.7402E-05  8.0638E-20  2.7399E-23  1.5931E-03 -3.1378E-07 -5.4039E-09 -6.8997E-13
     0.803440
  3.2732E-05  1.0265E-05  3.3472E-05  8.8480E-05  2.0155E-19  4.6374E-24  1.6127E-03 -3.1764E-07 -5.5461E-09 -9.8179E-13
     0.805860
  3.3136E-05  1.0391E-05  3.3883E-05  8.9571E-05  3.2687E-22 -1.0125E-23  1.6325E-03 -3.2154E-07 -5.7338E-09 -1.3711E-12
     0.808280
  3.3544E-05  1.0519E-05  3.4299E-05  9.0675E-05  2.8212E-20 -3.6827E-23  1.6526E-03 -3.2550E-07 -5.9214E-09 -1.7608E-12
     0.810700
  3.3958E-05  1.0648E-05  3.4721E-05  9.1793E-05  1.7947E-19  1.1870E-23  1.6729E-03 -3.2951E-07 -6.0489E-09 -1.9968E-12
     0.813120
  3.4376E-05  1.0779E-05  3.5149E-05  9.2925E-05 -1.7811E-19  3.7948E-25  1.6935E-03 -3.3357E-07 -6.1579E-09 -2.1391E-12
     0.815540
  3.4801E-05  1.0911E-05  3.5582E-05  9.4071E-05 -2.1325E-19 -1.7714E-24  1.7144E-03 -3.3770E-07 -6.3156E-09 -2.3350E-12
     0.817960
  3.5230E-05  1.1045E-05  3.6021E-05  9.5232E-05  1.3498E-19  3.7587E-23  1.7355E-03 -3.4187E-07 -6.5095E-09 -2.6029E-12
     0.820380
  3.5665E-05  1.1181E-05  3.6465E-05  9.6407E-05  2.0225E-20  1.1073E-23  1.7570E-03 -3.4611E-07 -6.6812E-09 -2.8420E-12
     0.822800
  3.6106E-05  1.1318E-05  3.6916E-05  9.7597E-05  5.9490E-20 -5.1556E-23  1.7787E-03 -3.5040E-07 -6.8178E-09 -2.9925E-12
     0.825220
  3.6551E-05  1.1458E-05  3.7373E-05  9.8801E-05 -6.7933E-20  4.2041E-23  1.8007E-03 -3.5474E-07 -6.9397E-09 -3.0763E-12
     0.827640
  3.7003E-05  1.1599E-05  3.7836E-05  1.0002E-04  1.0200E-19 -3.2526E-23  1.8230E-03 -3.5914E-07 -7.0558E-09 -3.1331E-12
     0.830060
  3.7460E-05  1.1742E-05  3.8304E-05  1.0126E-04 -1.6453E-19 -4.0612E-23  1.8456E-03 -3.6359E-07 -7.1915E-09 -3.2369E-12
     0.832480
  3.7922E-05  1.1888E-05  3.8778E-05  1.0251E-04  5.5684E-21 -4.7223E-23  1.8684E-03 -3.6810E-07 -7.3626E-09 -3.4302E-12
     0.834900
  3.8390E-05  1.2035E-05  3.9257E-05  1.0377E-04 -9.2888E-20  3.8910E-24  1.8916E-03 -3.7266E-07 -7.5188E-09 -3.6068E-12
     0.837320
  3.8863E-05  1.2184E-05  3.9743E-05  1.0506E-04  3.8741E-20 -1.2078E-23  1.9150E-03 -3.7728E-07 -7.6244E-09 -3.6787E-12
     0.839740
  3.9342E-05  1.2336E-05  4.0234E-05  1.0635E-04  5.4990E-20 -2.5242E-23  1.9387E-03 -3.8194E-07 -7.7334E-09 -3.7492E-12
     0.842160
  3.9827E-05  1.2489E-05  4.0731E-05  1.0767E-04 -1.3896E-19 -4.1647E-23  1.9627E-03 -3.8666E-07 -7.8930E-09 -3.9252E-12
     0.844580
  4.0318E-05  1.2644E-05  4.1234E-05  1.0900E-04 -2.6917E-19  9.1615E-24  1.9870E-03 -3.9143E-07 -8.0683E-09 -4.1520E-12
     0.847000
  4.0815E-05  1.2801E-05  4.1742E-05  1.1034E-04  1.7594E-19  4.3484E-23  2.0116E-03 -3.9626E-07 -8.2235E-09 -4.3584E-12
     0.849420
  4.1318E-05  1.2959E-05  4.2257E-05  1.1171E-04 -5.9355E-20 -3.4232E-23  2.0364E-03 -4.0113E-07 -8.3760E-09 -4.5605E-12
     0.851840
  4.1827E-05  1.3120E-05  4.2778E-05  1.1309E-04 -1.1337E-19 -7.8210E-23  2.0615E-03 -4.0607E-07 -8.5375E-09 -4.7599E-12
     0.854260
  4.2343E-05  1.3282E-05  4.3304E-05  1.1448E-04  1.8219E-19  3.6736E-23  2.0869E-03 -4.1106E-07 -8.7121E-09 -4.9499E-12
     0.856680
  4.2865E-05  1.3446E-05  4.3838E-05  1.1590E-04 -3.5930E-19  1.9710E-23  2.1127E-03 -4.1612E-07 -8.9359E-09 -5.1943E-12
     0.859100
  4.3393E-05  1.3612E-05  4.4378E-05  1.1733E-04  5.3892E-20  5.6420E-23  2.1387E-03 -4.2124E-07 -9.2309E-09 -5.5299E-12
     0.861520
  4.3928E-05  1.3779E-05  4.4924E-05  1.1877E-04 -3.1219E-19 -1.2421E-23  2.1651E-03 -4.2643E-07 -9.5810E-09 -5.9259E-12
     0.863940
  4.4470E-05  1.3949E-05  4.5478E-05  1.2024E-04  5.1065E-20 -2.3403E-24  2.1918E-03 -4.3169E-07 -9.9829E-09 -6.4034E-12
     0.866360
  4.5019E-05  1.4121E-05  4.6038E-05  1.2172E-04 -8.3544E-20  1.3079E-23  2.2188E-03 -4.3703E-07 -1.0428E-08 -6.9803E-12
     0.868780
  4.5575E-05  1.4294E-05  4.6606E-05  1.2323E-04 -1.2660E-19  3.0544E-24  2.2461E-03 -4.4243E-07 -1.0868E-08 -7.5660E-12
     0.871200
  4.6138E-05  1.4470E-05  4.7181E-05  1.2475E-04 -4.5916E-19  2.8401E-23  2.2739E-03 -4.4790E-07 -1.1285E-08 -8.1083E-12
     0.873620
  4.6708E-05  1.4648E-05  4.7763E-05  1.2629E-04 -2.3323E-19 -3.9952E-23  2.3019E-03 -4.5344E-07 -1.1710E-08 -8.6793E-12
     0.876040
  4.7285E-05  1.4829E-05  4.8353E-05  1.2785E-04  1.8268E-19 -9.4817E-24  2.3304E-03 -4.5905E-07 -1.2143E-08 -9.2992E-12
     0.878460
  4.7869E-05  1.5012E-05  4.8951E-05  1.2943E-04 -2.7446E-20 -2.8694E-23  2.3591E-03 -4.6473E-07 -1.2552E-08 -9.9084E-12
     0.880880
  4.8460E-05  1.5197E-05  4.9556E-05  1.3102E-04 -2.5907E-20  3.7209E-24  2.3883E-03 -4.7049E-07 -1.2954E-08 -1.0520E-11
     0.883300
  4.9059E-05  1.5384E-05  5.0169E-05  1.3264E-04  1.8504E-19 -3.4562E-23  2.4178E-03 -4.7631E-07 -1.3369E-08 -1.1174E-11
     0.885720
  4.9665E-05  1.5574E-05  5.0789E-05  1.3428E-04 -2.6234E-19  1.2522E-23  2.4478E-03 -4.8221E-07 -1.3753E-08 -1.1807E-11
     0.888140
  5.0279E-05  1.5767E-05  5.1417E-05  1.3594E-04 -3.0338E-19  4.2187E-23  2.4780E-03 -4.8817E-07 -1.4064E-08 -1.2337E-11
     0.890560
  5.0900E-05  1.5962E-05  5.2053E-05  1.3762E-04  1.8258E-19 -6.1884E-23  2.5087E-03 -4.9421E-07 -1.4329E-08 -1.2783E-11
     0.892980
  5.1529E-05  1.6160E-05  5.2697E-05  1.3932E-04  1.0486E-19  5.9327E-23  2.5397E-03 -5.0032E-07 -1.4594E-08 -1.3214E-11
     0.895400
  5.2165E-05  1.6360E-05  5.3348E-05  1.4104E-04  1.9666E-19  3.6557E-23  2.5712E-03 -5.0650E-07 -1.4867E-08 -1.3656E-11
     0.897820
  5.2809E-05  1.6562E-05  5.4007E-05  1.4279E-04 -6.3250E-20 -8.3876E-23  2.6030E-03 -5.1275E-07 -1.5134E-08 -1.4097E-11
     0.900240
  5.3461E-05  1.6768E-05  5.4674E-05  1.4455E-04  1.4952E-19  7.7547E-24  2.6351E-03 -5.1908E-07 -1.5395E-08 -1.4529E-11
     0.902660
  5.4120E-05  1.6975E-05  5.5349E-05  1.4634E-04  2.8961E-19 -4.8330E-23  2.6677E-03 -5.2549E-07 -1.5651E-08 -1.4935E-11
     0.905080
  5.4788E-05  1.7185E-05  5.6032E-05  1.4814E-04 -9.9557E-21 -3.4992E-24  2.7007E-03 -5.3197E-07 -1.5913E-08 -1.5309E-11
     0.907500
  5.5464E-05  1.7398E-05  5.6724E-05  1.4997E-04  1.6623E-20 -1.0325E-23  2.7340E-03 -5.3854E-07 -1.6216E-08 -1.5705E-11
     0.909920
  5.6148E-05  1.7613E-05  5.7424E-05  1.5182E-04 -4.3136E-20  2.2879E-23  2.7678E-03 -5.4519E-07 -1.6589E-08 -1.6192E-11
     0.912340
  5.6841E-05  1.7831E-05  5.8132E-05  1.5370E-04 -1.2665E-19  6.2104E-24  2.8019E-03 -5.5191E-07 -1.7021E-08 -1.6783E-11
     0.914760
  5.7542E-05  1.8051E-05  5.8849E-05  1.5560E-04  5.9773E-19 -1.7898E-24  2.8365E-03 -5.5872E-07 -1.7473E-08 -1.7426E-11
     0.917180
  5.8252E-05  1.8274E-05  5.9574E-05  1.5752E-04  1.0669E-19 -5.5921E-24  2.8715E-03 -5.6562E-07 -1.7912E-08 -1.8057E-11
     0.919600
  5.8971E-05  1.8500E-05  6.0309E-05  1.5946E-04 -2.1723E-19 -1.7485E-23  2.9069E-03 -5.7260E-07 -1.8336E-08 -1.8659E-11
     0.922020
  5.9698E-05  1.8728E-05  6.1053E-05  1.6143E-04 -9.0222E-20  1.2163E-22  2.9428E-03 -5.7967E-07 -1.8769E-08 -1.9270E-11
     0.924440
  6.0435E-05  1.8959E-05  6.1806E-05  1.6342E-04  7.1868E-20  2.5167E-23  2.9791E-03 -5.8683E-07 -1.9219E-08 -1.9923E-11
     0.926860
  6.1181E-05  1.9192E-05  6.2569E-05  1.6544E-04 -1.1240E-19 -1.4676E-23  3.0158E-03 -5.9408E-07 -1.9663E-08 -2.0592E-11
     0.929280
  6.1937E-05  1.9429E-05  6.3341E-05  1.6748E-04 -8.2594E-20 -1.2472E-22  3.0531E-03 -6.0142E-07 -2.0076E-08 -2.1221E-11
     0.931700
  6.2702E-05  1.9668E-05  6.4123E-05  1.6955E-04  1.5073E-19  1.8729E-23  3.0908E-03 -6.0885E-07 -2.0464E-08 -2.1795E-11
     0.934120
  6.3476E-05  1.9911E-05  6.4915E-05  1.7164E-04 -1.0932E-19  5.9762E-23  3.1289E-03 -6.1637E-07 -2.0862E-08 -2.2357E-11
     0.936540
  6.4260E-05  2.0156E-05  6.5717E-05  1.7376E-04 -1.2129E-19  3.8730E-23  3.1676E-03 -6.2399E-07 -2.1291E-08 -2.2952E-11
     0.938960
  6.5054E-05  2.0405E-05  6.6529E-05  1.7591E-04 -2.2496E-19  4.9644E-23  3.2067E-03 -6.3170E-07 -2.1745E-08 -2.3578E-11
     0.941380
  6.5858E-05  2.0657E-05  6.7351E-05  1.7808E-04  8.2810E-20  1.8779E-24  3.2463E-03 -6.3950E-07 -2.2209E-08 -2.4213E-11
     0.943800
  6.6672E-05  2.0912E-05  6.8184E-05  1.8028E-04 -1.3593E-19 -8.1895E-23  3.2865E-03 -6.4740E-07 -2.2687E-08 -2.4854E-11
     0.946220
  6.7495E-05  2.1170E-05  6.9026E-05  1.8251E-04 -7.3255E-20 -4.8071E-23  3.3271E-03 -6.5540E-07 -2.3189E-08 -2.5522E-11
     0.948640
  6.8329E-05  2.1432E-05  6.9880E-05  1.8476E-04 -8.1416E-20 -7.2860E-23  3.3682E-03 -6.6350E-07 -2.3725E-08 -2.6234E-11
     0.951060
  6.9173E-05  2.1697E-05  7.0743E-05  1.8705E-04  1.9151E-19  7.0633E-23  3.4099E-03 -6.7169E-07 -2.4294E-08 -2.6999E-11
     0.953480
  7.0028E-05  2.1965E-05  7.1618E-05  1.8936E-04  2.5881E-20  1.6337E-23  3.4520E-03 -6.7999E-07 -2.4893E-08 -2.7823E-11
     0.955900
  7.0893E-05  2.2237E-05  7.2502E-05  1.9170E-04 -5.1912E-20  1.8306E-23  3.4947E-03 -6.8839E-07 -2.5520E-08 -2.8711E-11
     0.958320
  7.1768E-05  2.2512E-05  7.3398E-05  1.9407E-04  2.7389E-19  5.3214E-23  3.5379E-03 -6.9690E-07 -2.6168E-08 -2.9654E-11
     0.960740
  7.2655E-05  2.2791E-05  7.4305E-05  1.9646E-04 -8.6807E-20 -1.7825E-23  3.5816E-03 -7.0551E-07 -2.6823E-08 -3.0634E-11
     0.963160
  7.3552E-05  2.3072E-05  7.5223E-05  1.9889E-04  2.1299E-20 -2.5833E-23  3.6259E-03 -7.1422E-07 -2.7480E-08 -3.1639E-11
     0.965580
  7.4460E-05  2.3358E-05  7.6152E-05  2.0135E-04 -1.2191E-19  4.2041E-24  3.6707E-03 -7.2305E-07 -2.8134E-08 -3.2663E-11
     0.968000
  7.5379E-05  2.3646E-05  7.7092E-05  2.0384E-04 -4.1134E-19 -8.4531E-25  3.7160E-03 -7.3198E-07 -2.8784E-08 -3.3706E-11
     0.970420
  7.6310E-05  2.3939E-05  7.8044E-05  2.0636E-04 -1.9424E-19  2.5243E-23  3.7619E-03 -7.4102E-07 -2.9427E-08 -3.4760E-11
     0.972840
  7.7252E-05  2.4234E-05  7.9008E-05  2.0890E-04 -1.0900E-19 -2.2549E-23  3.8084E-03 -7.5018E-07 -3.0060E-08 -3.5815E-11
     0.975260
  7.8206E-05  2.4534E-05  7.9983E-05  2.1148E-04 -8.2754E-20 -5.1844E-23  3.8554E-03 -7.5944E-07 -3.0686E-08 -3.6861E-11
     0.977680
  7.9172E-05  2.4837E-05  8.0970E-05  2.1410E-04 -1.2223E-19 -6.9130E-23  3.9030E-03 -7.6883E-07 -3.1309E-08 -3.7896E-11
     0.980100
  8.0149E-05  2.5143E-05  8.1970E-05  2.1674E-04  5.3143E-19  9.7500E-23  3.9512E-03 -7.7832E-07 -3.1933E-08 -3.8922E-11
     0.982520
  8.1139E-05  2.5454E-05  8.2982E-05  2.1942E-04 -3.0158E-19  3.5447E-23  4.0000E-03 -7.8793E-07 -3.2560E-08 -3.9943E-11
     0.984940
  8.2141E-05  2.5768E-05  8.4006E-05  2.2213E-04 -2.2642E-19  1.2389E-24  4.0494E-03 -7.9767E-07 -3.3192E-08 -4.0956E-11
     0.987360
  8.3155E-05  2.6086E-05  8.5043E-05  2.2487E-04 -2.8573E-21  3.1387E-23  4.0993E-03 -8.0752E-07 -3.3836E-08 -4.1966E-11
     0.989780
  8.4182E-05  2.6408E-05  8.6093E-05  2.2765E-04 -1.0737E-20 -4.1657E-23  4.1500E-03 -8.1749E-07 -3.4502E-08 -4.2986E-11
     0.992200
  8.5222E-05  2.6734E-05  8.7156E-05  2.3046E-04  2.6174E-19 -1.1374E-23  4.2012E-03 -8.2758E-07 -3.5196E-08 -4.4029E-11
     0.994620
  8.6275E-05  2.7064E-05  8.8233E-05  2.3330E-04  6.1914E-20  2.5297E-23  4.2531E-03 -8.3780E-07 -3.5907E-08 -4.5093E-11
     0.997040
  8.7341E-05  2.7398E-05  8.9323E-05  2.3619E-04 -6.4385E-19 -5.3886E-23  4.3056E-03 -8.4815E-07 -3.6621E-08 -4.6159E-11
     0.999460
  8.8420E-05  2.7736E-05  9.0426E-05  2.3910E-04  5.7716E-19 -8.5422E-23  4.3588E-03 -8.5862E-07 -3.7331E-08 -4.7214E-11
     1.001880
  8.9512E-05  2.8079E-05  9.1543E-05  2.4206E-04  3.1490E-19  2.9211E-23  4.4127E-03 -8.6923E-07 -3.8050E-08 -4.8273E-11
     1.004300
  9.0618E-05  2.8426E-05  9.2674E-05  2.4505E-04  1.1502E-19  1.1355E-22  4.4672E-03 -8.7997E-07 -3.8795E-08 -4.9367E-11
     1.006720
  9.1737E-05  2.8777E-05  9.3819E-05  2.4807E-04  1.4761E-20  4.7447E-23  4.5224E-03 -8.9084E-07 -3.9570E-08 -5.0514E-11
     1.009140
  9.2870E-05  2.9132E-05  9.4979E-05  2.5114E-04  3.5747E-19  2.5083E-22  4.5783E-03 -9.0185E-07 -4.0366E-08 -5.1705E-11
     1.011560
  9.4017E-05  2.9492E-05  9.6152E-05  2.5424E-04 -2.7703E-19  1.2061E-23  4.6349E-03 -9.1300E-07 -4.1174E-08 -5.2928E-11
     1.013980
  9.5179E-05  2.9857E-05  9.7340E-05  2.5738E-04  3.0081E-19 -7.0377E-23  4.6921E-03 -9.2428E-07 -4.1996E-08 -5.4182E-11
     1.016400
  9.6354E-05  3.0226E-05  9.8543E-05  2.6056E-04 -2.3039E-19 -1.9503E-23  4.7501E-03 -9.3570E-07 -4.2839E-08 -5.5475E-11
     1.018820
  9.7544E-05  3.0600E-05  9.9761E-05  2.6378E-04 -1.2031E-19 -1.4102E-22  4.8088E-03 -9.4726E-07 -4.3700E-08 -5.6807E-11
     1.021240
  9.8749E-05  3.0978E-05  1.0099E-04  2.6704E-04  3.9261E-19  4.0018E-23  4.8682E-03 -9.5896E-07 -4.4574E-08 -5.8168E-11
     1.023660
  9.9968E-05  3.1361E-05  1.0224E-04  2.7034E-04  2.7077E-19 -8.1558E-23  4.9284E-03 -9.7081E-07 -4.5454E-08 -5.9549E-11
     1.026080
  1.0120E-04  3.1748E-05  1.0350E-04  2.7368E-04  1.7418E-19  1.4895E-22  4.9893E-03 -9.8280E-07 -4.6342E-08 -6.0947E-11
     1.028500
  1.0245E-04  3.2140E-05  1.0478E-04  2.7706E-04 -2.2079E-19  2.1660E-23  5.0509E-03 -9.9494E-07 -4.7247E-08 -6.2371E-11
     1.030920
  1.0372E-04  3.2537E-05  1.0608E-04  2.8048E-04  4.1454E-20 -1.1044E-22  5.1133E-03 -1.0072E-06 -4.8174E-08 -6.3830E-11
     1.033340
  1.0500E-04  3.2939E-05  1.0739E-04  2.8394E-04  1.6168E-19 -7.2385E-23  5.1764E-03 -1.0197E-06 -4.9119E-08 -6.5318E-11
     1.035760
  1.0630E-04  3.3346E-05  1.0871E-04  2.8745E-04  2.5114E-19 -5.8752E-23  5.2404E-03 -1.0323E-06 -5.0077E-08 -6.6826E-11
     1.038180
  1.0761E-04  3.3758E-05  1.1005E-04  2.9100E-04 -3.3864E-19  2.8092E-23  5.3051E-03 -1.0450E-06 -5.1049E-08 -6.8353E-11
     1.040600
  1.0894E-04  3.4175E-05  1.1141E-04  2.9460E-04  1.4726E-20  1.8937E-22  5.3706E-03 -1.0579E-06 -5.2043E-08 -6.9905E-11
     1.043020
  1.1028E-04  3.4597E-05  1.1279E-04  2.9824E-04  1.4371E-19 -8.2188E-23  5.4369E-03 -1.0710E-06 -5.3060E-08 -7.1488E-11
     1.045440
  1.1165E-04  3.5024E-05  1.1418E-04  3.0192E-04  2.3070E-20 -1.5921E-23  5.5040E-03 -1.0842E-06 -5.4099E-08 -7.3101E-11
     1.047860
  1.1303E-04  3.5456E-05  1.1559E-04  3.0565E-04  1.1043E-19 -2.1463E-23  5.5720E-03 -1.0976E-06 -5.5159E-08 -7.4744E-11
     1.050280
  1.1442E-04  3.5894E-05  1.1702E-04  3.0942E-04 -3.1079E-19 -6.0163E-23  5.6408E-03 -1.1112E-06 -5.6243E-08 -7.6424E-11
     1.052700
  1.1584E-04  3.6338E-05  1.1847E-04  3.1325E-04  7.1407E-19  6.3210E-23  5.7105E-03 -1.1249E-06 -5.7354E-08 -7.8147E-11
     1.055120
  1.1727E-04  3.6786E-05  1.1993E-04  3.1712E-04 -3.5740E-20 -7.1404E-23  5.7811E-03 -1.1388E-06 -5.8493E-08 -7.9916E-11
     1.057540
  1.1871E-04  3.7241E-05  1.2141E-04  3.2103E-04 -2.1443E-21 -4.9862E-23  5.8525E-03 -1.1528E-06 -5.9654E-08 -8.1729E-11
     1.059960
  1.2018E-04  3.7701E-05  1.2291E-04  3.2500E-04 -3.8085E-19 -8.3214E-23  5.9248E-03 -1.1671E-06 -6.0831E-08 -8.3577E-11
     1.062380
  1.2167E-04  3.8166E-05  1.2443E-04  3.2901E-04 -1.0801E-19 -6.0344E-23  5.9980E-03 -1.1815E-06 -6.2017E-08 -8.5454E-11
     1.064800
  1.2317E-04  3.8638E-05  1.2597E-04  3.3308E-04  6.1043E-20  1.7181E-22  6.0721E-03 -1.1961E-06 -6.3212E-08 -8.7356E-11
     1.067220
  1.2469E-04  3.9115E-05  1.2752E-04  3.3719E-04  2.4174E-21 -9.0262E-23  6.1471E-03 -1.2109E-06 -6.4418E-08 -8.9288E-11
     1.069640
  1.2623E-04  3.9599E-05  1.2910E-04  3.4136E-04  1.9355E-19 -8.3117E-25  6.2231E-03 -1.2259E-06 -6.5637E-08 -9.1252E-11
     1.072060
  1.2779E-04  4.0088E-05  1.3069E-04  3.4557E-04  2.6018E-19  1.0794E-22  6.3000E-03 -1.2410E-06 -6.6869E-08 -9.3248E-11
     1.074480
  1.2937E-04  4.0583E-05  1.3231E-04  3.4984E-04 -5.6576E-19 -2.6392E-22  6.3778E-03 -1.2563E-06 -6.8110E-08 -9.5268E-11
     1.076900
  1.3097E-04  4.1085E-05  1.3394E-04  3.5417E-04 -9.3071E-19  9.1166E-23  6.4566E-03 -1.2719E-06 -6.9357E-08 -9.7304E-11
     1.079320
  1.3258E-04  4.1593E-05  1.3560E-04  3.5854E-04  2.7311E-19  3.0359E-23  6.5364E-03 -1.2876E-06 -7.0612E-08 -9.9353E-11
     1.081740
  1.3422E-04  4.2106E-05  1.3727E-04  3.6297E-04 -4.9572E-19 -3.6517E-23  6.6171E-03 -1.3035E-06 -7.1880E-08 -1.0142E-10
     1.084160
  1.3588E-04  4.2627E-05  1.3897E-04  3.6745E-04  6.7872E-19  3.2578E-23  6.6988E-03 -1.3196E-06 -7.3166E-08 -1.0351E-10
     1.086580
  1.3756E-04  4.3153E-05  1.4068E-04  3.7199E-04 -4.7650E-19 -1.6639E-22  6.7816E-03 -1.3359E-06 -7.4477E-08 -1.0563E-10
     1.089000
  1.3926E-04  4.3686E-05  1.4242E-04  3.7659E-04 -1.5803E-19 -8.8024E-23  6.8653E-03 -1.3524E-06 -7.5813E-08 -1.0778E-10
     1.091420
  1.4098E-04  4.4226E-05  1.4418E-04  3.8124E-04  1.6516E-19  1.6245E-23  6.9501E-03 -1.3691E-06 -7.7179E-08 -1.0996E-10
     1.093840
  1.4272E-04  4.4772E-05  1.4596E-04  3.8595E-04 -5.7939E-19 -6.7964E-23  7.0360E-03 -1.3860E-06 -7.8579E-08 -1.1219E-10
     1.096260
  1.4448E-04  4.5325E-05  1.4776E-04  3.9071E-04 -2.9945E-19 -1.1387E-23  7.1229E-03 -1.4031E-06 -8.0015E-08 -1.1446E-10
     1.098680
  1.4626E-04  4.5885E-05  1.4959E-04  3.9554E-04 -3.0470E-19  2.1675E-22  7.2108E-03 -1.4204E-06 -8.1491E-08 -1.1679E-10
     1.101100
  1.4807E-04  4.6452E-05  1.5143E-04  4.0043E-04 -5.4622E-20 -2.0495E-22  7.2999E-03 -1.4380E-06 -8.3004E-08 -1.1917E-10
     1.103520
  1.4990E-04  4.7025E-05  1.5331E-04  4.0537E-04  2.6911E-19  6.3352E-23  7.3900E-03 -1.4557E-06 -8.4551E-08 -1.2161E-10
     1.105940
  1.5175E-04  4.7606E-05  1.5520E-04  4.1038E-04 -1.2492E-18 -1.8670E-22  7.4813E-03 -1.4737E-06 -8.6130E-08 -1.2410E-10
     1.108360
  1.5363E-04  4.8194E-05  1.5712E-04  4.1545E-04 -8.8386E-19 -2.0953E-22  7.5737E-03 -1.4919E-06 -8.7737E-08 -1.2665E-10
     1.110780
  1.5552E-04  4.8789E-05  1.5906E-04  4.2058E-04  5.5648E-19  8.2406E-23  7.6673E-03 -1.5103E-06 -8.9368E-08 -1.2924E-10
     1.113200
  1.5745E-04  4.9392E-05  1.6102E-04  4.2577E-04 -2.3512E-19  8.6517E-23  7.7620E-03 -1.5290E-06 -9.1022E-08 -1.3189E-10
     1.115620
  1.5939E-04  5.0002E-05  1.6301E-04  4.3103E-04 -3.9592E-19 -4.4387E-23  7.8579E-03 -1.5479E-06 -9.2695E-08 -1.3457E-10
     1.118040
  1.6136E-04  5.0619E-05  1.6503E-04  4.3636E-04  3.3384E-19 -3.8612E-23  7.9550E-03 -1.5670E-06 -9.4389E-08 -1.3731E-10
     1.120460
  1.6335E-04  5.1245E-05  1.6706E-04  4.4175E-04  7.0991E-20 -1.0413E-22  8.0533E-03 -1.5864E-06 -9.6104E-08 -1.4008E-10
     1.122880
  1.6537E-04  5.1878E-05  1.6913E-04  4.4721E-04  8.1483E-19 -7.1729E-23  8.1528E-03 -1.6060E-06 -9.7844E-08 -1.4291E-10
     1.125300
  1.6741E-04  5.2519E-05  1.7122E-04  4.5273E-04 -1.2133E-20 -2.8111E-23  8.2535E-03 -1.6258E-06 -9.9609E-08 -1.4578E-10
     1.127720
  1.6948E-04  5.3168E-05  1.7333E-04  4.5832E-04 -4.0164E-20 -1.8891E-22  8.3555E-03 -1.6459E-06 -1.0140E-07 -1.4870E-10
     1.130140
  1.7158E-04  5.3824E-05  1.7547E-04  4.6399E-04 -1.7380E-19  2.6584E-22  8.4587E-03 -1.6662E-06 -1.0322E-07 -1.5167E-10
     1.132560
  1.7369E-04  5.4489E-05  1.7764E-04  4.6972E-04  1.8143E-19 -2.7734E-23  8.5632E-03 -1.6868E-06 -1.0507E-07 -1.5469E-10
     1.134980
  1.7584E-04  5.5163E-05  1.7984E-04  4.7552E-04 -2.8855E-19 -1.5067E-22  8.6690E-03 -1.7076E-06 -1.0694E-07 -1.5776E-10
     1.137400
  1.7801E-04  5.5844E-05  1.8206E-04  4.8139E-04 -4.0165E-19  9.0396E-23  8.7761E-03 -1.7287E-06 -1.0886E-07 -1.6089E-10
     1.139820
  1.8021E-04  5.6534E-05  1.8431E-04  4.8734E-04 -3.3462E-19  1.5321E-22  8.8845E-03 -1.7501E-06 -1.1080E-07 -1.6407E-10
     1.142240
  1.8244E-04  5.7233E-05  1.8658E-04  4.9336E-04 -4.0726E-19 -1.7079E-23  8.9942E-03 -1.7717E-06 -1.1279E-07 -1.6731E-10
     1.144660
  1.8469E-04  5.7940E-05  1.8889E-04  4.9946E-04  5.0125E-19  2.3431E-23  9.1053E-03 -1.7936E-06 -1.1480E-07 -1.7060E-10
     1.147080
  1.8697E-04  5.8655E-05  1.9122E-04  5.0563E-04 -2.6373E-19  1.4764E-22  9.2178E-03 -1.8157E-06 -1.1685E-07 -1.7395E-10
     1.149500
  1.8928E-04  5.9380E-05  1.9358E-04  5.1187E-04 -7.5158E-19 -1.4775E-22  9.3316E-03 -1.8382E-06 -1.1893E-07 -1.7736E-10
     1.151920
  1.9162E-04  6.0113E-05  1.9597E-04  5.1819E-04 -2.3470E-19 -1.1588E-22  9.4469E-03 -1.8609E-06 -1.2105E-07 -1.8082E-10
     1.154340
  1.9399E-04  6.0856E-05  1.9839E-04  5.2459E-04  6.1660E-19  9.5068E-23  9.5636E-03 -1.8839E-06 -1.2320E-07 -1.8434E-10
     1.156760
  1.9638E-04  6.1608E-05  2.0084E-04  5.3107E-04  3.9357E-19  1.8848E-22  9.6817E-03 -1.9071E-06 -1.2538E-07 -1.8792E-10
     1.159180
  1.9881E-04  6.2368E-05  2.0333E-04  5.3763E-04 -7.0450E-19 -1.2116E-22  9.8013E-03 -1.9307E-06 -1.2760E-07 -1.9155E-10
     1.161600
  2.0126E-04  6.3139E-05  2.0584E-04  5.4428E-04  1.9892E-19  2.4483E-22  9.9224E-03 -1.9545E-06 -1.2985E-07 -1.9524E-10
     1.164020
  2.0375E-04  6.3919E-05  2.0838E-04  5.5100E-04  8.9127E-19 -8.8873E-24  1.0045E-02 -1.9787E-06 -1.3213E-07 -1.9899E-10
     1.166440
  2.0627E-04  6.4708E-05  2.1095E-04  5.5781E-04 -1.4880E-18  1.9649E-22  1.0169E-02 -2.0031E-06 -1.3444E-07 -2.0279E-10
     1.168860
  2.0882E-04  6.5507E-05  2.1356E-04  5.6470E-04  9.6688E-19  2.5201E-22  1.0295E-02 -2.0279E-06 -1.3679E-07 -2.0665E-10
     1.171280
  2.1140E-04  6.6316E-05  2.1620E-04  5.7167E-04  7.4285E-19 -1.6087E-22  1.0422E-02 -2.0529E-06 -1.3917E-07 -2.1056E-10
     1.173700
  2.1401E-04  6.7136E-05  2.1887E-04  5.7873E-04 -5.6209E-19  1.9242E-22  1.0551E-02 -2.0783E-06 -1.4158E-07 -2.1454E-10
     1.176120
  2.1665E-04  6.7965E-05  2.2157E-04  5.8588E-04  6.9034E-20 -8.3662E-23  1.0681E-02 -2.1040E-06 -1.4403E-07 -2.1858E-10
     1.178540
  2.1933E-04  6.8805E-05  2.2431E-04  5.9312E-04 -3.1160E-19  2.6239E-23  1.0813E-02 -2.1300E-06 -1.4652E-07 -2.2268E-10
     1.180960
  2.2204E-04  6.9654E-05  2.2708E-04  6.0045E-04 -1.7207E-18  3.2549E-22  1.0946E-02 -2.1563E-06 -1.4905E-07 -2.2684E-10
     1.183380
  2.2478E-04  7.0515E-05  2.2989E-04  6.0786E-04  2.7347E-19 -1.8729E-22  1.1082E-02 -2.1829E-06 -1.5162E-07 -2.3107E-10
     1.185800
  2.2756E-04  7.1386E-05  2.3273E-04  6.1537E-04 -5.5403E-19 -9.4306E-23  1.1219E-02 -2.2099E-06 -1.5423E-07 -2.3538E-10
     1.188220
  2.3037E-04  7.2268E-05  2.3560E-04  6.2297E-04  1.8158E-19 -3.8420E-22  1.1357E-02 -2.2372E-06 -1.5688E-07 -2.3976E-10
     1.190640
  2.3321E-04  7.3161E-05  2.3851E-04  6.3067E-04 -1.0173E-18  9.9475E-23  1.1497E-02 -2.2648E-06 -1.5958E-07 -2.4422E-10
     1.193060
  2.3609E-04  7.4065E-05  2.4146E-04  6.3846E-04 -1.3547E-19 -1.3717E-22  1.1639E-02 -2.2928E-06 -1.6233E-07 -2.4875E-10
     1.195480
  2.3901E-04  7.4980E-05  2.4444E-04  6.4635E-04  3.4109E-19 -1.2040E-22  1.1783E-02 -2.3211E-06 -1.6513E-07 -2.5337E-10
     1.197900
  2.4196E-04  7.5906E-05  2.4746E-04  6.5433E-04 -4.3652E-20 -6.9148E-23  1.1929E-02 -2.3498E-06 -1.6797E-07 -2.5806E-10
     1.200320
  2.4495E-04  7.6844E-05  2.5052E-04  6.6241E-04 -8.7509E-19 -7.4195E-24  1.2076E-02 -2.3788E-06 -1.7085E-07 -2.6284E-10
     1.202740
  2.4798E-04  7.7793E-05  2.5361E-04  6.7060E-04 -6.7068E-19 -1.9768E-22  1.2225E-02 -2.4082E-06 -1.7379E-07 -2.6770E-10
     1.205160
  2.5104E-04  7.8754E-05  2.5674E-04  6.7888E-04  2.3473E-19  1.2208E-22  1.2376E-02 -2.4379E-06 -1.7678E-07 -2.7265E-10
     1.207580
  2.5414E-04  7.9727E-05  2.5991E-04  6.8727E-04  4.6341E-19 -1.8025E-22  1.2529E-02 -2.4680E-06 -1.7982E-07 -2.7768E-10
     1.210000
  2.5728E-04  8.0711E-05  2.6312E-04  6.9576E-04  1.1723E-19 -3.7261E-22  1.2684E-02 -2.4985E-06 -1.8290E-07 -2.8280E-10
     1.212420
  2.6046E-04  8.1708E-05  2.6637E-04  7.0435E-04  3.1530E-19 -3.1308E-23  1.2841E-02 -2.5294E-06 -1.8604E-07 -2.8801E-10
     1.214840
  2.6367E-04  8.2718E-05  2.6966E-04  7.1305E-04  6.3993E-19 -5.8389E-23  1.2999E-02 -2.5606E-06 -1.8923E-07 -2.9331E-10
     1.217260
  2.6693E-04  8.3739E-05  2.7300E-04  7.2186E-04 -1.2012E-20 -1.7024E-23  1.3160E-02 -2.5923E-06 -1.9247E-07 -2.9870E-10
     1.219680
  2.7023E-04  8.4774E-05  2.7637E-04  7.3078E-04  2.1366E-18  3.2737E-23  1.3322E-02 -2.6243E-06 -1.9576E-07 -3.0417E-10
     1.222100
  2.7357E-04  8.5821E-05  2.7978E-04  7.3980E-04 -2.1606E-18 -1.5060E-22  1.3487E-02 -2.6567E-06 -1.9910E-07 -3.0974E-10
     1.224520
  2.7695E-04  8.6881E-05  2.8324E-04  7.4894E-04  7.5127E-20  1.3233E-22  1.3654E-02 -2.6895E-06 -2.0249E-07 -3.1540E-10
     1.226940
  2.8037E-04  8.7954E-05  2.8674E-04  7.5819E-04 -5.4162E-19 -3.7423E-23  1.3822E-02 -2.7227E-06 -2.0594E-07 -3.2114E-10
     1.229360
  2.8383E-04  8.9040E-05  2.9028E-04  7.6756E-04  3.6021E-19 -4.1294E-22  1.3993E-02 -2.7564E-06 -2.0943E-07 -3.2698E-10
     1.231780
  2.8734E-04  9.0140E-05  2.9386E-04  7.7704E-04 -5.4331E-20  2.6937E-22  1.4166E-02 -2.7904E-06 -2.1298E-07 -3.3291E-10
     1.234200
  2.9089E-04  9.1254E-05  2.9749E-04  7.8664E-04 -6.6679E-19 -6.1548E-23  1.4341E-02 -2.8249E-06 -2.1658E-07 -3.3893E-10
     1.236620
  2.9448E-04  9.2381E-05  3.0117E-04  7.9636E-04 -4.7249E-19  2.0702E-22  1.4518E-02 -2.8598E-06 -2.2023E-07 -3.4504E-10
     1.239040
  2.9812E-04  9.3522E-05  3.0489E-04  8.0619E-04  1.8162E-19 -3.3559E-22  1.4697E-02 -2.8951E-06 -2.2394E-07 -3.5125E-10
     1.241460
  3.0180E-04  9.4678E-05  3.0866E-04  8.1615E-04  5.4332E-19  1.7224E-22  1.4879E-02 -2.9309E-06 -2.2770E-07 -3.5756E-10
     1.243880
  3.0553E-04  9.5847E-05  3.1247E-04  8.2623E-04 -5.2643E-19  2.9218E-22  1.5063E-02 -2.9671E-06 -2.3152E-07 -3.6397E-10
     1.246300
  3.0930E-04  9.7031E-05  3.1633E-04  8.3644E-04 -9.6436E-20 -2.3197E-23  1.5249E-02 -3.0037E-06 -2.3540E-07 -3.7048E-10
     1.248720
  3.1312E-04  9.8230E-05  3.2024E-04  8.4677E-04 -9.4035E-19  1.7293E-22  1.5437E-02 -3.0409E-06 -2.3934E-07 -3.7709E-10
     1.251140
  3.1699E-04  9.9443E-05  3.2419E-04  8.5723E-04 -2.2966E-18  7.0221E-23  1.5628E-02 -3.0784E-06 -2.4334E-07 -3.8381E-10
     1.253560
  3.2091E-04  1.0067E-04  3.2820E-04  8.6782E-04 -1.8537E-19  5.2031E-22  1.5821E-02 -3.1164E-06 -2.4741E-07 -3.9064E-10
     1.255980
  3.2487E-04  1.0192E-04  3.3225E-04  8.7854E-04  3.2470E-19  3.0427E-24  1.6016E-02 -3.1549E-06 -2.5153E-07 -3.9757E-10
     1.258400
  3.2888E-04  1.0317E-04  3.3636E-04  8.8939E-04  5.6258E-19  3.4943E-24  1.6214E-02 -3.1939E-06 -2.5572E-07 -4.0462E-10
     1.260820
  3.3295E-04  1.0445E-04  3.4051E-04  9.0038E-04 -7.5517E-19 -3.3053E-22  1.6414E-02 -3.2334E-06 -2.5998E-07 -4.1178E-10
     1.263240
  3.3706E-04  1.0574E-04  3.4472E-04  9.1150E-04  1.3289E-18 -2.9986E-22  1.6617E-02 -3.2733E-06 -2.6431E-07 -4.1906E-10
     1.265660
  3.4122E-04  1.0705E-04  3.4897E-04  9.2276E-04  4.8313E-19  5.6020E-24  1.6822E-02 -3.3137E-06 -2.6870E-07 -4.2646E-10
     1.268080
  3.4544E-04  1.0837E-04  3.5329E-04  9.3416E-04  8.1358E-19  2.8352E-23  1.7030E-02 -3.3547E-06 -2.7316E-07 -4.3397E-10
     1.270500
  3.4970E-04  1.0971E-04  3.5765E-04  9.4570E-04  2.7963E-19  5.1683E-24  1.7241E-02 -3.3961E-06 -2.7770E-07 -4.4161E-10
     1.272920
  3.5402E-04  1.1106E-04  3.6207E-04  9.5738E-04 -8.7954E-19  2.3751E-22  1.7454E-02 -3.4381E-06 -2.8230E-07 -4.4936E-10
     1.275340
  3.5840E-04  1.1243E-04  3.6654E-04  9.6921E-04  2.1775E-18 -5.8276E-22  1.7669E-02 -3.4805E-06 -2.8697E-07 -4.5724E-10
     1.277760
  3.6282E-04  1.1382E-04  3.7107E-04  9.8118E-04  1.5008E-18 -2.9616E-22  1.7887E-02 -3.5235E-06 -2.9172E-07 -4.6525E-10
     1.280180
  3.6731E-04  1.1523E-04  3.7565E-04  9.9330E-04  1.9465E-18  8.4749E-23  1.8108E-02 -3.5670E-06 -2.9653E-07 -4.7338E-10
     1.282600
  3.7184E-04  1.1665E-04  3.8029E-04  1.0056E-03 -8.9045E-19 -1.5181E-22  1.8332E-02 -3.6111E-06 -3.0143E-07 -4.8164E-10
     1.285020
  3.7644E-04  1.1809E-04  3.8499E-04  1.0180E-03 -5.1145E-19 -4.1588E-22  1.8558E-02 -3.6557E-06 -3.0640E-07 -4.9003E-10
     1.287440
  3.8109E-04  1.1955E-04  3.8974E-04  1.0306E-03 -3.3486E-20 -5.5342E-23  1.8788E-02 -3.7009E-06 -3.1145E-07 -4.9856E-10
     1.289860
  3.8579E-04  1.2103E-04  3.9456E-04  1.0433E-03 -9.1590E-19  1.6128E-22  1.9020E-02 -3.7466E-06 -3.1657E-07 -5.0722E-10
     1.292280
  3.9056E-04  1.2252E-04  3.9943E-04  1.0562E-03 -1.3792E-18  2.8271E-22  1.9255E-02 -3.7929E-06 -3.2178E-07 -5.1603E-10
     1.294700
  3.9538E-04  1.2404E-04  4.0437E-04  1.0692E-03 -1.2522E-18 -1.4358E-22  1.9493E-02 -3.8397E-06 -3.2707E-07 -5.2497E-10
     1.297120
  4.0027E-04  1.2557E-04  4.0936E-04  1.0824E-03 -6.4545E-19 -1.6641E-22  1.9733E-02 -3.8872E-06 -3.3244E-07 -5.3407E-10
     1.299540
  4.0521E-04  1.2712E-04  4.1442E-04  1.0958E-03  1.0895E-18  4.5493E-22  1.9977E-02 -3.9352E-06 -3.3790E-07 -5.4331E-10
     1.301960
  4.1022E-04  1.2869E-04  4.1954E-04  1.1093E-03 -3.6667E-18 -6.2090E-23  2.0224E-02 -3.9838E-06 -3.4344E-07 -5.5270E-10
     1.304380
  4.1529E-04  1.3028E-04  4.2472E-04  1.1231E-03  2.0977E-19 -9.8404E-23  2.0474E-02 -4.0330E-06 -3.4907E-07 -5.6224E-10
     1.306800
  4.2042E-04  1.3189E-04  4.2997E-04  1.1369E-03  4.4559E-19 -1.9676E-22  2.0727E-02 -4.0828E-06 -3.5478E-07 -5.7193E-10
     1.309220
  4.2561E-04  1.3352E-04  4.3528E-04  1.1510E-03 -1.8308E-19 -5.0666E-22  2.0983E-02 -4.1333E-06 -3.6058E-07 -5.8178E-10
     1.311640
  4.3087E-04  1.3517E-04  4.4066E-04  1.1652E-03 -3.2567E-19 -1.8684E-22  2.1242E-02 -4.1843E-06 -3.6647E-07 -5.9179E-10
     1.314060
  4.3619E-04  1.3684E-04  4.4610E-04  1.1796E-03 -2.1064E-18  2.7916E-22  2.1504E-02 -4.2360E-06 -3.7245E-07 -6.0196E-10
     1.316480
  4.4158E-04  1.3853E-04  4.5161E-04  1.1942E-03 -1.0520E-18 -8.3358E-23  2.1770E-02 -4.2883E-06 -3.7852E-07 -6.1228E-10
     1.318900
  4.4703E-04  1.4024E-04  4.5719E-04  1.2089E-03 -1.2772E-18 -2.0947E-22  2.2039E-02 -4.3413E-06 -3.8468E-07 -6.2277E-10
     1.321320
  4.5255E-04  1.4197E-04  4.6284E-04  1.2238E-03  1.7717E-18 -8.1099E-23  2.2311E-02 -4.3949E-06 -3.9094E-07 -6.3343E-10
     1.323740
  4.5814E-04  1.4373E-04  4.6855E-04  1.2390E-03  5.0530E-19 -4.2633E-22  2.2587E-02 -4.4492E-06 -3.9729E-07 -6.4425E-10
     1.326160
  4.6380E-04  1.4550E-04  4.7434E-04  1.2543E-03  5.5428E-20 -1.3292E-22  2.2866E-02 -4.5042E-06 -4.0374E-07 -6.5524E-10
     1.328580
  4.6953E-04  1.4730E-04  4.8020E-04  1.2698E-03 -1.4219E-18  3.2640E-22  2.3148E-02 -4.5598E-06 -4.1028E-07 -6.6641E-10
     1.331000
  4.7533E-04  1.4912E-04  4.8613E-04  1.2854E-03 -2.7679E-18  1.8155E-22  2.3434E-02 -4.6161E-06 -4.1693E-07 -6.7774E-10
     1.333420
  4.8120E-04  1.5096E-04  4.9214E-04  1.3013E-03 -3.1274E-18  4.8107E-22  2.3724E-02 -4.6732E-06 -4.2367E-07 -6.8925E-10
     1.335840
  4.8715E-04  1.5282E-04  4.9822E-04  1.3174E-03 -1.0899E-18 -5.1467E-22  2.4017E-02 -4.7309E-06 -4.3052E-07 -7.0094E-10
     1.338260
  4.9317E-04  1.5471E-04  5.0437E-04  1.3337E-03  1.0982E-18 -4.9256E-23  2.4313E-02 -4.7893E-06 -4.3747E-07 -7.1281E-10
     1.340680
  4.9926E-04  1.5662E-04  5.1060E-04  1.3501E-03  3.1995E-18  2.3849E-22  2.4614E-02 -4.8485E-06 -4.4453E-07 -7.2487E-10
     1.343100
  5.0543E-04  1.5856E-04  5.1691E-04  1.3668E-03  2.2077E-19 -1.7843E-22  2.4918E-02 -4.9084E-06 -4.5169E-07 -7.3711E-10
     1.345520
  5.1167E-04  1.6052E-04  5.2329E-04  1.3837E-03  3.3335E-18 -2.6907E-22  2.5225E-02 -4.9690E-06 -4.5896E-07 -7.4954E-10
     1.347940
  5.1799E-04  1.6250E-04  5.2976E-04  1.4008E-03 -2.1082E-18 -5.3364E-22  2.5537E-02 -5.0304E-06 -4.6635E-07 -7.6217E-10
     1.350360
  5.2439E-04  1.6451E-04  5.3630E-04  1.4181E-03 -2.9254E-19 -5.9867E-22  2.5852E-02 -5.0925E-06 -4.7384E-07 -7.7499E-10
     1.352780
  5.3087E-04  1.6654E-04  5.4293E-04  1.4356E-03  4.0732E-20  3.3304E-22  2.6172E-02 -5.1554E-06 -4.8145E-07 -7.8801E-10
     1.355200
  5.3742E-04  1.6860E-04  5.4963E-04  1.4533E-03 -3.3561E-20  1.8544E-22  2.6495E-02 -5.2191E-06 -4.8918E-07 -8.0124E-10
     1.357620
  5.4406E-04  1.7068E-04  5.5642E-04  1.4713E-03  1.7703E-18 -2.1875E-22  2.6822E-02 -5.2836E-06 -4.9702E-07 -8.1467E-10
     1.360040
  5.5078E-04  1.7279E-04  5.6330E-04  1.4895E-03 -2.1619E-18  1.7985E-22  2.7154E-02 -5.3489E-06 -5.0498E-07 -8.2831E-10
     1.362460
  5.5759E-04  1.7492E-04  5.7025E-04  1.5079E-03 -1.5927E-18  1.5638E-22  2.7489E-02 -5.4149E-06 -5.1307E-07 -8.4217E-10
     1.364880
  5.6447E-04  1.7708E-04  5.7730E-04  1.5265E-03  4.1245E-19  4.2302E-23  2.7829E-02 -5.4818E-06 -5.2127E-07 -8.5624E-10
     1.367300
  5.7145E-04  1.7927E-04  5.8443E-04  1.5454E-03 -8.2543E-19 -7.4983E-23  2.8173E-02 -5.5495E-06 -5.2961E-07 -8.7054E-10
     1.369720
  5.7851E-04  1.8148E-04  5.9165E-04  1.5644E-03  3.2922E-18  2.4736E-22  2.8521E-02 -5.6181E-06 -5.3807E-07 -8.8506E-10
     1.372140
  5.8565E-04  1.8373E-04  5.9896E-04  1.5838E-03 -1.4293E-18 -2.1286E-22  2.8873E-02 -5.6875E-06 -5.4665E-07 -8.9980E-10
     1.374560
  5.9289E-04  1.8599E-04  6.0636E-04  1.6033E-03  8.5832E-19  1.0600E-22  2.9230E-02 -5.7577E-06 -5.5537E-07 -9.1478E-10
     1.376980
  6.0021E-04  1.8829E-04  6.1385E-04  1.6231E-03 -6.8790E-19 -3.5619E-22  2.9591E-02 -5.8289E-06 -5.6423E-07 -9.2999E-10
     1.379400
  6.0762E-04  1.9062E-04  6.2143E-04  1.6432E-03  7.9178E-19 -4.3525E-22  2.9956E-02 -5.9009E-06 -5.7321E-07 -9.4544E-10
     1.381820
  6.1513E-04  1.9297E-04  6.2910E-04  1.6635E-03 -2.1687E-18  4.5243E-22  3.0326E-02 -5.9738E-06 -5.8233E-07 -9.6113E-10
     1.384240
  6.2273E-04  1.9536E-04  6.3688E-04  1.6840E-03  2.6017E-18 -1.2473E-22  3.0701E-02 -6.0476E-06 -5.9159E-07 -9.7706E-10
     1.386660
  6.3042E-04  1.9777E-04  6.4474E-04  1.7048E-03  1.3397E-18  3.4809E-22  3.1080E-02 -6.1223E-06 -6.0099E-07 -9.9324E-10
     1.389080
  6.3821E-04  2.0021E-04  6.5271E-04  1.7259E-03 -1.6888E-19  3.5972E-23  3.1464E-02 -6.1979E-06 -6.1054E-07 -1.0097E-09
     1.391500
  6.4609E-04  2.0269E-04  6.6077E-04  1.7472E-03  2.0968E-18 -1.5206E-21  3.1853E-02 -6.2744E-06 -6.2022E-07 -1.0264E-09
     1.393920
  6.5407E-04  2.0519E-04  6.6893E-04  1.7688E-03  9.8631E-19 -6.2243E-22  3.2246E-02 -6.3519E-06 -6.3005E-07 -1.0433E-09
     1.396340
  6.6215E-04  2.0772E-04  6.7720E-04  1.7906E-03 -1.3690E-18  1.5234E-24  3.2644E-02 -6.4304E-06 -6.4003E-07 -1.0605E-09
     1.398760
  6.7033E-04  2.1029E-04  6.8556E-04  1.8128E-03  1.4315E-18  4.6304E-22  3.3048E-02 -6.5098E-06 -6.5016E-07 -1.0780E-09
     1.401180
  6.7861E-04  2.1289E-04  6.9403E-04  1.8352E-03 -7.8523E-19  9.2590E-22  3.3456E-02 -6.5903E-06 -6.6045E-07 -1.0957E-09
     1.403600
  6.8699E-04  2.1552E-04  7.0260E-04  1.8578E-03  6.6018E-19  3.5759E-22  3.3869E-02 -6.6717E-06 -6.7089E-07 -1.1137E-09
     1.406020
  6.9548E-04  2.1818E-04  7.1128E-04  1.8808E-03  1.9570E-18  4.0154E-22  3.4287E-02 -6.7541E-06 -6.8148E-07 -1.1320E-09
     1.408440
  7.0407E-04  2.2088E-04  7.2007E-04  1.9040E-03  8.9791E-19 -1.9192E-22  3.4711E-02 -6.8375E-06 -6.9224E-07 -1.1506E-09
     1.410860
  7.1277E-04  2.2360E-04  7.2896E-04  1.9275E-03 -2.3937E-18  5.9793E-22  3.5140E-02 -6.9220E-06 -7.0315E-07 -1.1694E-09
     1.413280
  7.2157E-04  2.2637E-04  7.3797E-04  1.9513E-03  6.0606E-19  3.6625E-22  3.5574E-02 -7.0075E-06 -7.1423E-07 -1.1886E-09
     1.415700
  7.3049E-04  2.2916E-04  7.4708E-04  1.9754E-03  9.9619E-18  4.0598E-22  3.6013E-02 -7.0940E-06 -7.2548E-07 -1.2080E-09
     1.418120
  7.3951E-04  2.3199E-04  7.5631E-04  1.9998E-03  2.5315E-18 -3.9339E-22  3.6458E-02 -7.1817E-06 -7.3689E-07 -1.2278E-09
     1.420540
  7.4865E-04  2.3486E-04  7.6565E-04  2.0246E-03 -4.9984E-19  6.4279E-22  3.6909E-02 -7.2704E-06 -7.4848E-07 -1.2478E-09
     1.422960
  7.5789E-04  2.3776E-04  7.7511E-04  2.0496E-03 -2.0138E-19 -6.9053E-22  3.7364E-02 -7.3602E-06 -7.6024E-07 -1.2682E-09
     1.425380
  7.6726E-04  2.4070E-04  7.8469E-04  2.0749E-03  1.9561E-18  8.9378E-22  3.7826E-02 -7.4511E-06 -7.7217E-07 -1.2888E-09
     1.427800
  7.7673E-04  2.4367E-04  7.9438E-04  2.1005E-03 -7.9832E-18 -2.1145E-22  3.8293E-02 -7.5432E-06 -7.8428E-07 -1.3098E-09
     1.430220
  7.8633E-04  2.4668E-04  8.0419E-04  2.1265E-03  1.1814E-18 -5.3734E-22  3.8766E-02 -7.6363E-06 -7.9657E-07 -1.3311E-09
     1.432640
  7.9604E-04  2.4973E-04  8.1413E-04  2.1527E-03 -8.4810E-19  1.8173E-22  3.9245E-02 -7.7307E-06 -8.0905E-07 -1.3528E-09
     1.435060
  8.0587E-04  2.5281E-04  8.2418E-04  2.1793E-03 -2.2777E-18 -8.8402E-22  3.9730E-02 -7.8262E-06 -8.2171E-07 -1.3747E-09
     1.437480
  8.1583E-04  2.5593E-04  8.3436E-04  2.2062E-03 -3.2845E-18 -1.0995E-21  4.0221E-02 -7.9228E-06 -8.3456E-07 -1.3970E-09
     1.439900
  8.2591E-04  2.5910E-04  8.4467E-04  2.2335E-03  8.6327E-19  6.5786E-23  4.0718E-02 -8.0207E-06 -8.4760E-07 -1.4196E-09
     1.442320
  8.3611E-04  2.6230E-04  8.5510E-04  2.2611E-03  1.2434E-18 -5.6060E-22  4.1221E-02 -8.1198E-06 -8.6084E-07 -1.4426E-09
     1.444740
  8.4644E-04  2.6554E-04  8.6567E-04  2.2890E-03 -3.7471E-18  2.3230E-22  4.1730E-02 -8.2201E-06 -8.7427E-07 -1.4659E-09
     1.447160
  8.5689E-04  2.6882E-04  8.7636E-04  2.3173E-03  1.1443E-18 -6.2606E-22  4.2245E-02 -8.3216E-06 -8.8791E-07 -1.4896E-09
     1.449580
  8.6748E-04  2.7214E-04  8.8719E-04  2.3459E-03 -4.0079E-19 -5.7424E-22  4.2767E-02 -8.4244E-06 -9.0175E-07 -1.5137E-09
     1.452000
  8.7819E-04  2.7550E-04  8.9814E-04  2.3749E-03  5.6695E-19  9.7126E-22  4.3295E-02 -8.5285E-06 -9.1580E-07 -1.5381E-09
     1.454420
  8.8904E-04  2.7890E-04  9.0924E-04  2.4042E-03  3.3182E-18  1.7547E-22  4.3830E-02 -8.6338E-06 -9.3006E-07 -1.5629E-09
     1.456840
  9.0002E-04  2.8235E-04  9.2047E-04  2.4339E-03  4.0889E-18  9.0594E-23  4.4372E-02 -8.7405E-06 -9.4453E-07 -1.5880E-09
     1.459260
  9.1114E-04  2.8584E-04  9.3184E-04  2.4640E-03 -8.2733E-19  3.5682E-22  4.4920E-02 -8.8484E-06 -9.5922E-07 -1.6136E-09
     1.461680
  9.2240E-04  2.8937E-04  9.4335E-04  2.4944E-03 -2.5285E-18 -6.5579E-24  4.5474E-02 -8.9577E-06 -9.7412E-07 -1.6395E-09
     1.464100
  9.3379E-04  2.9294E-04  9.5500E-04  2.5252E-03  1.1770E-18  8.4370E-22  4.6036E-02 -9.0684E-06 -9.8925E-07 -1.6658E-09
     1.466520
  9.4533E-04  2.9656E-04  9.6680E-04  2.5564E-03  1.4843E-18 -2.0498E-22  4.6605E-02 -9.1804E-06 -1.0046E-06 -1.6926E-09
     1.468940
  9.5700E-04  3.0022E-04  9.7874E-04  2.5880E-03  6.0718E-19 -2.9934E-22  4.7181E-02 -9.2938E-06 -1.0202E-06 -1.7197E-09
     1.471360
  9.6882E-04  3.0393E-04  9.9083E-04  2.6200E-03  4.9406E-18 -7.5547E-22  4.7763E-02 -9.4086E-06 -1.0360E-06 -1.7472E-09
     1.473780
  9.8079E-04  3.0769E-04  1.0031E-03  2.6523E-03  2.2690E-18  5.8673E-22  4.8353E-02 -9.5248E-06 -1.0521E-06 -1.7752E-09
     1.476200
  9.9291E-04  3.1149E-04  1.0155E-03  2.6851E-03 -1.7728E-18 -8.8382E-22  4.8951E-02 -9.6425E-06 -1.0683E-06 -1.8036E-09
     1.478620
  1.0052E-03  3.1533E-04  1.0280E-03  2.7183E-03  2.1961E-18  1.2640E-21  4.9555E-02 -9.7616E-06 -1.0849E-06 -1.8324E-09
     1.481040
  1.0176E-03  3.1923E-04  1.0407E-03  2.7519E-03 -3.1581E-18  2.5882E-22  5.0168E-02 -9.8822E-06 -1.1016E-06 -1.8617E-09
     1.483460
  1.0302E-03  3.2317E-04  1.0536E-03  2.7858E-03 -2.7936E-18  1.1031E-21  5.0787E-02 -1.0004E-05 -1.1187E-06 -1.8914E-09
     1.485880
  1.0429E-03  3.2716E-04  1.0666E-03  2.8203E-03  4.8992E-18 -4.1596E-23  5.1415E-02 -1.0128E-05 -1.1359E-06 -1.9216E-09
     1.488300
  1.0558E-03  3.3121E-04  1.0798E-03  2.8551E-03 -6.2961E-18 -3.7348E-22  5.2050E-02 -1.0253E-05 -1.1535E-06 -1.9522E-09
     1.490720
  1.0688E-03  3.3530E-04  1.0931E-03  2.8904E-03  8.0869E-20  5.4940E-22  5.2693E-02 -1.0380E-05 -1.1713E-06 -1.9832E-09
     1.493140
  1.0820E-03  3.3944E-04  1.1066E-03  2.9261E-03 -1.8515E-18  1.3759E-22  5.3344E-02 -1.0508E-05 -1.1893E-06 -2.0148E-09
     1.495560
  1.0954E-03  3.4363E-04  1.1203E-03  2.9622E-03 -3.1920E-18 -3.7324E-22  5.4002E-02 -1.0638E-05 -1.2076E-06 -2.0468E-09
     1.497980
  1.1089E-03  3.4788E-04  1.1341E-03  2.9988E-03  3.4591E-18 -6.2687E-22  5.4670E-02 -1.0769E-05 -1.2262E-06 -2.0793E-09
     1.500000
  1.1203E-03  3.5146E-04  1.1458E-03  3.0297E-03  1.3703E-18 -1.6761E-21  5.5233E-02 -1.0880E-05 -1.2419E-06 -2.1068E-09
