     0.000000
  8.0111E-03  1.8399E-35  7.1173E-10  8.3094E-03  0.0000E+00  0.0000E+00  0.0000E+00  0.0000E+00  0.0000E+00  0.0000E+00
     0.005640
  5.2396E-03  1.7388E-03  9.1730E-02  2.3746E-02 -1.5203E-17 -6.4210E-20  4.8255E-01 -1.2459E-03  4.9112E-05  3.4755E-06
     0.011280
  4.4475E-03  9.4963E-03  1.5337E-01  5.8426E-02  8.1646E-18  8.5218E-19  5.1130E-01 -2.0975E-03  2.2525E-04  2.4878E-05
     0.016920
  7.4368E-03  2.3671E-02  2.1445E-01  1.3080E-01 -4.1003E-17 -1.0147E-18  1.1732E+00 -4.0698E-03 -1.2311E-04  6.9561E-05
     0.022560
  1.2732E-02  5.4069E-02  4.4702E-01  3.1130E-01  4.4281E-17  8.8917E-20  2.8842E+00 -9.1842E-03 -7.2235E-04  1.3675E-04
     0.028200
  2.5542E-02  1.0902E-01  1.0442E+00  6.8695E-01  1.3470E-16  2.3213E-18  6.5354E+00 -1.6178E-02 -2.2014E-03  1.7659E-04
     0.033840
  5.5635E-02  1.8737E-01  2.6200E+00  1.3764E+00 -4.4336E-16 -8.2445E-18  1.4147E+01 -1.8804E-02 -5.7973E-03  1.1328E-04
     0.039480
  1.2369E-01  3.2881E-01  6.2303E+00  2.7055E+00 -6.1213E-16  3.1050E-17  2.9626E+01 -1.5901E-02 -9.8714E-03  2.9767E-05
     0.045120
  2.7492E-01  7.9525E-01  1.3191E+01  5.9544E+00 -1.8255E-16  3.8634E-17  6.4278E+01 -5.2976E-02 -8.9759E-03  6.3975E-04
     0.050760
  6.0965E-01  2.4370E+00  2.5527E+01  1.5170E+01  7.5620E-15 -9.9160E-17  1.5134E+02 -2.9317E-01 -8.5434E-03  4.1193E-03
     0.056400
  1.3662E+00  6.9559E+00  5.0698E+01  3.9709E+01 -2.5181E-15  1.1407E-17  3.7313E+02 -1.0189E+00 -7.7955E-02  1.5570E-02
     0.062040
  3.1122E+00  1.6271E+01  1.1810E+02  9.5422E+01  6.1345E-14 -4.6192E-16  8.9445E+02 -2.3434E+00 -4.3426E-01  4.6958E-02
     0.067680
  7.1155E+00  3.0865E+01  3.1162E+02  2.0318E+02  7.0723E-16 -1.6987E-16  1.9928E+03 -3.5741E+00 -1.4309E+00  1.2786E-01
     0.073320
  1.5954E+01  5.1743E+01  8.0088E+02  3.9771E+02  1.6810E-13 -3.2675E-15  4.1451E+03 -3.2979E+00 -3.1551E+00  3.1928E-01
     0.078960
  3.4544E+01  1.0022E+02  1.8251E+03  7.9975E+02 -6.9321E-14  8.9493E-15  8.4861E+03 -3.4894E+00 -4.3090E+00  6.7028E-01
     0.084600
  7.2581E+01  2.7239E+02  3.6447E+03  1.8493E+03 -9.8480E-14 -5.1219E-15  1.8411E+04 -2.1101E+01 -3.2359E-01  9.0338E-01
     0.090240
  1.5222E+02  8.0745E+02  6.8447E+03  4.7460E+03 -2.8371E-12 -2.0379E-14  4.3389E+04 -9.9988E+01  1.9421E+01 -5.4308E-01
     0.095880
  3.3131E+02  2.0544E+03  1.4180E+04  1.1875E+04 -4.4989E-12  1.9319E-13  1.0559E+05 -2.8963E+02  7.8024E+01 -7.9686E+00
     0.101520
  7.6469E+02  4.2255E+03  3.5707E+04  2.6843E+04 -7.2607E-12 -3.4619E-13  2.5015E+05 -5.5136E+02  2.2817E+02 -2.7129E+01
     0.107160
  1.8489E+03  7.4979E+03  9.7126E+04  5.5481E+04  3.1967E-11  1.2607E-13  5.7078E+05 -6.9783E+02  5.6884E+02 -4.9600E+01
     0.112800
  4.5630E+03  1.5223E+04  2.4582E+05  1.1624E+05  2.0376E-11  8.9455E-13  1.3089E+06 -9.3543E+02  1.1223E+03  1.6143E+00
     0.118440
  1.1348E+04  4.6359E+04  5.4979E+05  2.8200E+05 -9.0194E-11  3.7175E-12  3.1913E+06 -4.1586E+03  1.0403E+03  3.8910E+02
     0.124080
  2.8573E+04  1.6296E+05  1.1283E+06  7.8206E+05  4.4805E-10  2.7982E-12  8.3024E+06 -2.0474E+04 -4.0529E+03  1.6937E+03
     0.129720
  7.3458E+04  5.0547E+05  2.3926E+06  2.1573E+06 -1.2316E-09  2.9607E-11  2.1778E+07 -7.0100E+04 -2.7873E+04  4.6629E+03
     0.135360
  1.9238E+05  1.3073E+06  5.8882E+06  5.3689E+06  3.1583E-09 -4.6495E-11  5.4411E+07 -1.7396E+05 -1.0069E+05  8.9271E+03
     0.141000
  5.0696E+05  2.9024E+06  1.6117E+07  1.1807E+07  1.4227E-09  1.2445E-11  1.2724E+08 -3.2905E+05 -2.6687E+05  9.0428E+03
     0.146640
  1.3300E+06  6.0551E+06  4.3040E+07  2.4039E+07  6.5719E-09 -1.8002E-12  2.8714E+08 -5.3219E+05 -5.5168E+05 -1.3229E+04
     0.152280
  3.4748E+06  1.3844E+07  1.0440E+08  5.1206E+07  4.1272E-08 -1.8331E-09  6.7164E+08 -1.0838E+06 -9.0548E+05 -9.5288E+04
     0.157920
  9.1307E+06  3.8005E+07  2.3267E+08  1.2909E+08  5.7358E-08  2.0627E-10  1.7342E+09 -3.6012E+06 -1.3153E+06 -2.6933E+05
     0.163560
  2.4379E+07  1.1512E+08  5.1849E+08  3.7288E+08 -1.2071E-07  1.7697E-09  4.8854E+09 -1.3094E+07 -2.8087E+06 -4.1264E+05
     0.169200
  6.6212E+07  3.4387E+08  1.2917E+09  1.0895E+09  4.2413E-07 -2.6958E-09  1.4073E+10 -4.0940E+07 -1.1119E+07  2.4176E+05
     0.174840
  1.8135E+08  9.7784E+08  3.6487E+09  3.0088E+09 -8.9374E-07  2.9036E-09  3.9455E+10 -1.0936E+08 -4.5942E+07  4.2113E+06
     0.180480
  4.9562E+08  2.6957E+09  1.0647E+10  7.8475E+09  4.0181E-06  4.6055E-08  1.0633E+11 -2.6695E+08 -1.5781E+08  1.7191E+07
     0.186120
  1.3462E+09  7.4272E+09  2.9686E+10  1.9974E+10 -1.8879E-05 -3.9954E-07  2.7937E+11 -6.5547E+08 -4.4522E+08  4.6633E+07
     0.191760
  3.6523E+09  2.0754E+10  7.7871E+10  5.1434E+10 -3.8809E-05  4.3890E-07  7.3385E+11 -1.7376E+09 -1.0343E+09  8.6309E+07
     0.197400
  1.0012E+10  5.8518E+10  1.9819E+11  1.3632E+11  1.4525E-04 -1.5399E-06  1.9722E+12 -4.9328E+09 -1.9253E+09  6.2580E+07
     0.203040
  2.8042E+10  1.6511E+11  5.1472E+11  3.7123E+11 -7.6251E-05 -1.4609E-06  5.4865E+12 -1.4304E+10 -2.6165E+09 -2.7956E+08
     0.208680
  8.0611E+10  4.6763E+11  1.4111E+12  1.0352E+12 -1.2543E-03  5.3682E-06  1.5800E+13 -4.1548E+10 -2.0497E+09 -1.4672E+09
     0.214320
  2.3696E+11  1.3469E+12  4.0612E+12  2.9700E+12 -6.3039E-04  2.6571E-05  4.6752E+13 -1.2267E+11 -2.8640E+09 -3.8406E+09
     0.219960
  7.0611E+11  3.9828E+12  1.1937E+13  8.8021E+12  1.0123E-02 -5.3838E-05  1.4060E+14 -3.7422E+11 -3.6705E+10 -4.8126E+09
     0.225600
  2.1137E+12  1.2032E+13  3.5121E+13  2.6709E+13 -4.5690E-03 -1.7711E-04  4.2454E+14 -1.1690E+12 -2.6510E+11  1.0157E+10
     0.231240
  6.3136E+12  3.6537E+13  1.0297E+14  8.1325E+13 -2.0997E-02  4.6613E-04  1.2728E+15 -3.6381E+12 -1.3041E+12  8.9038E+10
     0.236880
  1.8746E+13  1.0974E+14  3.0167E+14  2.4379E+14  1.9891E-01  4.7067E-04  3.7621E+15 -1.1017E+13 -5.1227E+12  3.4920E+11
     0.242520
  5.5263E+13  3.2349E+14  8.8426E+14  7.1301E+14  4.4781E-01  3.9293E-04  1.0945E+16 -3.2215E+13 -1.7262E+13  1.0037E+12
     0.248160
  1.6183E+14  9.3698E+14  2.5861E+15  2.0399E+15 -1.9182E+00 -1.0563E-02  3.1461E+16 -9.1647E+13 -5.1984E+13  2.2854E+12
     0.253800
  4.7163E+14  2.6863E+15  7.5190E+15  5.7701E+15  5.5824E+00  5.7432E-02  9.0014E+16 -2.5777E+14 -1.4435E+14  4.0976E+12
     0.259440
  1.3709E+15  7.6911E+15  2.1726E+16  1.6351E+16  7.0598E-01  7.6964E-03  2.5829E+17 -7.2872E+14 -3.8172E+14  5.4514E+12
     0.265080
  3.9825E+15  2.2137E+16  6.2607E+16  4.6859E+16 -5.5552E+01 -2.5876E-01  7.4688E+17 -2.0900E+15 -9.9771E+14  5.5008E+12
     0.270720
  1.1577E+16  6.4224E+16  1.8086E+17  1.3613E+17  2.2947E+02  4.5886E-01  2.1775E+18 -6.0803E+15 -2.6740E+15  1.4631E+13
     0.276360
  3.3691E+16  1.8760E+17  5.2546E+17  3.9937E+17  2.0316E+02 -9.0829E-01  6.3820E+18 -1.7835E+16 -7.5095E+15  1.0255E+14
     0.282000
  9.8114E+16  5.5018E+17  1.5353E+18  1.1759E+18  7.1747E+02 -2.1414E+01  1.8730E+19 -5.2397E+16 -2.2003E+16  5.5036E+14
     0.287640
  2.8577E+17  1.6149E+18  4.4984E+18  3.4573E+18 -1.6784E+03  5.9750E+01  5.4872E+19 -1.5355E+17 -6.5768E+16  2.2384E+15
     0.293280
  8.3226E+17  4.7344E+18  1.3175E+19  1.0123E+19  1.0346E+04  1.1985E+02  1.6026E+20 -4.4836E+17 -1.9595E+17  7.4663E+15
     0.298920
  2.4239E+18  1.3849E+19  3.8498E+19  2.9515E+19 -1.3771E+04 -9.6919E+02  4.6682E+20 -1.3055E+18 -5.7405E+17  2.1422E+16
     0.304560
  7.0626E+18  4.0424E+19  1.1224E+20  8.5818E+19  4.8436E+04 -1.1871E+03  1.3584E+21 -3.7970E+18 -1.6500E+18  5.4731E+16
     0.310200
  2.0601E+19  1.1786E+20  3.2688E+20  2.4941E+20  7.2978E+04 -8.5440E+02  3.9557E+21 -1.1054E+19 -4.6849E+18  1.2987E+17
     0.315840
  6.0181E+19  3.4374E+20  9.5240E+20  7.2609E+20  9.7743E+05  7.0705E+03  1.1543E+22 -3.2264E+19 -1.3296E+19  3.0759E+17
     0.321480
  1.7608E+20  1.0039E+21  2.7790E+21  2.1204E+21  2.1432E+06 -3.1364E+04  3.3773E+22 -9.4492E+19 -3.8185E+19  8.0357E+17
     0.327120
  5.1584E+20  2.9374E+21  8.1235E+21  6.2126E+21 -6.4698E+05 -1.0847E+04  9.9028E+22 -2.7759E+20 -1.1176E+20  2.4447E+18
     0.332760
  1.5123E+21  8.6094E+21  2.3783E+22  1.8245E+22 -2.8196E+07  3.1409E+05  2.9068E+23 -8.1685E+20 -3.3313E+20  8.2243E+18
     0.338400
  4.4342E+21  2.5254E+22  6.9697E+22  5.3617E+22  8.8297E+06  1.2758E+04  8.5316E+23 -2.4034E+21 -1.0037E+21  2.8013E+19
     0.344040
  1.2996E+22  7.4060E+22  2.0429E+23  1.5742E+23 -1.3146E+08 -1.1014E+06  2.5013E+24 -7.0588E+21 -3.0274E+21  9.1548E+19
     0.349680
  3.8061E+22  2.1696E+23  5.9853E+23  4.6131E+23  3.8654E+08 -1.7706E+06  7.3213E+24 -2.0678E+22 -9.0676E+21  2.8204E+20
     0.355320
  1.1137E+23  6.3466E+23  1.7521E+24  1.3488E+24 -1.1747E+08 -9.9436E+06  2.1398E+25 -6.0417E+22 -2.6856E+22  8.2131E+20
     0.360960
  3.2567E+23  1.8542E+24  5.1240E+24  3.9373E+24  1.2303E+09  8.9398E+07  6.2476E+25 -1.7622E+23 -7.8624E+22  2.2924E+21
     0.366600
  9.5182E+23  5.4132E+24  1.4974E+25  1.1484E+25 -1.1412E+10 -7.5990E+07  1.8235E+26 -5.1364E+23 -2.2815E+23  6.2662E+21
     0.372240
  2.7812E+24  1.5801E+25  4.3739E+25  3.3501E+25  7.9561E+09  2.5302E+08  5.3239E+26 -1.4977E+24 -6.5908E+23  1.7204E+22
     0.377880
  8.1261E+24  4.6139E+25  1.2776E+26  9.7804E+25 -6.6289E+10  3.5380E+08  1.5553E+27 -4.3713E+24 -1.9039E+24  4.8461E+22
     0.383520
  2.3745E+25  1.3481E+26  3.7329E+26  2.8581E+26 -1.1850E+11 -6.3671E+08  4.5462E+27 -1.2772E+25 -5.5174E+24  1.4120E+23
     0.389160
  6.9395E+25  3.9410E+26  1.0911E+27  8.3585E+26 -2.2461E+11 -1.3993E+10  1.3295E+28 -3.7346E+25 -1.6060E+25  4.2235E+23
     0.394800
  2.0283E+26  1.1526E+27  3.1902E+27  2.4454E+27 -3.3450E+10 -3.0590E+10  3.8886E+28 -1.0924E+26 -4.6929E+25  1.2764E+24
     0.400440
  5.9286E+26  3.3716E+27  9.3294E+27  7.1545E+27 -7.6548E+11 -5.5872E+10  1.1373E+29 -3.1956E+26 -1.3742E+26  3.8387E+24
     0.406080
  1.7330E+27  9.8615E+27  2.7282E+28  2.0926E+28  7.1856E+11  3.3447E+11  3.3254E+29 -9.3453E+26 -4.0251E+26  1.1388E+25
     0.411720
  5.0660E+27  2.8838E+28  7.9773E+28  6.1183E+28 -2.3582E+13  4.2378E+11  9.7217E+29 -2.7323E+27 -1.1778E+27  3.3270E+25
     0.417360
  1.4810E+28  8.4318E+28  2.3323E+29  1.7884E+29  4.4945E+13 -2.3219E+12  2.8418E+30 -7.9870E+27 -3.4417E+27  9.6084E+25
     0.423000
  7.1346E-02  4.0616E-01  1.1234E+00  8.6128E-01 -1.2728E-15  7.2348E-18  1.3688E+01 -3.8471E-02 -1.6557E-02  4.5514E-04
     0.428640
  2.0862E-01  1.1874E+00  3.2842E+00  2.5177E+00 -1.3936E-15  1.6400E-17  4.0020E+01 -1.1248E-01 -4.8337E-02  1.3121E-03
     0.434280
  6.1007E-01  3.4717E+00  9.6017E+00  7.3612E+00 -3.3187E-15 -8.8898E-17  1.1703E+02 -3.2896E-01 -1.4123E-01  3.8117E-03
     0.439920
  1.7842E+00  1.0152E+01  2.8075E+01  2.1528E+01 -7.8682E-15  5.1229E-16  3.4226E+02 -9.6228E-01 -4.1317E-01  1.1172E-02
     0.445560
  5.2182E+00  2.9689E+01  8.2101E+01  6.2970E+01  1.7443E-14  6.0524E-16  1.0011E+03 -2.8151E+00 -1.2102E+00  3.2956E-02
     0.451200
  1.5261E+01  8.6831E+01  2.4010E+02  1.8419E+02 -1.7765E-13  3.2252E-15  2.9279E+03 -8.2350E+00 -3.5469E+00  9.7420E-02
     0.456840
  4.4632E+01  2.5394E+02  7.0220E+02  5.3874E+02 -1.0815E-13 -1.5058E-15  8.5628E+03 -2.4086E+01 -1.0396E+01  2.8741E-01
     0.462480
  1.3051E+02  7.4260E+02  2.0535E+03  1.5755E+03  3.6781E-13  6.2476E-16  2.5038E+04 -7.0431E+01 -3.0452E+01  8.4408E-01
     0.468120
  3.8163E+02  2.1713E+03  6.0048E+03  4.6064E+03 -5.6230E-13 -3.2769E-14  7.3206E+04 -2.0591E+02 -8.9115E+01  2.4666E+00
     0.473760
  1.1158E+03  6.3482E+03  1.7558E+04  1.3467E+04  8.2938E-12 -6.5811E-14  2.1402E+05 -6.0192E+02 -2.6053E+02  7.1811E+00
     0.479400
  3.2624E+03  1.8559E+04  5.1334E+04  3.9367E+04  4.8239E-12  8.3161E-13  6.2567E+05 -1.7595E+03 -7.6113E+02  2.0874E+01
     0.485040
  9.5381E+03  5.4257E+04  1.5008E+05  1.1508E+05 -1.8327E-11  1.3257E-13  1.8292E+06 -5.1432E+03 -2.2228E+03  6.0719E+01
     0.490680
  2.7887E+04  1.5863E+05  4.3879E+05  3.3644E+05 -7.0650E-11 -1.3623E-12  5.3479E+06 -1.5036E+04 -6.4919E+03  1.7701E+02
     0.496320
  8.1532E+04  4.6378E+05  1.2829E+06  9.8368E+05  8.6440E-10  6.4258E-12  1.5636E+07 -4.3961E+04 -1.8966E+04  5.1738E+02
     0.501960
  2.3838E+05  1.3560E+06  3.7510E+06  2.8762E+06  1.4683E-09 -2.5231E-11  4.5720E+07 -1.2854E+05 -5.5431E+04  1.5153E+03
     0.507600
  6.9699E+05  3.9650E+06  1.0967E+07  8.4104E+06  1.0168E-08 -1.0701E-11  1.3369E+08 -3.7585E+05 -1.6206E+05  4.4421E+03
     0.513240
  2.0379E+06  1.1594E+07  3.2068E+07  2.4593E+07 -8.7376E-09 -3.0312E-10  3.9090E+08 -1.0990E+06 -4.7392E+05  1.3019E+04
     0.518880
  5.9585E+06  3.3901E+07  9.3766E+07  7.1909E+07  5.4715E-08 -2.3965E-10  1.1430E+09 -3.2136E+06 -1.3860E+06  3.8114E+04
     0.524520
  1.7422E+07  9.9125E+07  2.7417E+08  2.1026E+08 -6.6845E-08 -3.3280E-10  3.3419E+09 -9.3963E+06 -4.0530E+06  1.1145E+05
     0.530160
  5.0941E+07  2.8983E+08  8.0164E+08  6.1477E+08  6.3459E-08 -6.3508E-10  9.7714E+09 -2.7474E+07 -1.1851E+07  3.2558E+05
     0.535800
  1.4895E+08  8.4745E+08  2.3439E+09  1.7975E+09 -3.9200E-07  2.8238E-08  2.8571E+10 -8.0332E+07 -3.4650E+07  9.5075E+05
     0.541440
  4.3551E+08  2.4779E+09  6.8533E+09  5.2557E+09  2.4710E-06 -2.2406E-09  8.3538E+10 -2.3488E+08 -1.0131E+08  2.7770E+06
     0.547080
  1.2734E+09  7.2450E+09  2.0039E+10  1.5367E+10 -1.3998E-05 -2.5028E-07  2.4426E+11 -6.8680E+08 -2.9622E+08  8.1156E+06
     0.552720
  3.7235E+09  2.1184E+10  5.8591E+10  4.4933E+10 -7.8361E-05  3.4977E-09  7.1421E+11 -2.0082E+09 -8.6618E+08  2.3734E+07
     0.558360
  1.0887E+10  6.1941E+10  1.7132E+11  1.3138E+11 -3.0198E-06  1.1245E-06  2.0884E+12 -5.8721E+09 -2.5330E+09  6.9442E+07
     0.564000
  3.1835E+10  1.8111E+11  5.0093E+11  3.8417E+11  3.9033E-04 -1.1640E-06  6.1063E+12 -1.7170E+10 -7.4077E+09  2.0321E+08
     0.569640
  9.3083E+10  5.2957E+11  1.4647E+12  1.1233E+12 -7.5832E-04 -7.4522E-06  1.7855E+13 -5.0205E+10 -2.1663E+10  5.9458E+08
     0.575280
  2.7217E+11  1.5484E+12  4.2827E+12  3.2845E+12  3.7785E-03 -3.5083E-06  5.2205E+13 -1.4679E+11 -6.3350E+10  1.7391E+09
     0.580920
  7.9580E+11  4.5275E+12  1.2522E+13  9.6035E+12 -5.7360E-03  3.4321E-06  1.5264E+14 -4.2921E+11 -1.8524E+11  5.0845E+09
     0.586560
  2.3268E+12  1.3238E+13  3.6614E+13  2.8079E+13  2.6232E-02 -5.0370E-04  4.4631E+14 -1.2549E+12 -5.4160E+11  1.4861E+10
     0.592200
  6.8035E+12  3.8706E+13  1.0706E+14  8.2100E+13 -9.0260E-02  1.6552E-04  1.3050E+15 -3.6693E+12 -1.5835E+12  4.3433E+10
     0.597840
  1.9893E+13  1.1317E+14  3.1302E+14  2.4005E+14  1.3083E-01  4.0967E-03  3.8155E+15 -1.0728E+13 -4.6294E+12  1.2694E+11
     0.603480
  5.8164E+13  3.3090E+14  9.1525E+14  7.0188E+14  2.3075E-01  7.0776E-04  1.1156E+16 -3.1368E+13 -1.3535E+13  3.7107E+11
     0.609120
  1.7006E+14  9.6753E+14  2.6761E+15  2.0522E+15 -1.1611E+00 -2.9974E-02  3.2620E+16 -9.1718E+13 -3.9571E+13  1.0850E+12
     0.614760
  4.9725E+14  2.8290E+15  7.8246E+15  6.0006E+15 -7.2888E+00 -5.9737E-02  9.5378E+16 -2.6818E+14 -1.1570E+14  3.1727E+12
     0.620400
  1.4539E+15  8.2717E+15  2.2879E+16  1.7545E+16  1.0733E+00  1.2780E-01  2.7888E+17 -7.8413E+14 -3.3829E+14  9.2788E+12
     0.626040
  4.2512E+15  2.4186E+16  6.6895E+16  5.1301E+16 -8.8047E+00 -2.2561E-01  8.1542E+17 -2.2928E+15 -9.8915E+14  2.7136E+13
     0.631680
  1.2430E+16  7.0718E+16  1.9560E+17  1.5000E+17 -1.4717E+01 -3.5798E+00  2.3842E+18 -6.7039E+15 -2.8923E+15  7.9351E+13
     0.637320
  3.6344E+16  2.0677E+17  5.7191E+17  4.3859E+17  8.9767E+01 -6.4524E-02  6.9713E+18 -1.9602E+16 -8.4569E+15  2.3202E+14
     0.642960
  1.0627E+17  6.0459E+17  1.6722E+18  1.2824E+18  5.8780E+02  9.8623E+00  2.0384E+19 -5.7314E+16 -2.4728E+16  6.7837E+14
     0.648600
  3.1072E+17  1.7678E+18  4.8894E+18  3.7497E+18 -1.5725E+03 -4.0464E+01  5.9600E+19 -1.6758E+17 -7.2302E+16  1.9833E+15
     0.654240
  9.0852E+17  5.1688E+18  1.4296E+19  1.0964E+19  1.7874E+03 -3.5154E+01  1.7426E+20 -4.8999E+17 -2.1140E+17  5.7985E+15
     0.659880
  2.6565E+18  1.5113E+19  4.1801E+19  3.2057E+19 -1.5171E+04 -2.0256E+02  5.0954E+20 -1.4327E+18 -6.1813E+17  1.6954E+16
     0.665520
  7.7673E+18  4.4190E+19  1.2222E+20  9.3732E+19 -8.5929E+04  1.3210E+03  1.4898E+21 -4.1891E+18 -1.8074E+18  4.9572E+16
     0.671160
  2.2711E+19  1.2921E+20  3.5737E+20  2.7407E+20 -5.1001E+04  6.0309E+03  4.3562E+21 -1.2249E+19 -5.2847E+18  1.4495E+17
     0.676800
  6.6405E+19  3.7779E+20  1.0449E+21  8.0135E+20 -6.0283E+05  1.2027E+04  1.2737E+22 -3.5814E+19 -1.5452E+19  4.2385E+17
     0.682440
  1.9416E+20  1.1046E+21  3.0553E+21  2.3431E+21  1.2508E+06  4.7065E+04  3.7243E+22 -1.0472E+20 -4.5182E+19  1.2394E+18
     0.688080
  5.6772E+20  3.2299E+21  8.9334E+21  6.8510E+21  4.7221E+06 -3.8383E+04  1.0889E+23 -3.0619E+20 -1.3211E+20  3.6239E+18
     0.693720
  1.6600E+21  9.4439E+21  2.6121E+22  2.0032E+22 -9.1108E+06  2.0604E+05  3.1840E+23 -8.9526E+20 -3.8627E+20  1.0596E+19
     0.699360
  4.8536E+21  2.7613E+22  7.6374E+22  5.8571E+22 -1.9144E+08  7.2550E+05  9.3097E+23 -2.6177E+21 -1.1294E+21  3.0981E+19
     0.705000
  1.4191E+22  8.0738E+22  2.2331E+23  1.7126E+23 -1.5856E+08  3.7897E+06  2.7221E+24 -7.6538E+21 -3.3023E+21  9.0582E+19
     0.710640
  4.1495E+22  2.3607E+23  6.5295E+23  5.0074E+23 -2.8766E+08  2.6671E+06  7.9591E+24 -2.2379E+22 -9.6556E+21  2.6485E+20
     0.716280
  1.2133E+23  6.9026E+23  1.9092E+24  1.4641E+24  3.9045E+07  1.5818E+07  2.3272E+25 -6.5435E+22 -2.8232E+22  7.7437E+20
     0.721920
  3.5475E+23  2.0183E+24  5.5822E+24  4.2810E+24 -1.6261E+09  2.4206E+07  6.8045E+25 -1.9133E+23 -8.2548E+22  2.2642E+21
     0.727560
  1.0373E+24  5.9012E+24  1.6322E+25  1.2517E+25  7.1413E+09  2.8934E+07  1.9896E+26 -5.5942E+23 -2.4136E+23  6.6204E+21
     0.733200
  3.0329E+24  1.7255E+25  4.7724E+25  3.6599E+25 -3.0268E+10 -1.4407E+07  5.8174E+26 -1.6357E+24 -7.0572E+23  1.9358E+22
     0.738840
  8.8678E+24  5.0451E+25  1.3954E+26  1.0701E+26  1.8044E+10 -2.4991E+09  1.7009E+27 -4.7827E+24 -2.0635E+24  5.6602E+22
     0.744480
  2.5929E+25  1.4752E+26  4.0801E+26  3.1290E+26 -4.0191E+11 -8.3033E+08  4.9734E+27 -1.3984E+25 -6.0335E+24  1.6550E+23
     0.750120
  7.5814E+25  4.3132E+26  1.1930E+27  9.1489E+26 -7.6628E+11 -2.7812E+10  1.4542E+28 -4.0888E+25 -1.7641E+25  4.8391E+23
