     0.000000
  3.7120E-03  1.4884E-35  3.2614E-10  4.9379E-03  0.0000E+00  0.0000E+00  0.0000E+00  0.0000E+00  0.0000E+00  0.0000E+00
     0.004980
  2.6644E-03  4.5531E-04  3.4392E-02  8.8306E-03 -9.7764E-18  6.4553E-20  2.3449E-01 -4.5736E-04  1.2115E-05  1.1888E-06
     0.009960
  2.6337E-03  3.0257E-03  8.6270E-02  2.1822E-02 -2.5085E-17 -3.4557E-19  4.3673E-01 -8.0283E-04  1.0963E-04  1.1672E-05
     0.014940
  5.0622E-03  1.1101E-02  2.0581E-01  6.0973E-02  1.6557E-17  1.4251E-18  1.3066E+00 -1.3183E-03 -2.7124E-04  4.5705E-05
     0.019920
  1.1981E-02  3.5719E-02  6.0888E-01  1.8155E-01  2.4946E-16 -3.1499E-19  4.1064E+00 -2.6576E-03 -1.7839E-03  1.3732E-04
     0.024900
  3.3507E-02  1.0260E-01  1.8787E+00  5.2541E-01 -5.0303E-16 -2.2021E-17  1.2295E+01 -5.6721E-03 -6.5777E-03  3.4845E-04
     0.029880
  9.7090E-02  2.7080E-01  5.7078E+00  1.4731E+00  1.7184E-15  4.5184E-18  3.5371E+01 -1.1274E-02 -1.7480E-02  8.0421E-04
     0.034860
  2.7434E-01  7.1912E-01  1.6832E+01  4.1476E+00  1.8242E-15 -4.5363E-17  1.0077E+02 -2.5984E-02 -3.2968E-02  1.9017E-03
     0.039840
  7.6197E-01  2.0807E+00  4.8963E+01  1.2101E+01  4.4629E-15  2.8069E-16  2.9391E+02 -8.7943E-02 -4.4495E-02  5.1281E-03
     0.044820
  2.1569E+00  6.4896E+00  1.4388E+02  3.6578E+01 -2.8941E-15 -2.7451E-16  8.8536E+02 -3.3958E-01 -6.7717E-02  1.5958E-02
     0.049800
  6.3738E+00  2.0432E+01  4.3160E+02  1.1198E+02  8.0144E-14 -3.5654E-16  2.7101E+03 -1.1794E+00 -3.1267E-01  5.3831E-02
     0.054780
  1.9446E+01  6.2377E+01  1.3119E+03  3.4033E+02  1.3418E-13  7.0723E-15  8.2602E+03 -3.5666E+00 -1.7568E+00  1.8530E-01
     0.059760
  5.9566E+01  1.8493E+02  3.9847E+03  1.0213E+03  3.0337E-13 -7.6900E-15  2.4858E+04 -9.9102E+00 -7.6947E+00  6.2603E-01
     0.064740
  1.7997E+02  5.4435E+02  1.2001E+04  3.0447E+03  1.0511E-13 -5.5075E-14  7.4134E+04 -2.7483E+01 -2.7450E+01  2.0233E+00
     0.069720
  5.3627E+02  1.6199E+03  3.5879E+04  9.0874E+03 -1.5738E-13  1.0394E-13  2.2086E+05 -8.0693E+01 -8.4449E+01  6.1573E+00
     0.074700
  1.5909E+03  4.8790E+03  1.0707E+05  2.7240E+04  2.0854E-11  5.9490E-14  6.6051E+05 -2.4884E+02 -2.3168E+02  1.7567E+01
     0.079680
  4.7381E+03  1.4721E+04  3.2031E+05  8.1845E+04 -8.0763E-11  2.3985E-12  1.9823E+06 -7.7043E+02 -5.7795E+02  4.7521E+01
     0.084660
  1.4195E+04  4.4115E+04  9.6130E+05  2.4570E+05 -2.8952E-10 -3.1851E-13  5.9536E+06 -2.3262E+03 -1.3450E+03  1.2599E+02
     0.089640
  4.2646E+04  1.3134E+05  2.8887E+06  7.3618E+05 -4.4923E-10 -3.8205E-12  1.7861E+07 -6.8641E+03 -3.1331E+03  3.4542E+02
     0.094620
  1.2807E+05  3.9102E+05  8.6756E+06  2.2046E+06  2.1467E-09 -2.1315E-12  5.3552E+07 -2.0191E+04 -8.4103E+03  1.0273E+03
     0.099600
  3.8423E+05  1.1716E+06  2.6032E+07  6.6116E+06 -5.4389E-09  7.4134E-11  1.6070E+08 -6.0254E+04 -2.8464E+04  3.3161E+03
     0.104580
  1.1532E+06  3.5367E+06  7.8104E+07  1.9874E+07  3.4534E-09  4.7608E-11  4.8304E+08 -1.8279E+05 -1.0975E+05  1.1102E+04
     0.109560
  3.4670E+06  1.0712E+07  2.3449E+08  5.9814E+07  6.1566E-08 -9.9642E-10  1.4533E+09 -5.5761E+05 -4.1668E+05  3.6662E+04
     0.114540
  1.0435E+07  3.2375E+07  7.0439E+08  1.7994E+08 -1.6654E-07  6.8928E-10  4.3696E+09 -1.6906E+06 -1.4503E+06  1.1589E+05
     0.119520
  3.1389E+07  9.7332E+07  2.1158E+09  5.4036E+08 -2.0292E-07  5.8439E-09  1.3116E+10 -5.0717E+06 -4.5373E+06  3.4711E+05
     0.124500
  9.4225E+07  2.9110E+08  6.3502E+09  1.6197E+09 -2.2876E-06  1.1482E-08  3.9298E+10 -1.5097E+07 -1.2782E+07  9.9015E+05
     0.129480
  2.8219E+08  8.6815E+08  1.9042E+10  4.8497E+09  2.2785E-07 -2.6349E-08  1.1765E+11 -4.4865E+07 -3.2952E+07  2.7387E+06
     0.134460
  8.4406E+08  2.5895E+09  5.7075E+10  1.4522E+10 -1.3106E-05 -2.4880E-07  3.5231E+11 -1.3374E+08 -8.0919E+07  7.5680E+06
     0.139440
  2.5256E+09  7.7425E+09  1.7111E+11  4.3526E+10  2.1451E-05  1.0978E-06  1.0563E+12 -4.0061E+08 -2.0493E+08  2.1630E+07
     0.144420
  7.5694E+09  2.3225E+10  5.1330E+11  1.3062E+11 -1.0129E-04 -2.2855E-07  3.1715E+12 -1.2047E+09 -5.8918E+08  6.5313E+07
     0.149400
  2.2730E+10  6.9874E+10  1.5410E+12  3.9239E+11 -1.5021E-04  1.5537E-06  9.5315E+12 -3.6306E+09 -1.9633E+09  2.0692E+08
     0.154380
  6.8355E+10  2.1058E+11  4.6283E+12  1.1794E+12  2.0444E-03 -4.3127E-06  2.8655E+13 -1.0948E+10 -7.0087E+09  6.6833E+08
     0.159360
  2.0564E+11  6.3470E+11  1.3902E+13  3.5447E+12 -2.3410E-03 -7.5047E-06  8.6111E+13 -3.2986E+10 -2.4582E+10  2.1346E+09
     0.164340
  6.1828E+11  1.9103E+12  4.1743E+13  1.0647E+13 -5.9846E-03  2.4257E-04  2.5856E+14 -9.9206E+10 -8.0929E+10  6.6087E+09
     0.169320
  1.8567E+12  5.7359E+12  1.2529E+14  3.1953E+13 -4.9921E-02 -7.1031E-05  7.7562E+14 -2.9759E+11 -2.4649E+11  1.9695E+10
     0.174300
  5.5682E+12  1.7180E+13  3.7587E+14  9.5815E+13 -2.4172E-01  1.1166E-03  2.3250E+15 -8.9050E+11 -6.9670E+11  5.6763E+10
     0.179280
  1.6682E+13  5.1369E+13  1.1273E+15  2.8717E+14 -2.9287E-01  4.5840E-03  6.9673E+15 -2.6609E+12 -1.8606E+12  1.6063E+11
     0.184260
  4.9965E+13  1.5357E+14  3.3807E+15  8.6068E+14  2.4775E-01 -3.6123E-03  2.0884E+16 -7.9528E+12 -4.8731E+12  4.5650E+11
     0.189240
  1.4971E+14  4.5969E+14  1.0140E+16  2.5808E+15  3.8588E+00  5.0101E-02  6.2644E+16 -2.3814E+13 -1.3249E+13  1.3327E+12
     0.194220
  4.4902E+14  1.3791E+15  3.0427E+16  7.7450E+15  7.7289E+00 -1.8049E-02  1.8806E+17 -7.1503E+13 -3.9317E+13  4.0398E+12
     0.199200
  1.3482E+15  4.1462E+15  9.1335E+16  2.3259E+16  1.2154E+01  2.1249E-01  5.6492E+17 -2.1519E+14 -1.2745E+14  1.2623E+13
     0.204180
  4.0515E+15  1.2482E+16  2.7424E+17  6.9879E+16 -7.8249E+00  6.4825E-01  1.6973E+18 -6.4830E+14 -4.3009E+14  3.9864E+13
     0.209160
  1.2178E+16  3.7576E+16  8.2344E+17  2.0993E+17 -3.5456E+02  1.1187E+00  5.0985E+18 -1.9519E+15 -1.4327E+15  1.2465E+14
     0.214140
  3.6593E+16  1.1298E+17  2.4721E+18  6.3036E+17  1.0854E+02  6.0049E+00  1.5305E+19 -5.8663E+15 -4.5607E+15  3.8082E+14
     0.219120
  1.0986E+17  3.3907E+17  7.4194E+18  1.8916E+18 -3.2692E+03 -2.7241E+01  4.5915E+19 -1.7591E+16 -1.3711E+16  1.1322E+15
     0.224100
  3.2950E+17  1.0158E+18  2.2260E+19  5.6729E+18 -1.3099E+04  1.6819E+01  1.3767E+20 -5.2656E+16 -3.9073E+16  3.2916E+15
     0.229080
  9.8761E+17  3.0403E+18  6.6771E+19  1.7008E+19  5.2843E+03  3.6922E+02  4.1273E+20 -1.5751E+17 -1.0743E+17  9.4750E+15
     0.234060
  2.9597E+18  9.1004E+18  2.0028E+20  5.0996E+19 -3.1269E+03 -5.2014E+02  1.2377E+21 -4.7146E+17 -2.9410E+17  2.7450E+16
     0.239040
  8.8730E+18  2.7269E+19  6.0086E+20  1.5297E+20 -5.3496E+02 -2.5842E+02  3.7133E+21 -1.4133E+18 -8.3339E+17  8.1175E+16
     0.244020
  2.6620E+19  8.1841E+19  1.8031E+21  4.5910E+20 -7.2460E+05  9.2350E+02  1.1147E+22 -4.2446E+18 -2.5091E+18  2.4626E+17
     0.249000
  7.9927E+19  2.4597E+20  5.4123E+21  1.3785E+21  1.5306E+06 -2.6297E+02  3.3478E+22 -1.2765E+19 -7.9789E+18  7.6138E+17
     0.253980
  2.4011E+20  7.3981E+20  1.6248E+22  4.1403E+21 -4.4886E+06  4.7857E+04  1.0055E+23 -3.8410E+19 -2.5962E+19  2.3666E+18
     0.258960
  7.2137E+20  2.2248E+21  4.8780E+22  1.2434E+22 -5.2835E+06 -2.4300E+05  3.0193E+23 -1.1551E+20 -8.3522E+19  7.2943E+18
     0.263940
  2.1665E+21  6.6841E+21  1.4642E+23  3.7325E+22 -2.8543E+07  7.7021E+04  9.0621E+23 -3.4690E+20 -2.5983E+20  2.2100E+19
     0.268920
  6.5027E+21  2.0055E+22  4.3942E+23  1.1200E+23  2.2113E+07  2.0654E+06  2.7186E+24 -1.0403E+21 -7.7546E+20  6.5685E+19
     0.273900
  1.9505E+22  6.0105E+22  1.3184E+24  3.3594E+23  8.2827E+08  4.2972E+06  8.1534E+24 -3.1160E+21 -2.2304E+21  1.9242E+20
     0.278880
  5.8482E+22  1.8003E+23  3.9553E+24  1.0075E+24  6.6397E+08  5.1699E+05  2.4451E+25 -9.3303E+21 -6.2800E+21  5.6092E+20
     0.283860
  1.7534E+23  5.3936E+23  1.1866E+25  3.0217E+24 -2.2233E+09  5.5464E+07  7.3344E+25 -2.7953E+22 -1.7735E+22  1.6459E+21
     0.288840
  5.2586E+23  1.6172E+24  3.5602E+25  9.0657E+24 -9.0668E+09  2.0140E+08  2.2008E+26 -8.3840E+22 -5.1524E+22  4.9039E+21
     0.293820
  1.5779E+24  4.8543E+24  1.0684E+26  2.7210E+25 -9.6962E+09  4.6573E+08  6.6066E+26 -2.5178E+23 -1.5601E+23  1.4864E+22
     0.298800
  4.7374E+24  1.4585E+25  3.2069E+26  8.1691E+25  2.3565E+11 -1.1120E+08  1.9837E+27 -7.5681E+23 -4.8888E+23  4.5592E+22
     0.303780
  1.4228E+25  4.3837E+25  9.6265E+26  2.4529E+26  8.6921E+09 -2.5293E+08  5.9563E+27 -2.2753E+24 -1.5515E+24  1.4015E+23
     0.308760
  4.2729E+25  1.3174E+26  2.8896E+27  7.3644E+26 -8.9366E+09  4.3741E+07  1.7881E+28 -6.8373E+24 -4.8751E+24  4.2784E+23
     0.313740
  1.2829E+26  3.9559E+26  8.6730E+27  2.2105E+27  1.3286E+12 -1.7327E+10  5.3664E+28 -2.0526E+25 -1.4941E+25  1.2897E+24
     0.318720
  3.8501E+26  1.1868E+27  2.6027E+28  6.6327E+27 -8.2353E+12  1.0475E+10  1.6100E+29 -6.1556E+25 -4.4448E+25  3.8365E+24
     0.323700
  1.1550E+27  3.5581E+27  7.8094E+28  1.9897E+28  2.0793E+13 -3.4246E+11  4.8294E+29 -1.8447E+26 -1.2898E+26  1.1308E+25
     0.328680
  3.4638E+27  1.0663E+28  2.3430E+29  5.9682E+28  8.0772E+11  5.5720E+09  1.4486E+30 -5.5276E+26 -3.6988E+26  3.3265E+25
     0.333660
  2.3366E-02  7.1899E-02  1.5812E+00  4.0271E-01  4.6393E-16  5.2067E-18  9.7755E+00 -3.7272E-03 -2.3999E-03  2.2140E-04
     0.338640
  7.0094E-02  2.1566E-01  4.7447E+00  1.2084E+00  4.3855E-16 -1.6195E-17  2.9336E+01 -1.1183E-02 -7.0760E-03  6.6245E-04
     0.343620
  2.1035E-01  6.4738E-01  1.4239E+01  3.6268E+00  2.6037E-15  3.7450E-18  8.8057E+01 -3.3580E-02 -2.1460E-02  2.0051E-03
     0.348600
  6.3148E-01  1.9445E+00  4.2737E+01  1.0887E+01 -4.7712E-15  7.4938E-17  2.6436E+02 -1.0089E-01 -6.6497E-02  6.1133E-03
     0.353580
  1.8961E+00  5.8419E+00  1.2828E+02  3.2686E+01 -2.3616E-14  3.7408E-16  7.9364E+02 -3.0315E-01 -2.0741E-01  1.8648E-02
     0.358560
  5.6930E+00  1.7547E+01  3.8503E+02  9.8117E+01 -1.4240E-13 -5.7150E-17  2.3822E+03 -9.1051E-01 -6.4139E-01  5.6564E-02
     0.363540
  1.7090E+01  5.2677E+01  1.1556E+03  2.9448E+02  6.4359E-14 -3.9368E-15  7.1490E+03 -2.7328E+00 -1.9471E+00  1.7001E-01
     0.368520
  5.1284E+01  1.5804E+02  3.4677E+03  8.8360E+02 -5.9705E-13 -6.2931E-15  2.1449E+04 -8.1963E+00 -5.7881E+00  5.0640E-01
     0.373500
  1.5386E+02  4.7390E+02  1.0405E+04  2.6509E+03  1.8205E-12  8.0467E-15  6.4348E+04 -2.4572E+01 -1.6928E+01  1.4998E+00
     0.378480
  4.6150E+02  1.4208E+03  3.1221E+04  7.9528E+03  2.7586E-12  1.0335E-14  1.9305E+05 -7.3665E+01 -4.9208E+01  4.4405E+00
     0.383460
  1.3844E+03  4.2609E+03  9.3680E+04  2.3861E+04  4.6879E-11 -1.0127E-13  5.7923E+05 -2.2092E+02 -1.4398E+02  1.3211E+01
     0.388440
  4.1536E+03  1.2784E+04  2.8112E+05  7.1601E+04 -9.7315E-13  1.1407E-12  1.7383E+06 -6.6295E+02 -4.2822E+02  3.9620E+01
     0.393420
  1.2465E+04  3.8374E+04  8.4365E+05  2.1490E+05 -1.4186E-10 -3.1181E-12  5.2176E+06 -1.9905E+03 -1.2981E+03  1.1973E+02
     0.398400
  3.7418E+04  1.1524E+05  2.5320E+06  6.4506E+05 -8.3558E-10  4.4710E-12  1.5662E+07 -5.9786E+03 -3.9884E+03  3.6342E+02
     0.403380
  1.1233E+05  3.4609E+05  7.5996E+06  1.9363E+06 -4.7861E-10  2.5474E-11  4.7013E+07 -1.7957E+04 -1.2291E+04  1.1027E+03
     0.408360
  3.3723E+05  1.0392E+06  2.2809E+07  5.8120E+06 -7.2266E-09 -4.0025E-11  1.4111E+08 -5.3915E+04 -3.7601E+04  3.3308E+03
     0.413340
  1.0122E+06  3.1191E+06  6.8452E+07  1.7442E+07 -7.8779E-09  1.9640E-10  4.2344E+08 -1.6180E+05 -1.1348E+05  9.9956E+03
     0.418320
  3.0374E+06  9.3579E+06  2.0542E+08  5.2338E+07  7.8843E-08 -1.1231E-09  1.2705E+09 -4.8533E+05 -3.3755E+05  2.9815E+04
     0.423300
  9.1130E+06  2.8067E+07  6.1639E+08  1.5703E+08  1.5955E-07  1.2374E-09  3.8119E+09 -1.4554E+06 -9.9358E+05  8.8629E+04
     0.428280
  2.7339E+07  8.4175E+07  1.8496E+09  4.7115E+08  8.3987E-07 -5.3812E-10  1.1437E+10 -4.3647E+06 -2.9169E+06  2.6358E+05
     0.433260
  8.2021E+07  2.5249E+08  5.5500E+09  1.4137E+09 -7.8628E-07 -2.2188E-08  3.4319E+10 -1.3093E+07 -8.6149E+06  7.8691E+05
     0.438240
  2.4611E+08  7.5764E+08  1.6655E+10  4.2424E+09  7.2975E-06  2.7585E-08  1.0300E+11 -3.9293E+07 -2.5751E+07  2.3626E+06
     0.443220
  7.3862E+08  2.2742E+09  4.9983E+10  1.2733E+10 -1.1768E-05  4.3849E-08  3.0913E+11 -1.1797E+08 -7.7962E+07  7.1296E+06
     0.448200
  2.2171E+09  6.8282E+09  1.5001E+11  3.8217E+10  7.6474E-06  7.6326E-08  9.2788E+11 -3.5423E+08 -2.3800E+08  2.1569E+07
     0.453180
  6.6551E+09  2.0502E+10  4.5022E+11  1.1471E+11 -5.7163E-05  4.6494E-08  2.7850E+12 -1.0636E+09 -7.2725E+08  6.5203E+07
     0.458160
  1.9976E+10  6.1548E+10  1.3512E+12  3.4428E+11 -6.7226E-05 -5.9521E-06  8.3584E+12 -3.1929E+09 -2.2092E+09  1.9643E+08
     0.463140
  5.9954E+10  1.8472E+11  4.0550E+12  1.0332E+12 -1.6968E-03  1.2980E-05  2.5082E+13 -9.5813E+09 -6.6447E+09  5.8904E+08
     0.468120
  1.7991E+11  5.5421E+11  1.2169E+13  3.1003E+12 -2.2512E-03  5.0861E-06  7.5262E+13 -2.8743E+10 -1.9787E+10  1.7592E+09
     0.473100
  5.3981E+11  1.6625E+12  3.6515E+13  9.3025E+12  1.1219E-02 -9.6332E-05  2.2582E+14 -8.6213E+10 -5.8543E+10  5.2440E+09
     0.478080
  1.6196E+12  4.9869E+12  1.0957E+14  2.7913E+13 -4.2618E-02  4.2589E-05  6.7760E+14 -2.5861E+11 -1.7308E+11  1.5643E+10
     0.483060
  4.8595E+12  1.4961E+13  3.2881E+14  8.3758E+13 -1.2142E-01  7.8041E-04  2.0334E+15 -7.7589E+11 -5.1429E+11  4.6805E+10
     0.488040
  1.4582E+13  4.4897E+13  9.8673E+14  2.5136E+14  9.0351E-03  1.0501E-02  6.1023E+15 -2.3286E+12 -1.5415E+12  1.4060E+11
     0.493020
  4.3764E+13  1.3476E+14  2.9612E+15  7.5437E+14 -1.4279E+00 -3.1360E-03  1.8315E+16 -6.9903E+12 -4.6599E+12  4.2374E+11
     0.498000
  1.3135E+14  4.0457E+14  8.8872E+15  2.2641E+15 -1.8974E+00  2.0752E-03  5.4970E+16 -2.0987E+13 -1.4158E+13  1.2789E+12
     0.502980
  3.9427E+14  1.2145E+15  2.6672E+16  6.7955E+15  2.7358E+00  3.0521E-02  1.6498E+17 -6.3004E+13 -4.3008E+13  3.8563E+12
     0.507960
  1.1834E+15  3.6456E+15  8.0045E+16  2.0394E+16  7.9399E+00 -1.0503E-01  4.9513E+17 -1.8911E+14 -1.3004E+14  1.1598E+13
     0.512940
  3.5514E+15  1.0940E+16  2.4022E+17  6.1203E+16  2.6887E+01  3.1557E+00  1.4858E+18 -5.6746E+14 -3.9039E+14  3.4769E+13
     0.517920
  1.0657E+16  3.2826E+16  7.2087E+17  1.8366E+17  2.7905E+02 -3.3665E-01  4.4584E+18 -1.7025E+15 -1.1641E+15  1.0396E+14
     0.522900
  3.1977E+16  9.8480E+16  2.1632E+18  5.5109E+17  4.2220E+01 -3.7727E+00  1.3378E+19 -5.1072E+15 -3.4577E+15  3.1050E+14
     0.527880
  9.5948E+16  2.9545E+17  6.4914E+18  1.6536E+18 -1.9850E+01 -4.5247E+01  4.0144E+19 -1.5322E+16 -1.0273E+16  9.2819E+14
     0.532860
  2.8790E+17  8.8649E+17  1.9480E+19  4.9623E+18  7.9998E+03 -2.2533E+01  1.2047E+20 -4.5976E+16 -3.0645E+16  2.7809E+15
     0.537840
  8.6397E+17  2.6603E+18  5.8458E+19  1.4892E+19  5.4077E+03 -1.1371E+02  3.6154E+20 -1.3798E+17 -9.1983E+16  8.3548E+15
     0.542820
  2.5929E+18  7.9850E+18  1.7544E+20  4.4693E+19  4.6691E+04 -1.9673E+03  1.0851E+21 -4.1418E+17 -2.7765E+17  2.5153E+16
     0.547800
  7.7821E+18  2.3969E+19  5.2650E+20  1.3414E+20 -6.3161E+03  8.0948E+01  3.2565E+21 -1.2433E+18 -8.4058E+17  7.5784E+16
     0.552780
  2.3357E+19  7.1947E+19  1.5801E+21  4.0257E+20 -3.5055E+05 -9.1165E+03  9.7735E+21 -3.7321E+18 -2.5432E+18  2.2813E+17
     0.557760
  7.0100E+19  2.1594E+20  4.7420E+21  1.2082E+21 -1.0553E+06 -4.7128E+03  2.9331E+22 -1.1201E+19 -7.6664E+18  6.8542E+17
     0.562740
  2.1037E+20  6.4802E+20  1.4231E+22  3.6256E+21 -4.0206E+06  1.7210E+04  8.8017E+22 -3.3611E+19 -2.2993E+19  2.0547E+18
     0.567720
  6.3129E+20  1.9444E+21  4.2705E+22  1.0880E+22  2.3993E+06 -1.9232E+04  2.6412E+23 -1.0085E+20 -6.8655E+19  6.1491E+18
     0.572700
  1.8943E+21  5.8339E+21  1.2815E+23  3.2647E+22 -4.7590E+07  2.3104E+05  7.9256E+23 -3.0256E+20 -2.0452E+20  1.8393E+19
     0.577680
  5.6842E+21  1.7504E+22  3.8457E+23  9.7968E+22  1.1906E+08 -3.1253E+06  2.3783E+24 -9.0780E+20 -6.0969E+20  5.5059E+19
     0.582660
  1.7057E+22  5.2524E+22  1.1540E+24  2.9399E+23 -1.6926E+08  3.9310E+06  7.1372E+24 -2.7241E+21 -1.8233E+21  1.6509E+20
     0.587640
  5.1187E+22  1.5763E+23  3.4633E+24  8.8227E+23  1.4220E+09 -5.5772E+06  2.1419E+25 -8.1757E+21 -5.4763E+21  4.9597E+20
     0.592620
  1.5362E+23  4.7310E+23  1.0393E+25  2.6478E+24  1.6917E+09 -5.0853E+07  6.4283E+25 -2.4539E+22 -1.6509E+22  1.4920E+21
     0.597600
  4.6104E+23  1.4200E+24  3.1191E+25  7.9465E+24  9.4344E+09  1.7648E+08  1.9292E+26 -7.3658E+22 -4.9851E+22  4.4895E+21
     0.602580
  1.3837E+24  4.2621E+24  9.3608E+25  2.3849E+25  9.2340E+09  1.2151E+08  5.7898E+26 -2.2108E+23 -1.5041E+23  1.3500E+22
     0.607560
  4.1527E+24  1.2791E+25  2.8092E+26  7.1571E+25  2.7479E+10 -7.8164E+08  1.7375E+27 -6.6348E+23 -4.5254E+23  4.0535E+22
     0.612540
  1.2462E+25  3.8386E+25  8.4303E+26  2.1478E+26 -9.4154E+10  7.5723E+08  5.2141E+27 -1.9909E+24 -1.3567E+24  1.2152E+23
     0.617520
  3.7397E+25  1.1518E+26  2.5299E+27  6.4452E+26  3.4956E+11  5.8476E+09  1.5647E+28 -5.9739E+24 -4.0556E+24  3.6395E+23
     0.622500
  1.1222E+26  3.4561E+26  7.5919E+27  1.9341E+27 -1.6755E+12  4.4406E+10  4.6953E+28 -1.7924E+25 -1.2108E+25  1.0897E+24
     0.627480
  3.3675E+26  1.0370E+27  2.2783E+28  5.8039E+27  7.8052E+12  5.4405E+10  1.4090E+29 -5.3784E+25 -3.6177E+25  3.2651E+24
     0.632460
  1.0105E+27  3.1119E+27  6.8369E+28  1.7417E+28  3.7620E+11  1.1548E+11  4.2284E+29 -1.6140E+26 -1.0836E+26  9.7951E+24
     0.637440
  3.0326E+27  9.3391E+27  2.0518E+29  5.2269E+28 -2.6588E+13  9.8795E+11  1.2690E+30 -4.8439E+26 -3.2552E+26  2.9422E+25
     0.642420
  2.3373E-02  7.1984E-02  1.5813E+00  4.0286E-01  5.2646E-16 -1.7980E-18  9.7804E+00 -3.7338E-03 -2.5175E-03  2.2716E-04
     0.647400
  7.0147E-02  2.1605E-01  4.7456E+00  1.2090E+00  5.7050E-17  6.3485E-19  2.9352E+01 -1.1207E-02 -7.5877E-03  6.8296E-04
     0.652380
  2.1052E-01  6.4843E-01  1.4242E+01  3.6284E+00 -3.2277E-15 -1.6460E-17  8.8088E+01 -3.3634E-02 -2.2850E-02  2.0521E-03
     0.657360
  6.3179E-01  1.9460E+00  4.2740E+01  1.0889E+01 -5.4042E-15 -1.0062E-16  2.6435E+02 -1.0094E-01 -6.8670E-02  6.1595E-03
     0.662340
  1.8960E+00  5.8397E+00  1.2826E+02  3.2677E+01  6.8644E-15 -3.6001E-16  7.9329E+02 -3.0289E-01 -2.0586E-01  1.8469E-02
     0.667320
  5.6896E+00  1.7523E+01  3.8490E+02  9.8059E+01 -2.3787E-14  6.7906E-16  2.3806E+03 -9.0886E-01 -6.1595E-01  5.5343E-02
     0.672300
  1.7074E+01  5.2582E+01  1.1551E+03  2.9426E+02  3.2308E-13  4.6556E-16  7.1437E+03 -2.7271E+00 -1.8418E+00  1.6583E-01
     0.677280
  5.1235E+01  1.5778E+02  3.4663E+03  8.8305E+02  1.8555E-12 -7.9609E-15  2.1438E+04 -8.1835E+00 -5.5116E+00  4.9717E-01
     0.682260
  1.5375E+02  4.7349E+02  1.0402E+04  2.6500E+03  3.1327E-12  1.9877E-14  6.4334E+04 -2.4558E+01 -1.6523E+01  1.4918E+00
     0.687240
  4.6141E+02  1.4210E+03  3.1217E+04  7.9527E+03  6.0098E-12  2.0522E-13  1.9307E+05 -7.3703E+01 -4.9639E+01  4.4804E+00
     0.692220
  1.3847E+03  4.2647E+03  9.3682E+04  2.3867E+04 -3.0280E-13 -2.8985E-13  5.7942E+05 -2.2120E+02 -1.4935E+02  1.3463E+01
     0.697200
  4.1557E+03  1.2799E+04  2.8114E+05  7.1625E+04 -2.6836E-11 -9.3751E-13  1.7389E+06 -6.6389E+02 -4.4954E+02  4.0452E+01
     0.702180
  1.2472E+04  3.8413E+04  8.4372E+05  2.1495E+05  4.3351E-11 -4.4443E-13  5.2184E+06 -1.9924E+03 -1.3521E+03  1.2149E+02
     0.707160
  3.7428E+04  1.1528E+05  2.5320E+06  6.4507E+05  6.6671E-10  6.9508E-12  1.5660E+07 -5.9793E+03 -4.0604E+03  3.6459E+02
     0.712140
  1.1232E+05  3.4594E+05  7.5984E+06  1.9358E+06 -3.0907E-09 -3.3875E-12  4.6995E+07 -1.7943E+04 -1.2173E+04  1.0934E+03
     0.717120
  3.3706E+05  1.0381E+06  2.2802E+07  5.8092E+06 -7.8392E-10  1.1131E-10  1.4103E+08 -5.3841E+04 -3.6451E+04  3.2777E+03
     0.722100
  1.0115E+06  3.1151E+06  6.8429E+07  1.7433E+07  2.9338E-09  1.1425E-10  4.2321E+08 -1.6156E+05 -1.0912E+05  9.8262E+03
     0.727080
  3.0353E+06  9.3478E+06  2.0535E+08  5.2315E+07 -4.6052E-08 -1.1309E-09  1.2700E+09 -4.8483E+05 -3.2687E+05  2.9471E+04
     0.732060
  9.1088E+06  2.8052E+07  6.1625E+08  1.5699E+08 -1.3577E-07  2.1457E-09  3.8114E+09 -1.4550E+06 -9.8048E+05  8.8445E+04
     0.737040
  2.7335E+07  8.4186E+07  1.8494E+09  4.7114E+08 -3.6655E-07 -2.6124E-09  1.1438E+10 -4.3665E+06 -2.9452E+06  2.6558E+05
     0.742020
  8.2035E+07  2.5265E+08  5.5500E+09  1.4139E+09  7.5780E-08 -4.0808E-08  3.4326E+10 -1.3105E+07 -8.8552E+06  7.9773E+05
     0.747000
  2.4619E+08  7.5826E+08  1.6656E+10  4.2432E+09 -4.9448E-06 -8.7654E-08  1.0301E+11 -3.9330E+07 -2.6629E+07  2.3960E+06
     0.751980
  7.3884E+08  2.2756E+09  4.9983E+10  1.2734E+10 -2.1975E-05  1.0136E-07  3.0915E+11 -1.1803E+08 -8.0025E+07  7.1935E+06
     0.756960
  2.2173E+09  6.8291E+09  1.5000E+11  3.8215E+10  1.2211E-05 -1.1854E-07  9.2774E+11 -3.5421E+08 -2.4022E+08  2.1586E+07
     0.761940
  6.6539E+09  2.0494E+10  4.5014E+11  1.1468E+11 -1.5494E-05  1.4841E-06  2.7841E+12 -1.0629E+09 -7.2028E+08  6.4744E+07
     0.766920
  1.9968E+10  6.1498E+10  1.3509E+12  3.4415E+11  4.7529E-04  5.7988E-06  8.3548E+12 -3.1896E+09 -2.1581E+09  1.9415E+08
     0.771900
  5.9922E+10  1.8454E+11  4.0539E+12  1.0328E+12 -3.0126E-04  1.8394E-05  2.5072E+13 -9.5716E+09 -6.4654E+09  5.8224E+08
     0.776880
  1.7982E+11  5.5380E+11  1.2166E+13  3.0993E+12  1.4993E-03  3.4757E-06  7.5241E+13 -2.8723E+10 -1.9381E+10  1.7467E+09
     0.781860
  5.3963E+11  1.6619E+12  3.6508E+13  9.3008E+12  2.8187E-03 -2.3476E-04  2.2580E+14 -8.6199E+10 -5.8152E+10  5.2423E+09
     0.786840
  1.6194E+12  4.9875E+12  1.0956E+14  2.7912E+13  1.6804E-02 -6.3002E-05  6.7762E+14 -2.5869E+11 -1.7465E+11  1.5739E+10
     0.791820
  4.8600E+12  1.4968E+13  3.2879E+14  8.3764E+13  1.5474E-01  2.1430E-04  2.0336E+15 -7.7636E+11 -5.2485E+11  4.7264E+10
     0.796800
  1.4585E+13  4.4921E+13  9.8671E+14  2.5138E+14  3.6115E-02 -3.3444E-03  6.1027E+15 -2.3299E+12 -1.5772E+12  1.4192E+11
     0.801780
  4.3770E+13  1.3481E+14  2.9611E+15  7.5439E+14  1.7394E-01  5.3065E-03  1.8314E+16 -6.9923E+12 -4.7374E+12  4.2600E+11
     0.806760
  1.3135E+14  4.0456E+14  8.8862E+15  2.2639E+15 -5.9193E-01  6.6722E-03  5.4961E+16 -2.0983E+13 -1.4218E+13  1.2783E+12
     0.811740
  3.9419E+14  1.2141E+15  2.6667E+16  6.7939E+15 -4.7038E+00  1.2208E-01  1.6493E+17 -6.2969E+13 -4.2637E+13  3.8345E+12
     0.816720
  1.1829E+15  3.6432E+15  8.0028E+16  2.0388E+16  1.4508E+01 -3.2066E-01  4.9496E+17 -1.8896E+14 -1.2780E+14  1.1501E+13
     0.821700
  3.5499E+15  1.0933E+16  2.4016E+17  6.1183E+16 -7.1001E+01  1.0042E+00  1.4853E+18 -5.6705E+14 -3.8310E+14  3.4499E+13
     0.826680
  1.0653E+16  3.2809E+16  7.2071E+17  1.8361E+17 -2.6931E+02 -4.4077E+00  4.4575E+18 -1.7017E+15 -1.1489E+15  1.0351E+14
     0.831660
  3.1969E+16  9.8458E+16  2.1628E+18  5.5101E+17  5.1305E+00 -1.1375E+00  1.3377E+19 -5.1067E+15 -3.4478E+15  3.1067E+14
     0.836640
  9.5940E+16  2.9548E+17  6.4907E+18  1.6536E+18 -9.2148E+02  3.4036E+01  4.0144E+19 -1.5326E+16 -1.0353E+16  9.3265E+14
     0.841620
  2.8792E+17  8.8675E+17  1.9478E+19  4.9624E+18 -5.5877E+03  6.2770E+01  1.2047E+20 -4.5993E+16 -3.1101E+16  2.8001E+15
     0.846600
  8.6405E+17  2.6612E+18  5.8455E+19  1.4892E+19  3.0882E+04 -6.4120E+00  3.6154E+20 -1.3803E+17 -9.3421E+16  8.4061E+15
     0.851580
  2.5930E+18  7.9863E+18  1.7542E+20  4.4691E+19 -5.9018E+04  8.5317E+02  1.0850E+21 -4.1423E+17 -2.8050E+17  2.5230E+16
     0.856560
  7.7816E+18  2.3967E+19  5.2644E+20  1.3412E+20  2.5926E+05  5.1125E+02  3.2560E+21 -1.2431E+18 -8.4173E+17  7.5706E+16
     0.861540
  2.3352E+19  7.1922E+19  1.5798E+21  4.0248E+20 -4.6415E+05  2.3881E+02  9.7710E+21 -3.7304E+18 -2.5246E+18  2.2712E+17
     0.866520
  7.0079E+19  2.1583E+20  4.7410E+21  1.2078E+21  9.0845E+04 -5.6683E+04  2.9322E+22 -1.1194E+19 -7.5699E+18  6.8133E+17
     0.871500
  2.1030E+20  6.4769E+20  1.4228E+22  3.6246E+21  2.1307E+05 -5.2845E+03  8.7995E+22 -3.3594E+19 -2.2700E+19  2.0441E+18
     0.876480
  6.3111E+20  1.9437E+21  4.2697E+22  1.0877E+22  2.4204E+06 -2.5506E+05  2.6407E+23 -1.0081E+20 -6.8095E+19  6.1337E+18
     0.881460
  1.8940E+21  5.8330E+21  1.2813E+23  3.2643E+22  7.6421E+06  5.3851E+04  7.9248E+23 -3.0254E+20 -2.0437E+20  1.8409E+19
     0.886440
  5.6837E+21  1.7505E+22  3.8452E+23  9.7961E+22 -1.6743E+07  4.3891E+05  2.3782E+24 -9.0793E+20 -6.1362E+20  5.5260E+19
     0.891420
  1.7057E+22  5.2533E+22  1.1539E+24  2.9398E+23 -3.7425E+06  1.5221E+06  7.1370E+24 -2.7248E+21 -1.8427E+21  1.6589E+20
     0.896400
  5.1188E+22  1.5765E+23  3.4630E+24  8.8224E+23 -8.0625E+08 -3.3692E+06  2.1418E+25 -8.1771E+21 -5.5334E+21  4.9793E+20
     0.901380
  1.5362E+23  4.7312E+23  1.0392E+25  2.6476E+24  6.2270E+08  5.2603E+07  6.4276E+25 -2.4539E+22 -1.6611E+22  1.4944E+21
     0.906360
  4.6100E+23  1.4198E+24  3.1187E+25  7.9454E+24  1.1002E+09  2.0806E+08  1.9289E+26 -7.3642E+22 -4.9843E+22  4.4841E+21
     0.911340
  1.3834E+24  4.2608E+24  9.3592E+25  2.3844E+25  7.3983E+09 -3.2867E+07  5.7885E+26 -2.2099E+23 -1.4951E+23  1.3454E+22
     0.916320
  4.1516E+24  1.2786E+25  2.8087E+26  7.1554E+25 -2.1066E+10  1.0408E+09  1.7371E+27 -6.6318E+23 -4.4842E+23  4.0364E+22
     0.921300
  1.2459E+25  3.8371E+25  8.4288E+26  2.1473E+26  1.7750E+09 -1.3967E+09  5.2130E+27 -1.9902E+24 -1.3450E+24  1.2111E+23
     0.926280
  3.7389E+25  1.1515E+26  2.5295E+27  6.4440E+26  7.8162E+11 -3.2541E+09  1.5644E+28 -5.9724E+24 -4.0355E+24  3.6343E+23
     0.931260
  1.1220E+26  3.4556E+26  7.5908E+27  1.9338E+27 -7.5421E+11 -1.8230E+10  4.6948E+28 -1.7923E+25 -1.2112E+25  1.0908E+24
     0.936240
  3.3672E+26  1.0370E+27  2.2780E+28  5.8035E+27  1.2424E+13  1.6879E+11  1.4089E+29 -5.3788E+25 -3.6361E+25  3.2740E+24
     0.941220
  1.0105E+27  3.1122E+27  6.8362E+28  1.7416E+28 -4.3479E+13 -6.4487E+10  4.2281E+29 -1.6142E+26 -1.0917E+26  9.8273E+24
     0.946200
  3.0325E+27  9.3397E+27  2.0515E+29  5.2266E+28 -8.3329E+12  8.3436E+11  1.2689E+30 -4.8442E+26 -3.2776E+26  2.9496E+25
     0.951180
  2.3372E-02  7.1982E-02  1.5812E+00  4.0282E-01  1.2142E-16 -2.7480E-19  9.7793E+00 -3.7335E-03 -2.5265E-03  2.2733E-04
     0.956160
  7.0138E-02  2.1602E-01  4.7450E+00  1.2089E+00 -1.1149E-15  3.1224E-17  2.9347E+01 -1.1204E-02 -7.5811E-03  6.8216E-04
     0.961140
  2.1048E-01  6.4826E-01  1.4240E+01  3.6277E+00 -2.5804E-15 -3.7613E-17  8.8070E+01 -3.3623E-02 -2.2743E-02  2.0468E-03
     0.966120
  6.3165E-01  1.9454E+00  4.2733E+01  1.0887E+01 -2.3709E-14 -7.8846E-18  2.6430E+02 -1.0090E-01 -6.8224E-02  6.1413E-03
     0.971100
  1.8956E+00  5.8380E+00  1.2824E+02  3.2671E+01  5.7640E-15  6.5824E-16  7.9315E+02 -3.0280E-01 -2.0467E-01  1.8428E-02
     0.976080
  5.6885E+00  1.7520E+01  3.8485E+02  9.8044E+01 -8.8923E-14 -9.6623E-16  2.3802E+03 -9.0869E-01 -6.1414E-01  5.5301E-02
     0.981060
  1.7071E+01  5.2576E+01  1.1549E+03  2.9423E+02  1.6467E-13 -3.5552E-16  7.1430E+03 -2.7270E+00 -1.8432E+00  1.6597E-01
     0.986040
  5.1231E+01  1.5778E+02  3.4659E+03  8.8297E+02 -1.5173E-12  1.6228E-14  2.1436E+04 -8.1837E+00 -5.5331E+00  4.9815E-01
     0.991020
  1.5374E+02  4.7350E+02  1.0401E+04  2.6498E+03  5.1140E-12 -1.8122E-14  6.4329E+04 -2.4559E+01 -1.6610E+01  1.4951E+00
     0.996000
  4.6138E+02  1.4210E+03  3.1213E+04  7.9520E+03  9.1743E-12  1.5609E-14  1.9305E+05 -7.3703E+01 -4.9860E+01  4.4873E+00
     1.000980
  1.3846E+03  4.2644E+03  9.3671E+04  2.3864E+04 -2.1141E-11 -7.2615E-14  5.7934E+05 -2.2118E+02 -1.4964E+02  1.3466E+01
     1.005960
  4.1551E+03  1.2797E+04  2.8110E+05  7.1615E+04 -1.2810E-10  5.3615E-14  1.7386E+06 -6.6375E+02 -4.4902E+02  4.0409E+01
     1.010940
  1.2469E+04  3.8404E+04  8.4359E+05  2.1491E+05  2.4602E-10 -3.1366E-12  5.2175E+06 -1.9919E+03 -1.3472E+03  1.2125E+02
     1.015920
  3.7420E+04  1.1525E+05  2.5316E+06  6.4495E+05 -3.0551E-10  8.5794E-12  1.5657E+07 -5.9776E+03 -4.0417E+03  3.6383E+02
     1.020900
  1.1230E+05  3.4586E+05  7.5972E+06  1.9355E+06  2.6151E-09 -5.5259E-12  4.6988E+07 -1.7939E+04 -1.2127E+04  1.0918E+03
     1.025880
  3.3700E+05  1.0379E+06  2.2799E+07  5.8083E+06  2.9790E-09 -3.2718E-12  1.4101E+08 -5.3833E+04 -3.6390E+04  3.2764E+03
     1.030860
  1.0113E+06  3.1147E+06  6.8420E+07  1.7431E+07  2.5581E-08  2.7220E-10  4.2317E+08 -1.6155E+05 -1.0922E+05  9.8332E+03
     1.035840
  3.0350E+06  9.3474E+06  2.0533E+08  5.2309E+07 -6.2237E-08 -7.1228E-11  1.2699E+09 -4.8482E+05 -3.2783E+05  2.9512E+04
     1.040820
  9.1080E+06  2.8051E+07  6.1618E+08  1.5698E+08  2.4593E-07  6.0579E-10  3.8110E+09 -1.4550E+06 -9.8403E+05  8.8574E+04
     1.045800
  2.7333E+07  8.4182E+07  1.8492E+09  4.7109E+08  2.9073E-07  4.7748E-11  1.1437E+10 -4.3663E+06 -2.9535E+06  2.6582E+05
     1.050780
  8.2026E+07  2.5263E+08  5.5493E+09  1.4137E+09  5.6192E-07  1.5420E-08  3.4322E+10 -1.3103E+07 -8.8638E+06  7.9772E+05
     1.055760
  2.4616E+08  7.5813E+08  1.6653E+10  4.2426E+09  4.0108E-06  3.3605E-08  1.0300E+11 -3.9322E+07 -2.6597E+07  2.3938E+06
     1.060740
  7.3872E+08  2.2751E+09  4.9976E+10  1.2732E+10 -9.4034E-06  2.3960E-09  3.0909E+11 -1.1800E+08 -7.9804E+07  7.1831E+06
     1.065720
  2.2169E+09  6.8276E+09  1.4998E+11  3.8208E+10 -1.7098E-05  3.7822E-07  9.2758E+11 -3.5413E+08 -2.3944E+08  2.1555E+07
     1.070700
  6.6528E+09  2.0489E+10  4.5008E+11  1.1466E+11 -8.8974E-05 -1.9609E-06  2.7837E+12 -1.0627E+09 -7.1848E+08  6.4683E+07
     1.075680
  1.9965E+10  6.1488E+10  1.3507E+12  3.4410E+11  7.9420E-04 -4.9036E-07  8.3537E+12 -3.1892E+09 -2.1561E+09  1.9411E+08
     1.080660
  5.9914E+10  1.8453E+11  4.0533E+12  1.0326E+12  2.8148E-04 -1.8736E-05  2.5069E+13 -9.5708E+09 -6.4710E+09  5.8256E+08
     1.085640
  1.7980E+11  5.5376E+11  1.2164E+13  3.0989E+12  4.9845E-03  5.5321E-05  7.5233E+13 -2.8722E+10 -1.9422E+10  1.7484E+09
     1.090620
  5.3958E+11  1.6618E+12  3.6504E+13  9.2998E+12  3.5222E-03  1.3537E-05  2.2577E+14 -8.6194E+10 -5.8295E+10  5.2472E+09
     1.095600
  1.6193E+12  4.9871E+12  1.0955E+14  2.7909E+13  9.4131E-03  1.6178E-04  6.7754E+14 -2.5867E+11 -1.7496E+11  1.5747E+10
     1.100580
  4.8594E+12  1.4966E+13  3.2875E+14  8.3753E+13  8.6487E-02  3.5825E-04  2.0333E+15 -7.7626E+11 -5.2505E+11  4.7256E+10
     1.105560
  1.4583E+13  4.4913E+13  9.8657E+14  2.5134E+14 -6.9619E-02  9.5928E-03  6.1018E+15 -2.3295E+12 -1.5755E+12  1.4181E+11
     1.110540
  4.3763E+13  1.3478E+14  2.9607E+15  7.5427E+14 -1.0727E+00  1.8884E-02  1.8311E+16 -6.9908E+12 -4.7276E+12  4.2554E+11
     1.115520
  1.3133E+14  4.0448E+14  8.8850E+15  2.2635E+15 -3.4935E+00 -9.5062E-03  5.4952E+16 -2.0979E+13 -1.4186E+13  1.2770E+12
     1.120500
  3.9412E+14  1.2138E+15  2.6664E+16  6.7928E+15 -1.9457E+00 -1.5304E-01  1.6491E+17 -6.2958E+13 -4.2567E+13  3.8321E+12
     1.125480
  1.1828E+15  3.6427E+15  8.0017E+16  2.0385E+16  3.9792E+00 -1.6827E-01  4.9489E+17 -1.8894E+14 -1.2774E+14  1.1500E+13
     1.130460
  3.5494E+15  1.0932E+16  2.4013E+17  6.1176E+16 -1.7718E+00 -7.0337E-01  1.4852E+18 -5.6700E+14 -3.8338E+14  3.4513E+13
     1.135440
  1.0652E+16  3.2806E+16  7.2062E+17  1.8359E+17  2.6093E+00  3.5904E+00  4.4570E+18 -1.7015E+15 -1.1506E+15  1.0358E+14
     1.140420
  3.1966E+16  9.8450E+16  2.1626E+18  5.5094E+17  4.3645E+02  2.8714E+00  1.3375E+19 -5.1063E+15 -3.4534E+15  3.1085E+14
     1.145400
  9.5929E+16  2.9545E+17  6.4899E+18  1.6534E+18 -4.4690E+03  2.8117E+00  4.0139E+19 -1.5324E+16 -1.0364E+16  9.3287E+14
     1.150380
  2.8788E+17  8.8663E+17  1.9476E+19  4.9617E+18 -2.7308E+02  4.0818E+01  1.2046E+20 -4.5987E+16 -3.1103E+16  2.7995E+15
     1.155360
  8.6393E+17  2.6608E+18  5.8447E+19  1.4890E+19 -7.3006E+03 -7.1917E+01  3.6149E+20 -1.3801E+17 -9.3333E+16  8.4009E+15
     1.160340
  2.5926E+18  7.9849E+18  1.7540E+20  4.4685E+19  3.3529E+04 -1.2024E+03  1.0848E+21 -4.1415E+17 -2.8007E+17  2.5210E+16
     1.165320
  7.7804E+18  2.3962E+19  5.2636E+20  1.3410E+20  2.8831E+05  3.3643E+02  3.2555E+21 -1.2429E+18 -8.4040E+17  7.5652E+16
     1.170300
  2.3349E+19  7.1910E+19  1.5796E+21  4.0242E+20 -7.2531E+04 -4.1095E+03  9.7697E+21 -3.7298E+18 -2.5219E+18  2.2703E+17
     1.175280
  7.0069E+19  2.1580E+20  4.7404E+21  1.2077E+21 -7.9499E+05 -2.2833E+04  2.9319E+22 -1.1193E+19 -7.5683E+18  6.8131E+17
     1.180260
  2.1028E+20  6.4762E+20  1.4226E+22  3.6242E+21  3.7512E+06 -3.3736E+04  8.7984E+22 -3.3590E+19 -2.2713E+19  2.0447E+18
