     0.000000
  7.3075E-04  6.8011E-36  4.9985E-11  6.4559E-04  0.0000E+00  0.0000E+00  0.0000E+00  0.0000E+00  0.0000E+00  0.0000E+00
     0.003540
  5.8179E-04  2.4878E-05  2.9700E-03  1.0514E-03 -9.2527E-19 -6.2333E-21  4.1956E-02 -2.4146E-05  5.1097E-08  4.6377E-11
     0.007080
  6.2951E-04  1.8726E-04  9.1293E-03  2.2856E-03 -1.8534E-18 -3.6758E-21  8.0661E-02 -3.1530E-05  8.1281E-08  7.3908E-11
     0.010620
  9.8298E-04  5.5778E-04  1.6884E-02  4.0372E-03 -6.6285E-18 -1.3342E-21  1.3740E-01 -7.5918E-05  1.1767E-07  1.2981E-10
     0.014160
  1.8043E-03  1.4429E-03  2.6296E-02  7.1382E-03  2.7062E-17  2.7174E-20  2.5278E-01 -2.2575E-04  1.4551E-07  2.4389E-10
     0.017700
  3.4032E-03  3.1158E-03  3.8455E-02  1.3834E-02 -6.5100E-20  1.3540E-20  4.6912E-01 -5.7911E-04  1.1057E-07  3.9116E-10
     0.021240
  6.1615E-03  5.6352E-03  5.8684E-02  2.6238E-02 -3.0500E-17  5.0016E-20  8.1630E-01 -1.2204E-03 -2.1112E-08  5.1042E-10
     0.024780
  1.0355E-02  9.6276E-03  8.9395E-02  4.4716E-02 -3.2163E-17 -2.4136E-21  1.2563E+00 -2.0949E-03 -2.1951E-07  5.5942E-10
     0.028320
  1.6199E-02  1.5919E-02  1.2380E-01  6.8334E-02 -1.5365E-16  1.4081E-19  1.7619E+00 -3.1192E-03 -4.0362E-07  5.3240E-10
     0.031860
  2.4019E-02  2.4346E-02  1.6305E-01  9.8338E-02 -3.0281E-16  3.8117E-19  2.4690E+00 -4.4385E-03 -5.0021E-07  4.6557E-10
     0.035400
  3.4310E-02  3.4541E-02  2.2593E-01  1.3994E-01 -2.0277E-16 -2.6470E-20  3.5526E+00 -6.3523E-03 -5.0594E-07  3.4042E-10
     0.038940
  4.7928E-02  4.7592E-02  3.2796E-01  1.9857E-01 -3.2290E-16 -3.5923E-19  5.0341E+00 -9.0104E-03 -5.0731E-07  2.3990E-10
     0.042480
  6.6400E-02  6.6028E-02  4.6860E-01  2.7745E-01 -4.7589E-16 -3.9254E-19  6.9408E+00 -1.2481E-02 -4.4481E-07  1.0931E-10
     0.046020
  9.2233E-02  9.2615E-02  6.5189E-01  3.8364E-01  6.6195E-17  5.5575E-19  9.5947E+00 -1.7165E-02 -4.3015E-07  9.6676E-11
     0.049560
  1.2906E-01  1.3010E-01  9.0880E-01  5.3478E-01  1.1293E-16 -8.9026E-19  1.3552E+01 -2.3968E-02 -4.0551E-07  8.3053E-12
     0.053100
  1.8170E-01  1.8262E-01  1.2886E+00  7.5605E-01 -1.3835E-15  5.1908E-19  1.9326E+01 -3.3997E-02 -3.1990E-07  3.9444E-11
     0.056640
  2.5669E-01  2.5705E-01  1.8372E+00  1.0736E+00  1.4308E-15  2.2209E-18  2.7405E+01 -4.8322E-02 -2.5214E-07  4.0155E-11
     0.060180
  3.6312E-01  3.6402E-01  2.6022E+00  1.5190E+00  1.2036E-15 -1.0429E-18  3.8615E+01 -6.8357E-02 -3.5577E-07  3.8720E-11
     0.063720
  5.1381E-01  5.1683E-01  3.6653E+00  2.1441E+00 -2.3494E-16  5.4531E-19  5.4522E+01 -9.6471E-02  6.7406E-08  7.7086E-11
     0.067260
  7.2715E-01  7.3135E-01  5.1649E+00  3.0310E+00 -5.1176E-15 -3.2340E-18  7.7167E+01 -1.3644E-01  3.8929E-07  2.4709E-10
     0.070800
  1.0278E+00  1.0333E+00  7.3043E+00  4.2901E+00 -5.0987E-15  1.4459E-17  1.0922E+02 -1.9330E-01 -4.2746E-08  1.3024E-09
     0.074340
  1.4523E+00  1.4581E+00  1.0333E+01  6.0657E+00  1.3997E-15 -2.2243E-18  1.5423E+02 -2.7316E-01 -1.3148E-07 -1.2364E-09
     0.077880
  2.0508E+00  2.0604E+00  1.4601E+01  8.5633E+00 -5.5942E-15 -5.9001E-18  2.1762E+02 -3.8543E-01 -6.2469E-07 -4.9105E-09
     0.081420
  2.8966E+00  2.9121E+00  2.0607E+01  1.2087E+01 -1.0438E-14  3.3457E-18  3.0728E+02 -5.4382E-01  2.4300E-06  1.1576E-08
     0.084960
  4.0918E+00  4.1127E+00  2.9103E+01  1.7075E+01 -2.9183E-15  1.7592E-17  4.3435E+02 -7.6855E-01 -7.6132E-06 -4.6033E-08
     0.088500
  5.7798E+00  5.8097E+00  4.1130E+01  2.4129E+01  3.1264E-15 -2.2773E-17  6.1379E+02 -1.0866E+00  9.4004E-06  5.2922E-08
     0.092040
  8.1655E+00  8.2039E+00  5.8126E+01  3.4094E+01 -1.2061E-13 -1.6668E-17  8.6705E+02 -1.5346E+00 -1.3539E-05  4.0116E-08
     0.095580
  1.1536E+01  1.1592E+01  8.2120E+01  4.8158E+01  4.2333E-14 -7.3625E-17  1.2247E+03 -2.1675E+00  1.3663E-05 -2.2950E-07
     0.099120
  1.6297E+01  1.6384E+01  1.1599E+02  6.8031E+01 -2.6043E-14 -2.6736E-17  1.7302E+03 -3.0620E+00  1.1114E-05  2.8904E-07
     0.102660
  2.3027E+01  2.3144E+01  1.6387E+02  9.6121E+01 -2.9177E-13 -9.5164E-17  2.4450E+03 -4.3270E+00 -5.9941E-05  8.3945E-08
     0.106200
  3.2533E+01  3.2695E+01  2.3154E+02  1.3582E+02  2.8116E-13 -1.8387E-16  3.4545E+03 -6.1145E+00  5.5599E-05 -6.4573E-07
     0.109740
  4.5961E+01  4.6194E+01  3.2713E+02  1.9188E+02 -3.1781E-13  2.6587E-16  4.8799E+03 -8.6374E+00  1.8077E-05  4.9099E-07
     0.113280
  6.4935E+01  6.5257E+01  4.6214E+02  2.7107E+02  1.2988E-13 -3.9325E-16  6.8940E+03 -1.2201E+01 -1.1447E-04  3.8567E-07
     0.116820
  9.1738E+01  9.2206E+01  6.5289E+02  3.8296E+02  9.9607E-13 -7.2421E-16  9.7398E+03 -1.7239E+01  8.6126E-05 -1.5031E-06
     0.120360
  1.2961E+02  1.3027E+02  9.2239E+02  5.4105E+02 -1.1462E-12 -1.7356E-15  1.3761E+04 -2.4356E+01 -9.4455E-05  7.0991E-07
     0.123900
  1.8311E+02  1.8403E+02  1.3032E+03  7.6440E+02  1.9890E-13  3.2198E-16  1.9441E+04 -3.4409E+01  4.4632E-04  2.7031E-06
     0.127440
  2.5869E+02  2.5998E+02  1.8411E+03  1.0800E+03  1.0464E-12  3.1553E-15  2.7467E+04 -4.8611E+01 -1.2594E-03 -3.5518E-06
     0.130980
  3.6547E+02  3.6732E+02  2.6011E+03  1.5257E+03  2.7287E-13  8.1760E-16  3.8803E+04 -6.8679E+01  1.9518E-03 -7.6393E-07
     0.134520
  5.1634E+02  5.1895E+02  3.6747E+03  2.1555E+03 -1.2923E-12 -9.3880E-16  5.4821E+04 -9.7027E+01 -1.9853E-03 -1.8013E-07
     0.138060
  7.2948E+02  7.3317E+02  5.1917E+03  3.0453E+03  1.0467E-11  1.1836E-14  7.7452E+04 -1.3708E+02  3.0304E-03  1.2434E-05
     0.141600
  1.0306E+03  1.0358E+03  7.3349E+03  4.3024E+03 -1.1414E-11  8.4250E-15  1.0942E+05 -1.9366E+02 -5.5179E-03 -1.0762E-05
     0.145140
  1.4560E+03  1.4634E+03  1.0363E+04  6.0784E+03 -8.8529E-12 -3.6531E-15  1.5459E+05 -2.7361E+02  5.5855E-03 -2.2805E-05
     0.148680
  2.0571E+03  2.0674E+03  1.4640E+04  8.5873E+03  1.3217E-11 -9.3543E-15  2.1840E+05 -3.8655E+02 -4.1891E-04  4.3801E-05
     0.152220
  2.9062E+03  2.9208E+03  2.0683E+04  1.2132E+04  7.3897E-12 -3.9592E-14  3.0856E+05 -5.4612E+02 -4.4263E-03 -3.5684E-05
     0.155760
  4.1058E+03  4.1266E+03  2.9221E+04  1.7140E+04  2.1345E-11  3.5078E-14  4.3593E+05 -7.7155E+02  6.1264E-03  7.0782E-05
     0.159300
  5.8007E+03  5.8299E+03  4.1284E+04  2.4216E+04  6.8470E-12  2.0795E-14  6.1588E+05 -1.0900E+03 -1.1915E-02 -1.2587E-04
     0.162840
  8.1951E+03  8.2365E+03  5.8325E+04  3.4211E+04 -3.7574E-11  5.1051E-14  8.7010E+05 -1.5400E+03  1.6251E-02  4.0625E-05
     0.166380
  1.1578E+04  1.1636E+04  8.2401E+04  4.8333E+04 -1.8732E-11 -7.9407E-14  1.2293E+06 -2.1757E+03 -2.7368E-03  1.2075E-04
     0.169920
  1.6357E+04  1.6440E+04  1.1642E+05  6.8285E+04  5.7622E-12 -9.1207E-14  1.7367E+06 -3.0738E+03 -1.8508E-02 -1.1122E-04
     0.173460
  2.3109E+04  2.3226E+04  1.6447E+05  9.6473E+04  2.6942E-10  7.5021E-14  2.4536E+06 -4.3426E+03  2.5197E-02  3.7892E-05
     0.177000
  3.2649E+04  3.2813E+04  2.3236E+05  1.3630E+05  2.8462E-11  1.2121E-13  3.4664E+06 -6.1352E+03 -2.2663E-02 -4.3687E-05
     0.180540
  4.6126E+04  4.6358E+04  3.2828E+05  1.9256E+05 -3.8432E-10 -4.3430E-13  4.8973E+06 -8.6677E+03  1.0147E-02 -1.4102E-04
     0.184080
  6.5166E+04  6.5495E+04  4.6379E+05  2.7204E+05 -7.3020E-11  4.5263E-13  6.9189E+06 -1.2246E+04  3.0832E-02  2.6584E-04
     0.187620
  9.2066E+04  9.2530E+04  6.5524E+05  3.8434E+05 -5.1099E-10  7.2209E-13  9.7749E+06 -1.7301E+04 -3.7871E-02  1.8304E-04
     0.191160
  1.3007E+05  1.3073E+05  9.2571E+05  5.4299E+05 -1.9928E-09 -3.9236E-13  1.3810E+07 -2.4442E+04 -4.3352E-02 -5.4783E-04
     0.194700
  1.8376E+05  1.8469E+05  1.3078E+06  7.6713E+05 -1.8833E-09  5.3046E-13  1.9511E+07 -3.4532E+04  1.2210E-01  4.3568E-04
     0.198240
  2.5962E+05  2.6093E+05  1.8477E+06  1.0838E+06 -2.5991E-09 -7.3655E-14  2.7564E+07 -4.8786E+04 -1.1347E-01  9.8545E-05
     0.201780
  3.6678E+05  3.6863E+05  2.6104E+06  1.5312E+06  4.4853E-10  4.9212E-13  3.8943E+07 -6.8924E+04 -2.8292E-03 -5.7492E-04
     0.205320
  5.1819E+05  5.2080E+05  3.6880E+06  2.1632E+06 -4.4130E-09  2.5763E-12  5.5018E+07 -9.7375E+04  1.1589E-01  6.1194E-04
     0.208860
  7.3209E+05  7.3578E+05  5.2103E+06  3.0562E+06 -6.7404E-09  4.8164E-12  7.7728E+07 -1.3757E+05 -1.0754E-01  1.3904E-04
     0.212400
  1.0343E+06  1.0395E+06  7.3611E+06  4.3177E+06  4.7040E-09 -3.3719E-12  1.0981E+08 -1.9436E+05 -1.2156E-01 -1.3088E-03
     0.215940
  1.4612E+06  1.4686E+06  1.0400E+07  6.1001E+06 -5.7291E-09 -8.5131E-12  1.5514E+08 -2.7459E+05  3.5668E-01  5.4994E-04
     0.219480
  2.0644E+06  2.0748E+06  1.4693E+07  8.6181E+06 -7.0542E-09  6.3790E-12  2.1919E+08 -3.8793E+05 -1.4401E-01  2.6751E-03
     0.223020
  2.9166E+06  2.9313E+06  2.0758E+07  1.2176E+07  1.1470E-08 -1.9748E-13  3.0966E+08 -5.4807E+05 -4.5657E-01 -3.0466E-03
     0.226560
  4.1205E+06  4.1413E+06  2.9326E+07  1.7202E+07 -2.7062E-10  3.0407E-11  4.3749E+08 -7.7431E+05  6.6024E-01 -1.3076E-03
     0.230100
  5.8214E+06  5.8508E+06  4.1431E+07  2.4302E+07  2.7312E-08  1.4848E-11  6.1808E+08 -1.0939E+06 -1.4150E-01  7.6348E-04
     0.233640
  8.2244E+06  8.2659E+06  5.8534E+07  3.4334E+07  1.0645E-09  2.1768E-11  8.7322E+08 -1.5455E+06  1.5939E-01  2.1743E-05
     0.237180
  1.1619E+07  1.1678E+07  8.2696E+07  4.8506E+07  6.0177E-08  1.0085E-10  1.2337E+09 -2.1835E+06 -1.6265E-01  3.0987E-03
     0.240720
  1.6416E+07  1.6499E+07  1.1683E+08  6.8529E+07  5.6535E-08  3.1584E-11  1.7429E+09 -3.0848E+06 -1.6792E-01 -7.0407E-04
     0.244260
  2.3192E+07  2.3309E+07  1.6506E+08  9.6818E+07 -6.2928E-08 -9.5000E-11  2.4624E+09 -4.3581E+06  9.9454E-02 -1.5215E-04
     0.247800
  3.2765E+07  3.2931E+07  2.3319E+08  1.3678E+08  3.6861E-08 -1.7039E-10  3.4788E+09 -6.1571E+06 -4.7076E-01 -2.8398E-03
     0.251340
  4.6291E+07  4.6524E+07  3.2945E+08  1.9325E+08  4.5790E-08  2.0567E-10  4.9149E+09 -8.6987E+06  5.7815E-01  2.7302E-03
     0.254880
  6.5399E+07  6.5729E+07  4.6545E+08  2.7302E+08 -1.2881E-06 -7.2292E-10  6.9437E+09 -1.2289E+07 -2.9320E-01  4.6229E-03
     0.258420
  9.2395E+07  9.2861E+07  6.5758E+08  3.8571E+08  4.1426E-07 -6.0792E-10  9.8099E+09 -1.7362E+07 -6.7917E-01 -5.6150E-03
     0.261960
  1.3053E+08  1.3119E+08  9.2903E+08  5.4493E+08 -4.7771E-07 -7.4340E-10  1.3859E+10 -2.4530E+07  8.1757E-01 -4.8291E-03
     0.265500
  1.8442E+08  1.8535E+08  1.3125E+09  7.6987E+08  1.6270E-06 -9.9885E-10  1.9580E+10 -3.4655E+07  7.2277E-01  6.3993E-04
     0.269040
  2.6054E+08  2.6186E+08  1.8543E+09  1.0877E+09  1.2522E-06 -2.1308E-09  2.7663E+10 -4.8960E+07  2.8046E-01  9.6726E-04
     0.272580
  3.6809E+08  3.6995E+08  2.6198E+09  1.5367E+09  6.2852E-06 -1.4035E-09  3.9082E+10 -6.9171E+07  6.1017E-01  5.6895E-03
     0.276120
  5.2004E+08  5.2266E+08  3.7012E+09  2.1710E+09 -5.9332E-06  1.8256E-09  5.5215E+10 -9.7724E+07 -1.8415E-02  8.5501E-04
     0.279660
  7.3471E+08  7.3841E+08  5.2290E+09  3.0671E+09  4.0805E-06  4.1592E-09  7.8007E+10 -1.3806E+08 -2.3979E-01 -1.9736E-02
     0.283200
  1.0380E+09  1.0432E+09  7.3874E+09  4.3332E+09  2.8890E-06 -1.3049E-08  1.1021E+11 -1.9505E+08  3.4108E+00 -3.6210E-03
     0.286740
  1.4665E+09  1.4739E+09  1.0437E+10  6.1219E+09  1.0625E-05 -1.8052E-09  1.5570E+11 -2.7557E+08 -1.0522E+00  7.1424E-03
     0.290280
  2.0718E+09  2.0822E+09  1.4745E+10  8.6489E+09 -2.2577E-06 -2.2177E-10  2.1997E+11 -3.8932E+08 -2.0195E+00 -7.0880E-03
     0.293820
  2.9270E+09  2.9418E+09  2.0832E+10  1.2219E+10 -2.4087E-05  2.9543E-08  3.1077E+11 -5.5003E+08  5.6109E-01  3.1809E-02
     0.297360
  4.1353E+09  4.1561E+09  2.9431E+10  1.7263E+10  3.3407E-05 -1.0566E-08  4.3905E+11 -7.7708E+08 -6.2827E+00  4.9488E-02
     0.300900
  5.8423E+09  5.8717E+09  4.1580E+10  2.4389E+10  1.7849E-05 -2.3202E-08  6.2029E+11 -1.0978E+09 -1.1715E+01 -1.9346E-02
     0.304440
  8.2539E+09  8.2955E+09  5.8743E+10  3.4457E+10  2.1780E-05 -2.5327E-08  8.7634E+11 -1.5510E+09  3.5564E+00 -1.6154E-02
     0.307980
  1.1661E+10  1.1720E+10  8.2992E+10  4.8680E+10  2.9630E-05  6.7934E-08  1.2381E+12 -2.1913E+09 -1.8578E+00  5.1892E-02
     0.311520
  1.6475E+10  1.6558E+10  1.1725E+11  6.8775E+10  9.1474E-06 -4.8157E-08  1.7492E+12 -3.0958E+09 -1.4852E+00 -2.9359E-02
     0.315060
  2.3275E+10  2.3392E+10  1.6565E+11  9.7164E+10 -1.9725E-04 -1.9266E-09  2.4712E+12 -4.3737E+09  1.2096E+01 -4.7560E-02
     0.318600
  3.2883E+10  3.3049E+10  2.3403E+11  1.3727E+11  1.8787E-04  5.8119E-07  3.4913E+12 -6.1792E+09  2.5784E+01 -1.3334E-02
     0.322140
  4.6456E+10  4.6691E+10  3.3063E+11  1.9394E+11 -1.9673E-04  1.1918E-07  4.9324E+12 -8.7299E+09  1.1840E+01 -8.8289E-02
     0.325680
  6.5633E+10  6.5964E+10  4.6712E+11  2.7399E+11 -2.1019E-04 -2.8578E-07  6.9685E+12 -1.2333E+10  3.8233E+01 -2.4474E-01
     0.329220
  9.2726E+10  9.3194E+10  6.5994E+11  3.8709E+11 -3.9620E-05 -2.4003E-07  9.8450E+12 -1.7425E+10  4.3805E+01 -1.9698E-01
     0.332760
  1.3100E+11  1.3166E+11  9.3235E+11  5.4688E+11 -4.9505E-04 -6.7525E-07  1.3909E+13 -2.4617E+10  3.4495E+01 -5.4717E-02
     0.336300
  1.8508E+11  1.8601E+11  1.3172E+12  7.7263E+11  1.2711E-03  8.0746E-07  1.9650E+13 -3.4779E+10  1.9826E+01  3.1283E-02
     0.339840
  2.6148E+11  2.6280E+11  1.8610E+12  1.0916E+12  9.9005E-04 -1.7025E-06  2.7762E+13 -4.9136E+10 -1.3775E+01  6.6847E-02
     0.343380
  3.6941E+11  3.7128E+11  2.6291E+12  1.5421E+12 -2.5495E-03  4.5098E-07  3.9222E+13 -6.9418E+10 -2.3456E+01  1.7322E-01
     0.346920
  5.2190E+11  5.2453E+11  3.7144E+12  2.1787E+12  7.7136E-03  5.1822E-06  5.5412E+13 -9.8073E+10 -4.6847E+01  3.7358E-01
     0.350460
  7.3734E+11  7.4106E+11  5.2477E+12  3.0781E+12  3.1738E-03 -1.1707E-06  7.8286E+13 -1.3856E+11 -8.5927E+01  1.2258E-01
     0.354000
  1.0417E+12  1.0470E+12  7.4139E+12  4.3487E+12 -1.0900E-02  9.0029E-06  1.1060E+14 -1.9575E+11  8.3229E+00 -1.7610E-01
     0.357540
  1.4717E+12  1.4791E+12  1.0474E+13  6.1438E+12 -2.7396E-03 -1.4682E-05  1.5626E+14 -2.7656E+11  8.1601E+01 -5.4212E-01
     0.361080
  2.0792E+12  2.0897E+12  1.4798E+13  8.6799E+12 -1.1343E-02 -4.7880E-06  2.2076E+14 -3.9072E+11  2.3842E+02 -9.3704E-01
     0.364620
  2.9375E+12  2.9523E+12  2.0906E+13  1.2263E+13  1.4161E-02  1.5724E-05  3.1188E+14 -5.5200E+11  4.0180E+02 -1.0807E+00
     0.368160
  4.1501E+12  4.1710E+12  2.9536E+13  1.7325E+13 -3.0013E-02 -7.8072E-06  4.4063E+14 -7.7986E+11  6.4116E+02 -1.9524E+00
     0.371700
  5.8632E+12  5.8927E+12  4.1729E+13  2.4476E+13  5.1751E-02 -3.3306E-05  6.2251E+14 -1.1018E+12  8.9160E+02 -3.7966E+00
     0.375240
  8.2834E+12  8.3252E+12  5.8954E+13  3.4580E+13 -8.3717E-02  9.1579E-05  8.7948E+14 -1.5566E+12  1.2816E+03 -5.7512E+00
     0.378780
  1.1703E+13  1.1762E+13  8.3289E+13  4.8854E+13  3.5251E-02  4.9485E-05  1.2425E+15 -2.1991E+12  1.7410E+03 -8.0900E+00
     0.382320
  1.6533E+13  1.6617E+13  1.1767E+14  6.9021E+13  5.2672E-02  1.1300E-04  1.7554E+15 -3.1069E+12  2.3366E+03 -6.1168E+00
