     0.000000
  5.9253E-02  6.7813E-35  4.9277E-09  1.7375E-02  0.0000E+00  0.0000E+00  0.0000E+00  0.0000E+00  0.0000E+00  0.0000E+00
     0.007700
  4.3590E-02  1.5840E-03  7.1655E-01  3.0914E-01  1.8265E-17  3.1710E-20  2.3413E+00 -6.9015E-03 -1.1139E-04 -2.8160E-06
     0.015400
  2.7799E-02  1.6797E-02  1.3936E+00  5.5681E-01  8.8982E-18  2.1185E-19  8.4601E-01 -6.7163E-03 -1.3202E-04 -9.5952E-06
     0.023100
  3.4346E-02  4.9908E-02  1.1286E+00  4.2661E-01 -1.2179E-17  8.8251E-20  4.1963E-01 -4.9010E-03  1.5048E-04 -3.3783E-06
     0.030800
  4.0475E-02  8.8483E-02  1.2788E+00  5.6913E-01 -7.4435E-18  1.0664E-19  2.4280E+00 -6.2679E-03  2.7517E-04  5.6745E-06
     0.038500
  4.2025E-02  1.5503E-01  1.9124E+00  9.8465E-01  1.2471E-17 -2.0208E-19  3.0976E+00 -1.0030E-02 -1.0128E-05 -5.9168E-06
     0.046200
  6.1782E-02  2.6379E-01  2.1455E+00  1.2688E+00 -3.9348E-17 -8.0136E-19  3.6620E+00 -1.3910E-02  9.2578E-05 -7.4369E-06
     0.053900
  1.0640E-01  3.9498E-01  2.6704E+00  1.7893E+00  7.1989E-17 -4.2957E-19  7.3603E+00 -1.6600E-02  2.7281E-04  1.6321E-06
     0.061600
  1.7333E-01  6.1822E-01  4.3222E+00  3.0226E+00 -6.6472E-17  1.6936E-18  1.3456E+01 -2.2507E-02  1.3339E-04 -4.8241E-06
     0.069300
  2.9421E-01  1.0363E+00  7.1312E+00  5.0260E+00 -6.0868E-16  1.9853E-18  2.2570E+01 -3.3194E-02  2.3733E-04 -7.7306E-06
     0.077000
  5.2431E-01  1.7588E+00  1.2117E+01  8.3357E+00  8.9801E-16 -7.0154E-18  4.0282E+01 -4.9026E-02  3.6671E-04 -5.8259E-06
     0.084700
  9.2833E-01  3.1229E+00  2.1489E+01  1.4412E+01 -4.6609E-16 -2.0865E-17  7.3635E+01 -8.2754E-02  2.4092E-04 -1.4541E-05
     0.092400
  1.6489E+00  5.6915E+00  3.8643E+01  2.5590E+01 -4.5535E-15  9.9841E-18  1.3380E+02 -1.5187E-01  2.1521E-04 -2.3993E-05
     0.100100
  2.9586E+00  1.0406E+01  6.9829E+01  4.5954E+01 -2.3634E-15 -1.9344E-17  2.4363E+02 -2.8450E-01  2.5792E-04 -3.8099E-05
     0.107800
  5.3245E+00  1.9101E+01  1.2655E+02  8.3152E+01 -1.9219E-15 -5.2025E-17  4.4523E+02 -5.3283E-01  4.1482E-04 -6.3687E-05
     0.115500
  9.5990E+00  3.5064E+01  2.3075E+02  1.5118E+02 -4.3909E-15  1.1802E-16  8.1492E+02 -9.8655E-01  1.0909E-03 -9.2769E-05
     0.123200
  1.7325E+01  6.4306E+01  4.2271E+02  2.7530E+02  2.7480E-14 -1.3648E-16  1.4904E+03 -1.8116E+00  2.1553E-03 -1.4514E-04
     0.130900
  3.1291E+01  1.1784E+02  7.7556E+02  5.0113E+02  2.0965E-14 -2.6440E-16  2.7230E+03 -3.2976E+00  3.9952E-03 -2.3175E-04
     0.138600
  5.6536E+01  2.1562E+02  1.4248E+03  9.1156E+02 -9.7135E-14  1.1075E-15  4.9717E+03 -5.9573E+00  7.3247E-03 -3.4375E-04
     0.146300
  1.0213E+02  3.9395E+02  2.6194E+03  1.6572E+03  2.9618E-13 -1.5054E-15  9.0682E+03 -1.0717E+01  1.2453E-02 -4.4952E-04
     0.154000
  1.8444E+02  7.1894E+02  4.8135E+03  3.0112E+03 -1.6623E-13 -1.0256E-15  1.6521E+04 -1.9250E+01  2.0413E-02 -3.6519E-04
     0.161700
  3.3296E+02  1.3105E+03  8.8385E+03  5.4692E+03  4.0667E-13  2.1262E-15  3.0074E+04 -3.4574E+01  3.2557E-02  4.6062E-04
     0.169400
  6.0083E+02  2.3864E+03  1.6215E+04  9.9327E+03  5.4966E-13  9.4709E-15  5.4711E+04 -6.2153E+01  5.0908E-02  3.5005E-03
     0.177100
  1.0838E+03  4.3413E+03  2.9719E+04  1.8041E+04 -3.1913E-13  1.2885E-14  9.9486E+04 -1.1189E+02  8.1039E-02  1.2264E-02
     0.184800
  1.9549E+03  7.8912E+03  5.4418E+04  3.2776E+04 -2.0220E-12  7.9672E-15  1.8087E+05 -2.0173E+02  1.3381E-01  3.4507E-02
     0.192500
  3.5266E+03  1.4334E+04  9.9566E+04  5.9569E+04 -1.2641E-12  1.0759E-13  3.2884E+05 -3.6420E+02  2.2567E-01  8.6197E-02
     0.200200
  6.3653E+03  2.6022E+04  1.8206E+05  1.0832E+05 -1.3819E-12  2.1415E-14  5.9805E+05 -6.5836E+02  3.6765E-01  1.9877E-01
     0.207900
  1.1499E+04  4.7227E+04  3.3276E+05  1.9708E+05  3.4804E-11 -5.0252E-14  1.0882E+06 -1.1915E+03  5.2643E-01  4.3145E-01
     0.215600
  2.0795E+04  8.5708E+04  6.0805E+05  3.5882E+05  1.9218E-11  1.6848E-13  1.9814E+06 -2.1591E+03  5.0739E-01  8.9236E-01
     0.223300
  3.7659E+04  1.5559E+05  1.1110E+06  6.5384E+05 -7.3286E-11  2.6659E-13  3.6109E+06 -3.9175E+03 -3.4540E-01  1.7722E+00
     0.231000
  6.8297E+04  2.8259E+05  2.0302E+06  1.1925E+06 -5.3274E-11  6.6004E-13  6.5866E+06 -7.1185E+03 -3.7344E+00  3.4010E+00
     0.238700
  1.2405E+05  5.1368E+05  3.7107E+06  2.1768E+06 -8.1233E-11 -5.7730E-12  1.2025E+07 -1.2955E+04 -1.3689E+01  6.3373E+00
     0.246400
  2.2564E+05  9.3467E+05  6.7841E+06  3.9772E+06 -1.5896E-10  6.9163E-12  2.1976E+07 -2.3615E+04 -3.8783E+01  1.1512E+01
     0.254100
  4.1099E+05  1.7026E+06  1.2408E+07  7.2731E+06 -6.5540E-10 -8.4132E-12  4.0192E+07 -4.3114E+04 -9.5803E+01  2.0482E+01
     0.261800
  7.4954E+05  3.1049E+06  2.2701E+07  1.3311E+07  3.4348E-11  1.0204E-11  7.3564E+07 -7.8824E+04 -2.1637E+02  3.5841E+01
     0.269500
  1.3684E+06  5.6688E+06  4.1551E+07  2.4378E+07  1.1572E-09 -9.1699E-12  1.3473E+08 -1.4429E+05 -4.5577E+02  6.1986E+01
     0.277200
  2.5007E+06  1.0360E+07  7.6083E+07  4.4673E+07  7.1057E-09  2.9784E-11  2.4688E+08 -2.6439E+05 -9.0482E+02  1.0656E+02
     0.284900
  4.5732E+06  1.8953E+07  1.3937E+08  8.1900E+07 -2.0147E-08  4.6237E-11  4.5256E+08 -4.8480E+05 -1.7070E+03  1.8320E+02
     0.292600
  8.3688E+06  3.4700E+07  2.5538E+08  1.5020E+08 -1.6758E-08 -2.6943E-11  8.2987E+08 -8.8941E+05 -3.0751E+03  3.1670E+02
     0.300300
  1.5323E+07  6.3573E+07  4.6812E+08  2.7555E+08 -2.6623E-08 -2.0635E-10  1.5221E+09 -1.6322E+06 -5.3008E+03  5.5315E+02
     0.308000
  2.8066E+07  1.1653E+08  8.5832E+08  5.0557E+08 -2.6590E-08  4.3136E-10  2.7923E+09 -2.9958E+06 -8.7528E+03  9.7909E+02
     0.315700
  5.1426E+07  2.1370E+08  1.5742E+09  9.2774E+08  2.5606E-08  3.3149E-10  5.1231E+09 -5.4989E+06 -1.3843E+04  1.7573E+03
     0.323400
  9.4255E+07  3.9202E+08  2.8877E+09  1.7026E+09 -1.2724E-07 -6.3842E-10  9.4005E+09 -1.0093E+07 -2.0935E+04  3.1936E+03
     0.331100
  1.7279E+08  7.1931E+08  5.2982E+09  3.1247E+09 -2.1579E-07 -5.5418E-09  1.7251E+10 -1.8526E+07 -3.0142E+04  5.8597E+03
     0.338800
  3.1685E+08  1.3201E+09  9.7222E+09  5.7350E+09  8.2429E-07  4.0510E-09  3.1658E+10 -3.4002E+07 -4.0985E+04  1.0819E+04
     0.346500
  5.8110E+08  2.4229E+09  1.7842E+10  1.0526E+10  1.3400E-06 -1.1394E-08  5.8103E+10 -6.2405E+07 -5.1873E+04  2.0039E+04
     0.354200
  1.0659E+09  4.4473E+09  3.2748E+10  1.9321E+10  1.0728E-06 -1.4911E-08  1.0664E+11 -1.1453E+08 -5.9350E+04  3.7140E+04
     0.361900
  1.9554E+09  8.1636E+09  6.0110E+10  3.5464E+10 -5.0795E-07  2.6351E-08  1.9574E+11 -2.1020E+08 -5.7165E+04  6.8769E+04
     0.369600
  3.5878E+09  1.4986E+10  1.1034E+11  6.5098E+10  1.1208E-05  5.7450E-08  3.5931E+11 -3.8580E+08 -3.5448E+04  1.2710E+05
     0.377300
  6.5835E+09  2.7510E+10  2.0255E+11  1.1950E+11  4.5759E-07  1.0908E-07  6.5956E+11 -7.0809E+08  1.9371E+04  2.3443E+05
     0.385000
  1.2082E+10  5.0501E+10  3.7184E+11  2.1937E+11  1.8634E-06 -1.6463E-07  1.2108E+12 -1.2997E+09  1.2262E+05  4.3156E+05
     0.392700
  2.2174E+10  9.2706E+10  6.8264E+11  4.0272E+11  1.4313E-07 -1.4236E-07  2.2227E+12 -2.3856E+09  2.8447E+05  7.9322E+05
     0.400400
  4.0699E+10  1.7018E+11  1.2532E+12  7.3933E+11  2.2296E-04  1.2622E-06  4.0806E+12 -4.3791E+09  4.9257E+05  1.4564E+06
     0.408100
  7.4704E+10  3.1241E+11  2.3008E+12  1.3574E+12  1.7083E-04 -1.0710E-07  7.4917E+12 -8.0388E+09  6.7490E+05  2.6723E+06
     0.415800
  1.3713E+11  5.7352E+11  4.2242E+12  2.4921E+12  2.7804E-05  3.8981E-06  1.3754E+13 -1.4758E+10  6.2557E+05  4.9019E+06
     0.423500
  2.5174E+11  1.0529E+12  7.7556E+12  4.5756E+12  3.7713E-04  2.4922E-06  2.5254E+13 -2.7093E+10 -1.3604E+05  8.9915E+06
     0.431200
  4.6215E+11  1.9329E+12  1.4240E+13  8.4012E+12  1.4463E-03 -7.4940E-07  4.6368E+13 -4.9743E+10 -2.6230E+06  1.6494E+07
     0.438900
  8.4846E+11  3.5486E+12  2.6145E+13  1.5426E+13 -1.8505E-03  4.1443E-07  8.5137E+13 -9.1331E+10 -8.8396E+06  3.0262E+07
     0.446600
  1.5578E+12  6.5150E+12  4.8005E+13  2.8326E+13  1.1570E-03  8.9213E-06  1.5633E+14 -1.6770E+11 -2.2584E+07  5.5526E+07
     0.454300
  2.8601E+12  1.1962E+13  8.8144E+13  5.2013E+13  4.6565E-03  1.1844E-04  2.8706E+14 -3.0793E+11 -5.0836E+07  1.0189E+08
     0.462000
  5.2515E+12  2.1963E+13  1.6185E+14  9.5513E+13 -3.4563E-03 -2.8374E-04  5.2713E+14 -5.6545E+11 -1.0613E+08  1.8694E+08
     0.469700
  9.6427E+12  4.0327E+13  2.9720E+14  1.7540E+14 -2.8081E-02  1.0919E-04  9.6799E+14 -1.0384E+12 -2.1064E+08  3.4297E+08
     0.477400
  1.7706E+13  7.4051E+13  5.4574E+14  3.2210E+14  3.8334E-02  1.7110E-04  1.7776E+15 -1.9069E+12 -4.0313E+08  6.2915E+08
     0.485100
  3.2514E+13  1.3598E+14  1.0022E+15  5.9153E+14  1.2570E-02  1.5188E-04  3.2645E+15 -3.5020E+12 -7.5095E+08  1.1539E+09
     0.492800
  5.9707E+13  2.4971E+14  1.8403E+15  1.0863E+15 -1.7158E-02 -8.4261E-04  5.9951E+15 -6.4316E+12 -1.3708E+09  2.1162E+09
     0.500500
  1.0965E+14  4.5858E+14  3.3796E+15  1.9951E+15  3.4401E-01  1.7192E-03  1.1010E+16 -1.1812E+13 -2.4648E+09  3.8808E+09
     0.508200
  2.0136E+14  8.4218E+14  6.2065E+15  3.6640E+15 -4.8953E-01  1.6313E-03  2.0220E+16 -2.1694E+13 -4.3841E+09  7.1166E+09
     0.515900
  3.6979E+14  1.5467E+15  1.1398E+16  6.7291E+15  5.4106E-01 -1.0503E-03  3.7135E+16 -3.9843E+13 -7.7411E+09  1.3051E+10
     0.523600
  6.7912E+14  2.8406E+15  2.0932E+16  1.2358E+16 -1.2031E+00 -1.7161E-02  6.8201E+16 -7.3177E+13 -1.3610E+10  2.3938E+10
     0.531300
  1.2472E+15  5.2169E+15  3.8442E+16  2.2697E+16 -1.5151E+00 -7.1883E-03  1.2525E+17 -1.3440E+14 -2.3886E+10  4.3916E+10
     0.539000
  2.2905E+15  9.5814E+15  7.0599E+16  4.1684E+16 -4.2051E+00  4.7359E-02  2.3004E+17 -2.4684E+14 -4.1940E+10  8.0584E+10
     0.546700
  4.2066E+15  1.7597E+16  1.2966E+17  7.6555E+16  1.2710E+01  2.7623E-02  4.2248E+17 -4.5334E+14 -7.3807E+10  1.4790E+11
     0.554400
  7.7255E+15  3.2319E+16  2.3812E+17  1.4060E+17  1.0023E+01 -4.1830E-02  7.7590E+17 -8.3260E+14 -1.3038E+11  2.7154E+11
     0.562100
  1.4188E+16  5.9356E+16  4.3732E+17  2.5822E+17 -2.6100E+00 -2.5846E-01  1.4250E+18 -1.5291E+15 -2.3146E+11  4.9863E+11
     0.569800
  2.6057E+16  1.0901E+17  8.0315E+17  4.7422E+17  7.2130E+01  4.8704E-01  2.6170E+18 -2.8083E+15 -4.1328E+11  9.1584E+11
     0.577500
  4.7854E+16  2.0021E+17  1.4750E+18  8.7093E+17 -6.8468E+01 -1.8676E-02  4.8062E+18 -5.1576E+15 -7.4261E+11  1.6824E+12
     0.585200
  8.7885E+16  3.6770E+17  2.7089E+18  1.5995E+18  1.0619E+02  7.2706E-02  8.8267E+18 -9.4721E+15 -1.3432E+12  3.0911E+12
     0.592900
  1.6140E+17  6.7529E+17  4.9749E+18  2.9375E+18  5.8203E+02 -6.9395E-01  1.6210E+19 -1.7396E+16 -2.4454E+12  5.6795E+12
     0.600600
  2.9642E+17  1.2402E+18  9.1366E+18  5.3947E+18  9.9647E+02  3.0101E+00  2.9771E+19 -3.1947E+16 -4.4794E+12  1.0436E+13
     0.608300
  5.4437E+17  2.2777E+18  1.6780E+19  9.9075E+18 -1.2138E+03  7.3120E+00  5.4674E+19 -5.8672E+16 -8.2511E+12  1.9176E+13
     0.616000
  9.9973E+17  4.1830E+18  3.0816E+19  1.8195E+19  3.1993E+02  3.4814E+01  1.0041E+20 -1.0775E+17 -1.5271E+13  3.5234E+13
     0.623700
  1.8360E+18  7.6820E+18  5.6594E+19  3.3415E+19 -4.3933E+03 -1.3191E+01  1.8440E+20 -1.9788E+17 -2.8370E+13  6.4735E+13
     0.631400
  3.3718E+18  1.4108E+19  1.0394E+20  6.1368E+19 -1.0790E+04  7.6155E+01  3.3865E+20 -3.6341E+17 -5.2852E+13  1.1893E+14
     0.639100
  6.1923E+18  2.5910E+19  1.9088E+20  1.1270E+20  3.0847E+03  2.7863E+00  6.2193E+20 -6.6740E+17 -9.8631E+13  2.1847E+14
     0.646800
  1.1372E+19  4.7583E+19  3.5055E+20  2.0698E+20 -2.9524E+04  2.7288E+02  1.1422E+21 -1.2257E+18 -1.8420E+14  4.0131E+14
     0.654500
  2.0885E+19  8.7386E+19  6.4378E+20  3.8011E+20 -1.5421E+04  2.0037E+02  2.0976E+21 -2.2509E+18 -3.4397E+14  7.3708E+14
     0.662200
  3.8355E+19  1.6048E+20  1.1823E+21  6.9808E+20  5.4794E+04  7.6315E+02  3.8523E+21 -4.1339E+18 -6.4175E+14  1.3537E+15
     0.669900
  7.0438E+19  2.9473E+20  2.1713E+21  1.2820E+21  6.0764E+04  1.6921E+03  7.0747E+21 -7.5918E+18 -1.1956E+15  2.4861E+15
     0.677600
  1.2936E+20  5.4127E+20  3.9876E+21  2.3544E+21 -1.8900E+05  9.0782E+02  1.2993E+22 -1.3942E+19 -2.2234E+15  4.5655E+15
     0.685300
  2.3757E+20  9.9404E+20  7.3233E+21  4.3239E+21  5.0741E+04 -3.4652E+02  2.3861E+22 -2.5605E+19 -4.1259E+15  8.3839E+15
     0.693000
  4.3630E+20  1.8256E+21  1.3449E+22  7.9410E+21  1.5594E+06 -9.7539E+03  4.3821E+22 -4.7024E+19 -7.6393E+15  1.5396E+16
     0.700700
  8.0126E+20  3.3526E+21  2.4700E+22  1.4584E+22 -3.5242E+06 -6.7022E+03  8.0478E+22 -8.6361E+19 -1.4114E+16  2.8271E+16
     0.708400
  1.4715E+21  6.1571E+21  4.5361E+22  2.6783E+22 -3.5068E+05 -2.8541E+04  1.4780E+23 -1.5860E+20 -2.6021E+16  5.1915E+16
     0.716100
  2.7024E+21  1.1308E+22  8.3306E+22  4.9187E+22 -3.4044E+06 -1.0906E+05  2.7143E+23 -2.9127E+20 -4.7885E+16  9.5335E+16
     0.723800
  4.9630E+21  2.0766E+22  1.5299E+23  9.0332E+22 -1.7034E+06 -5.8787E+04  4.9849E+23 -5.3493E+20 -8.7982E+16  1.7507E+17
     0.731500
  9.1146E+21  3.8138E+22  2.8097E+23  1.6590E+23  4.5171E+07  1.0105E+03  9.1548E+23 -9.8240E+20 -1.6145E+17  3.2150E+17
     0.739200
  1.6739E+22  7.0040E+22  5.1600E+23  3.0467E+23  6.3550E+06  1.7017E+05  1.6813E+24 -1.8042E+21 -2.9601E+17  5.9042E+17
     0.746900
  3.0741E+22  1.2863E+23  9.4764E+23  5.5953E+23  4.7784E+07  1.0340E+05  3.0877E+24 -3.3134E+21 -5.4237E+17  1.0843E+18
     0.754600
  5.6456E+22  2.3623E+23  1.7404E+24  1.0276E+24  8.3796E+07  4.8905E+05  5.6706E+24 -6.0851E+21 -9.9350E+17  1.9913E+18
     0.762300
  1.0368E+23  4.3384E+23  3.1962E+24  1.8871E+24  7.5081E+07 -1.0580E+06  1.0414E+25 -1.1175E+22 -1.8198E+18  3.6570E+18
     0.770000
  1.9041E+23  7.9674E+23  5.8698E+24  3.4658E+24  1.2918E+07  7.0083E+04  1.9125E+25 -2.0524E+22 -3.3337E+18  6.7162E+18
     0.777700
  3.4970E+23  1.4632E+24  1.0780E+25  6.3649E+24  1.1051E+08 -1.0141E+07  3.5124E+25 -3.7692E+22 -6.1092E+18  1.2335E+19
     0.785400
  6.4222E+23  2.6872E+24  1.9797E+25  1.1689E+25  1.6631E+08 -8.8379E+06  6.4505E+25 -6.9221E+22 -1.1200E+19  2.2653E+19
     0.793100
  1.1794E+24  4.9351E+24  3.6358E+25  2.1467E+25 -7.7691E+08 -9.1919E+06  1.1846E+26 -1.2712E+23 -2.0542E+19  4.1604E+19
     0.800800
  2.1660E+24  9.0633E+24  6.6772E+25  3.9425E+25  3.0414E+09 -3.5546E+07  2.1756E+26 -2.3346E+23 -3.7694E+19  7.6407E+19
     0.808500
  3.9779E+24  1.6645E+25  1.2263E+26  7.2403E+25 -1.0959E+10 -1.0536E+08  3.9955E+26 -4.2876E+23 -6.9194E+19  1.4032E+20
     0.816200
  7.3055E+24  3.0568E+25  2.2520E+26  1.3297E+26 -9.3245E+09  1.1300E+08  7.3377E+26 -7.8742E+23 -1.2706E+20  2.5771E+20
     0.823900
  1.3417E+25  5.6139E+25  4.1359E+26  2.4420E+26 -3.2893E+10 -6.4793E+08  1.3476E+27 -1.4461E+24 -2.3340E+20  4.7330E+20
     0.831600
  2.4640E+25  1.0310E+26  7.5956E+26  4.4847E+26  4.2185E+10 -2.2556E+08  2.4748E+27 -2.6558E+24 -4.2881E+20  8.6923E+20
     0.839300
  4.5251E+25  1.8934E+26  1.3949E+27  8.2362E+26 -7.3769E+10  2.8322E+08  4.5450E+27 -4.8773E+24 -7.8793E+20  1.5964E+21
     0.847000
  8.3103E+25  3.4773E+26  2.5618E+27  1.5126E+27  1.1152E+11  5.3368E+08  8.3470E+27 -8.9572E+24 -1.4479E+21  2.9318E+21
     0.854700
  1.5262E+26  6.3860E+26  4.7047E+27  2.7779E+27 -4.9077E+11 -4.8937E+09  1.5329E+28 -1.6450E+25 -2.6606E+21  5.3842E+21
     0.862400
  2.8029E+26  1.1728E+27  8.6403E+27  5.1016E+27  3.8577E+11  4.8579E+09  2.8152E+28 -3.0210E+25 -4.8888E+21  9.8882E+21
     0.870100
  5.1474E+26  2.1539E+27  1.5868E+28  9.3690E+27  1.0341E+11 -7.0222E+09  5.1702E+28 -5.5481E+25 -8.9825E+21  1.8160E+22
     0.877800
  9.4533E+26  3.9556E+27  2.9141E+28  1.7206E+28  1.7269E+10  2.7948E+10  9.4951E+28 -1.0189E+26 -1.6503E+22  3.3350E+22
     0.885500
  1.7361E+27  7.2644E+27  5.3518E+28  3.1599E+28 -1.4413E+12 -1.5075E+09  1.7438E+29 -1.8712E+26 -3.0316E+22  6.1248E+22
     0.893200
  3.1884E+27  1.3341E+28  9.8287E+28  5.8032E+28 -6.0654E+12 -6.3718E+10  3.2024E+29 -3.4366E+26 -5.5686E+22  1.1248E+23
     0.900900
  5.8554E+27  2.4501E+28  1.8050E+29  1.0658E+29 -1.3689E+12 -1.6330E+09  5.8813E+29 -6.3113E+26 -1.0228E+23  2.0657E+23
     0.908600
  1.0754E+28  4.4996E+28  3.3150E+29  1.9573E+29  1.6316E+13  2.9400E+11  1.0801E+30 -1.1591E+27 -1.8784E+23  3.7937E+23
     0.916300
  9.9746E-02  4.1737E-01  3.0748E+00  1.8155E+00 -6.2161E-17  2.1035E-18  1.0019E+01 -1.0751E-02 -1.7423E-06  3.5189E-06
     0.924000
  1.8318E-01  7.6650E-01  5.6470E+00  3.3342E+00 -1.7743E-16  8.7192E-18  1.8399E+01 -1.9744E-02 -3.1996E-06  6.4624E-06
     0.931700
  3.3642E-01  1.4077E+00  1.0371E+01  6.1233E+00  3.3529E-16  5.4612E-18  3.3790E+01 -3.6261E-02 -5.8756E-06  1.1868E-05
     0.939400
  6.1783E-01  2.5852E+00  1.9046E+01  1.1245E+01  5.0479E-17 -9.7748E-18  6.2056E+01 -6.6593E-02 -1.0790E-05  2.1796E-05
     0.947100
  1.1347E+00  4.7477E+00  3.4978E+01  2.0652E+01  2.4419E-15 -2.5384E-18  1.1397E+02 -1.2230E-01 -1.9813E-05  4.0028E-05
     0.954800
  2.0838E+00  8.7192E+00  6.4237E+01  3.7928E+01  6.7318E-16 -6.3579E-18  2.0930E+02 -2.2460E-01 -3.6383E-05  7.3512E-05
     0.962500
  3.8269E+00  1.6013E+01  1.1797E+02  6.9655E+01 -7.1466E-15  7.3909E-17  3.8438E+02 -4.1248E-01 -6.6812E-05  1.3500E-04
     0.970200
  7.0281E+00  2.9408E+01  2.1665E+02  1.2792E+02 -9.1139E-15  4.3328E-17  7.0592E+02 -7.5752E-01 -1.2269E-04  2.4794E-04
     0.977900
  1.2907E+01  5.4008E+01  3.9789E+02  2.3493E+02  5.2284E-15  2.9549E-16  1.2964E+03 -1.3912E+00 -2.2531E-04  4.5534E-04
     0.985600
  2.3704E+01  9.9185E+01  7.3072E+02  4.3145E+02 -4.4901E-14  7.3751E-16  2.3809E+03 -2.5549E+00 -4.1377E-04  8.3622E-04
     0.993300
  4.3533E+01  1.8215E+02  1.3420E+03  7.9235E+02 -8.4572E-14  3.6431E-16  4.3725E+03 -4.6921E+00 -7.5986E-04  1.5357E-03
     1.001000
  7.9948E+01  3.3453E+02  2.4645E+03  1.4552E+03 -2.3521E-13 -3.1864E-16  8.0301E+03 -8.6172E+00 -1.3955E-03  2.8204E-03
     1.008700
  1.4682E+02  6.1436E+02  4.5261E+03  2.6724E+03  1.1630E-13  2.7701E-15  1.4747E+04 -1.5825E+01 -2.5627E-03  5.1796E-03
     1.016400
  2.6964E+02  1.1283E+03  8.3123E+03  4.9079E+03 -1.1815E-13  5.9601E-15  2.7084E+04 -2.9064E+01 -4.7064E-03  9.5124E-03
     1.024100
  4.9520E+02  2.0721E+03  1.5266E+04  9.0134E+03  1.5864E-12  4.9462E-15  4.9739E+04 -5.3375E+01 -8.6433E-03  1.7470E-02
     1.031800
  9.0944E+02  3.8054E+03  2.8035E+04  1.6553E+04  6.8338E-13  3.5656E-14  9.1346E+04 -9.8024E+01 -1.5873E-02  3.2083E-02
     1.039500
  1.6702E+03  6.9886E+03  5.1487E+04  3.0400E+04  1.8316E-12  1.7869E-14  1.6776E+05 -1.8002E+02 -2.9151E-02  5.8921E-02
     1.047200
  3.0673E+03  1.2835E+04  9.4556E+04  5.5829E+04 -4.4746E-12 -7.4176E-14  3.0809E+05 -3.3061E+02 -5.3536E-02  1.0821E-01
     1.054900
  5.6332E+03  2.3571E+04  1.7365E+05  1.0253E+05 -1.8917E-12  8.6048E-15  5.6580E+05 -6.0717E+02 -9.8318E-02  1.9872E-01
     1.062600
  1.0345E+04  4.3288E+04  3.1891E+05  1.8830E+05  2.9764E-12 -2.4477E-14  1.0391E+06 -1.1151E+03 -1.8056E-01  3.6496E-01
     1.070300
  1.8999E+04  7.9499E+04  5.8569E+05  3.4581E+05 -6.3757E-11  4.1272E-13  1.9083E+06 -2.0478E+03 -3.3159E-01  6.7025E-01
     1.078000
  3.4892E+04  1.4600E+05  1.0756E+06  6.3508E+05  3.4797E-11 -1.1490E-12  3.5046E+06 -3.7608E+03 -6.0896E-01  1.2309E+00
     1.085700
  6.4080E+04  2.6813E+05  1.9754E+06  1.1663E+06 -1.5821E-10 -3.0330E-13  6.4363E+06 -6.9068E+03 -1.1183E+00  2.2606E+00
     1.093400
  1.1768E+05  4.9242E+05  3.6278E+06  2.1420E+06  8.2673E-11  2.8028E-12  1.1820E+07 -1.2684E+04 -2.0538E+00  4.1516E+00
     1.101100
  2.1612E+05  9.0433E+05  6.6624E+06  3.9338E+06 -5.1591E-11 -1.1223E-12  2.1708E+07 -2.3295E+04 -3.7717E+00  7.6244E+00
     1.108800
  3.9691E+05  1.6608E+06  1.2236E+07  7.2244E+06 -8.7593E-10 -7.9728E-12  3.9867E+07 -4.2781E+04 -6.9267E+00  1.4002E+01
     1.116500
  7.2893E+05  3.0501E+06  2.2471E+07  1.3268E+07  3.1920E-09  1.8138E-12  7.3215E+07 -7.8568E+04 -1.2721E+01  2.5715E+01
     1.124200
  1.3387E+06  5.6015E+06  4.1268E+07  2.4366E+07 -1.8886E-09  3.0312E-11  1.3446E+08 -1.4429E+05 -2.3362E+01  4.7226E+01
     1.131900
  2.4585E+06  1.0287E+07  7.5788E+07  4.4748E+07  5.7015E-09  3.0344E-11  2.4694E+08 -2.6499E+05 -4.2903E+01  8.6731E+01
     1.139600
  4.5151E+06  1.8892E+07  1.3919E+08  8.2180E+07 -1.0746E-08 -1.0770E-10  4.5350E+08 -4.8665E+05 -7.8792E+01  1.5928E+02
     1.147300
  8.2919E+06  3.4696E+07  2.5561E+08  1.5092E+08  1.1894E-08  1.9500E-10  8.3286E+08 -8.9374E+05 -1.4470E+02  2.9252E+02
     1.155000
  1.5228E+07  6.3719E+07  4.6944E+08  2.7717E+08  4.3483E-08 -1.6217E-10  1.5295E+09 -1.6414E+06 -2.6575E+02  5.3722E+02
     1.162700
  2.7967E+07  1.1702E+08  8.6212E+08  5.0903E+08  7.8982E-08  3.2781E-10  2.8090E+09 -3.0144E+06 -4.8805E+02  9.8660E+02
     1.170400
  5.1361E+07  2.1491E+08  1.5833E+09  9.3484E+08 -7.7883E-09  3.6540E-10  5.1588E+09 -5.5359E+06 -8.9632E+02  1.8119E+03
     1.178100
  9.4324E+07  3.9468E+08  2.9077E+09  1.7168E+09 -4.0994E-08  2.5704E-09  9.4741E+09 -1.0167E+07 -1.6461E+03  3.3275E+03
     1.185800
  1.7323E+08  7.2484E+08  5.3400E+09  3.1530E+09  1.7864E-07 -2.8568E-09  1.7399E+10 -1.8671E+07 -3.0231E+03  6.1110E+03
     1.193500
  3.1813E+08  1.3312E+09  9.8070E+09  5.7904E+09  8.9617E-07 -1.0617E-08  3.1954E+10 -3.4290E+07 -5.5520E+03  1.1223E+04
     1.201200
  5.8425E+08  2.4447E+09  1.8011E+10  1.0634E+10  7.3752E-07 -1.2054E-09  5.8683E+10 -6.2973E+07 -1.0196E+04  2.0611E+04
     1.208900
  1.0730E+09  4.4897E+09  3.3077E+10  1.9530E+10 -1.9515E-06  1.9589E-08  1.0777E+11 -1.1565E+08 -1.8726E+04  3.7852E+04
     1.216600
  1.9705E+09  8.2453E+09  6.0745E+10  3.5866E+10 -2.3554E-07 -1.1171E-09  1.9792E+11 -2.1239E+08 -3.4391E+04  6.9516E+04
     1.224300
  3.6189E+09  1.5143E+10  1.1156E+11  6.5869E+10  2.6612E-06  3.9847E-08  3.6349E+11 -3.9006E+08 -6.3160E+04  1.2767E+05
     1.232000
  6.6461E+09  2.7809E+10  2.0488E+11  1.2097E+11  1.8813E-06  1.6852E-07  6.6755E+11 -7.1635E+08 -1.1599E+05  2.3446E+05
     1.239700
  1.2206E+10  5.1072E+10  3.7626E+11  2.2216E+11  1.7195E-05  1.1957E-07  1.2260E+12 -1.3156E+09 -2.1302E+05  4.3059E+05
     1.247400
  2.2416E+10  9.3794E+10  6.9101E+11  4.0800E+11  6.1720E-05  2.3968E-07  2.2515E+12 -2.4161E+09 -3.9122E+05  7.9077E+05
     1.255100
  4.1167E+10  1.7225E+11  1.2690E+12  7.4929E+11  9.2200E-05  7.6399E-07  4.1349E+12 -4.4371E+09 -7.1848E+05  1.4523E+06
     1.262800
  7.5603E+10  3.1635E+11  2.3306E+12  1.3761E+12 -8.7528E-05  1.8714E-06  7.5937E+12 -8.1488E+09 -1.3195E+06  2.6671E+06
     1.270500
  1.3884E+11  5.8097E+11  4.2801E+12  2.5272E+12 -3.8855E-04  2.4288E-06  1.3946E+13 -1.4965E+10 -2.4232E+06  4.8981E+06
     1.278200
  2.5499E+11  1.0670E+12  7.8605E+12  4.6411E+12  7.1601E-04  7.4686E-06  2.5612E+13 -2.7484E+10 -4.4502E+06  8.9954E+06
     1.285900
  4.6829E+11  1.9595E+12  1.4436E+13  8.5235E+12 -7.4618E-04 -4.7873E-06  4.7036E+13 -5.0474E+10 -8.1728E+06  1.6520E+07
     1.293600
  8.6001E+11  3.5986E+12  2.6511E+13  1.5653E+13 -8.2621E-04 -1.6359E-05  8.6381E+13 -9.2696E+10 -1.5009E+07  3.0339E+07
     1.301300
  1.5794E+12  6.6088E+12  4.8688E+13  2.8748E+13 -3.7939E-03  4.2881E-05  1.5864E+14 -1.7024E+11 -2.7565E+07  5.5718E+07
     1.309000
  2.9006E+12  1.2137E+13  8.9417E+13  5.2795E+13 -9.2687E-03 -2.4668E-05  2.9134E+14 -3.1264E+11 -5.0622E+07  1.0233E+08
     1.316700
  5.3270E+12  2.2290E+13  1.6421E+14  9.6958E+13 -2.0395E-02  1.9153E-05  5.3505E+14 -5.7417E+11 -9.2967E+07  1.8792E+08
     1.324400
  9.7830E+12  4.0935E+13  3.0158E+14  1.7806E+14 -2.0204E-02  9.1791E-05  9.8263E+14 -1.0545E+12 -1.7073E+08  3.4512E+08
     1.332100
  1.7967E+13  7.5178E+13  5.5385E+14  3.2702E+14 -5.6963E-03 -5.4521E-05  1.8046E+15 -1.9365E+12 -3.1355E+08  6.3382E+08
     1.339800
  3.2996E+13  1.3806E+14  1.0172E+15  6.0057E+14  4.6291E-02  1.4405E-03  3.3142E+15 -3.5564E+12 -5.7584E+08  1.1640E+09
     1.347500
  6.0597E+13  2.5356E+14  1.8680E+15  1.1029E+15  5.8178E-02  3.8657E-04  6.0865E+15 -6.5314E+12 -1.0575E+09  2.1377E+09
     1.355200
  1.1129E+14  4.6566E+14  3.4306E+15  2.0256E+15 -1.2154E-01 -3.1349E-03  1.1178E+16 -1.1995E+13 -1.9421E+09  3.9259E+09
     1.362900
  2.0438E+14  8.5518E+14  6.3003E+15  3.7200E+15  6.8694E-01  4.0771E-03  2.0528E+16 -2.2029E+13 -3.5668E+09  7.2099E+09
     1.370600
  3.7534E+14  1.5705E+15  1.1571E+16  6.8317E+15  9.2067E-01  8.5022E-03  3.7700E+16 -4.0456E+13 -6.5504E+09  1.3241E+10
     1.378300
  6.8932E+14  2.8843E+15  2.1249E+16  1.2546E+16 -2.5314E-01 -4.5444E-03  6.9236E+16 -7.4298E+13 -1.2030E+10  2.4317E+10
     1.386000
  1.2659E+15  5.2971E+15  3.9025E+16  2.3042E+16 -1.7497E+00  3.1103E-02  1.2715E+17 -1.3645E+14 -2.2093E+10  4.4659E+10
     1.393700
  2.3249E+15  9.7281E+15  7.1669E+16  4.2316E+16  2.9811E+00 -8.7388E-02  2.3352E+17 -2.5059E+14 -4.0574E+10  8.2016E+10
     1.401400
  4.2697E+15  1.7866E+16  1.3162E+17  7.7714E+16 -1.8813E+00  7.4472E-02  4.2885E+17 -4.6020E+14 -7.4514E+10  1.5062E+11
     1.409100
  7.8413E+15  3.2810E+16  2.4172E+17  1.4272E+17  1.9963E+01  2.1394E-01  7.8759E+17 -8.4517E+14 -1.3685E+11  2.7662E+11
     1.416800
  1.4401E+16  6.0256E+16  4.4392E+17  2.6211E+17 -2.2146E+00  5.2795E-02  1.4464E+18 -1.5522E+15 -2.5132E+11  5.0801E+11
     1.424500
  2.6447E+16  1.1066E+17  8.1527E+17  4.8136E+17  1.4275E+02 -3.6256E-02  2.6563E+18 -2.8505E+15 -4.6155E+11  9.3297E+11
     1.432200
  4.8569E+16  2.0323E+17  1.4972E+18  8.8403E+17  5.5483E+01  9.8029E-01  4.8784E+18 -5.2350E+15 -8.4764E+11  1.7134E+12
     1.439900
  8.9198E+16  3.7323E+17  2.7497E+18  1.6235E+18  1.8587E+02 -2.0396E+00  8.9592E+18 -9.6142E+15 -1.5567E+12  3.1467E+12
     1.447600
  1.6381E+17  6.8544E+17  5.0498E+18  2.9816E+18 -3.3489E+02  3.9331E-01  1.6454E+19 -1.7656E+16 -2.8589E+12  5.7789E+12
     1.455300
  3.0084E+17  1.2588E+18  9.2740E+18  5.4757E+18 -6.3153E+02 -1.8065E+00  3.0217E+19 -3.2426E+16 -5.2504E+12  1.0613E+13
     1.463000
  5.5250E+17  2.3118E+18  1.7032E+19  1.0056E+19  1.4015E+03  7.2338E+00  5.5494E+19 -5.9551E+16 -9.6423E+12  1.9491E+13
     1.470700
  1.0147E+18  4.2457E+18  3.1279E+19  1.8468E+19  1.5804E+03  3.5636E+00  1.0191E+20 -1.0937E+17 -1.7708E+13  3.5795E+13
     1.478400
  1.8634E+18  7.7972E+18  5.7444E+19  3.3917E+19  9.4184E+02  1.9444E+01  1.8717E+20 -2.0085E+17 -3.2521E+13  6.5737E+13
     1.486100
  3.4222E+18  1.4320E+19  1.0550E+20  6.2289E+19 -1.1695E+04  2.1783E+01  3.4373E+20 -3.6886E+17 -5.9725E+13  1.2073E+14
     1.493800
  6.2849E+18  2.6298E+19  1.9374E+20  1.1439E+20  1.8182E+03 -2.9313E+01  6.3127E+20 -6.7742E+17 -1.0969E+14  2.2171E+14
     1.500000
  1.0253E+19  4.2903E+19  3.1608E+20  1.8662E+20 -8.8363E+03 -5.1541E+01  1.0299E+21 -1.1052E+18 -1.7894E+14  3.6171E+14
