     0.000000
  1.1299E-01  1.0611E-34  8.5262E-09  1.0902E-02  0.0000E+00  0.0000E+00  0.0000E+00  0.0000E+00  0.0000E+00  0.0000E+00
     0.008280
  9.5178E-02  1.7702E-03  7.4500E-01  4.5964E-01 -1.1212E-17 -9.3839E-20  2.5392E+00 -7.3511E-03  2.8972E-04  2.2668E-05
     0.016560
  6.6848E-02  1.3961E-02  2.0034E+00  1.1949E+00  2.6956E-17 -1.1071E-19  2.2501E+00 -9.8859E-03  4.7688E-04  8.0146E-05
     0.024840
  5.9469E-02  5.0755E-02  2.4090E+00  1.3857E+00 -1.4494E-17  4.9197E-20  6.0133E-01 -7.7903E-03  2.0177E-04  7.8153E-05
     0.033120
  6.5820E-02  1.1344E-01  2.0958E+00  1.2067E+00  4.2715E-18  4.3866E-19  3.8678E-01 -5.5424E-03 -3.7599E-04  2.6615E-06
     0.041400
  6.3669E-02  1.8376E-01  2.0018E+00  1.2927E+00  4.8740E-18 -2.6121E-19  1.4033E+00 -6.8496E-03 -4.3931E-04 -1.0657E-05
     0.049680
  5.5772E-02  2.3890E-01  2.3031E+00  1.6580E+00 -1.5271E-17  7.1622E-19  1.8784E+00 -1.1238E-02  1.5692E-04  3.6705E-05
     0.057960
  5.9447E-02  2.7388E-01  2.5679E+00  1.9647E+00  1.9371E-17  5.3776E-19  1.9488E+00 -1.4705E-02  7.7501E-04 -8.5172E-06
     0.066240
  7.3761E-02  3.1642E-01  2.8085E+00  2.3247E+00 -2.4049E-17  6.2509E-19  2.8519E+00 -1.5724E-02  1.6727E-03 -9.7275E-05
     0.074520
  8.3632E-02  4.0876E-01  3.3689E+00  3.0320E+00 -1.6570E-16  1.0391E-18  4.2533E+00 -1.8885E-02  3.7197E-03  2.1600E-06
     0.082800
  8.9103E-02  5.5752E-01  4.1881E+00  3.9250E+00  9.5891E-18  8.4541E-19  5.1571E+00 -2.6634E-02  6.3342E-03  2.4954E-04
     0.091080
  1.0601E-01  7.2911E-01  5.0375E+00  4.7745E+00  5.4109E-17  6.1026E-19  6.2722E+00 -3.3543E-02  8.1667E-03  3.2084E-04
     0.099360
  1.4060E-01  9.2005E-01  6.1514E+00  5.9323E+00 -4.2552E-17 -2.6662E-18  8.9701E+00 -3.6907E-02  9.9832E-03  1.7231E-04
     0.107640
  1.8656E-01  1.1921E+00  7.9528E+00  7.9124E+00  2.1718E-16 -2.3601E-18  1.3028E+01 -4.3021E-02  1.4512E-02  1.8102E-04
     0.115920
  2.4665E-01  1.6093E+00  1.0535E+01  1.0727E+01 -4.7232E-16  1.5732E-18  1.7743E+01 -5.5749E-02  2.2950E-02  5.4609E-04
     0.124200
  3.3692E-01  2.1944E+00  1.3985E+01  1.4314E+01  7.1375E-17  2.1678E-18  2.4183E+01 -7.1284E-02  3.4170E-02  1.0210E-03
     0.132480
  4.7285E-01  2.9839E+00  1.8870E+01  1.9269E+01  9.8434E-16  1.4780E-17  3.4286E+01 -8.8537E-02  4.8462E-02  1.4415E-03
     0.140760
  6.7177E-01  4.0844E+00  2.5992E+01  2.6573E+01 -9.6212E-16 -4.3966E-18  4.9006E+01 -1.1265E-01  6.9863E-02  2.0467E-03
     0.149040
  9.6545E-01  5.6717E+00  3.6089E+01  3.7016E+01 -2.2481E-16 -2.3330E-17  6.9454E+01 -1.4791E-01  1.0417E-01  3.1409E-03
     0.157320
  1.3982E+00  7.9828E+00  5.0335E+01  5.1593E+01  1.7879E-15  3.8442E-17  9.8972E+01 -1.9736E-01  1.5706E-01  4.9070E-03
     0.165600
  2.0260E+00  1.1337E+01  7.0931E+01  7.2290E+01  2.8506E-15 -2.3075E-17  1.4257E+02 -2.6734E-01  2.3540E-01  7.6119E-03
     0.173880
  2.9352E+00  1.6203E+01  1.0086E+02  1.0213E+02  9.1712E-15 -1.1094E-16  2.0567E+02 -3.6827E-01  3.4999E-01  1.1673E-02
     0.182160
  4.2624E+00  2.3302E+01  1.4369E+02  1.4492E+02 -5.6346E-15  8.7880E-17  2.9574E+02 -5.1539E-01  5.1831E-01  1.7680E-02
     0.190440
  6.1997E+00  3.3690E+01  2.0460E+02  2.0583E+02 -7.0656E-15 -5.7141E-17  4.2537E+02 -7.3103E-01  7.6616E-01  2.6644E-02
     0.198720
  9.0034E+00  4.8868E+01  2.9194E+02  2.9275E+02 -9.8650E-17  6.1957E-17  6.1291E+02 -1.0455E+00  1.1268E+00  3.9988E-02
     0.207000
  1.3026E+01  7.1003E+01  4.1749E+02  4.1714E+02  3.5853E-16 -1.6713E-16  8.8209E+02 -1.5009E+00  1.6426E+00  5.9293E-02
     0.215280
  1.8770E+01  1.0325E+02  5.9673E+02  5.9455E+02  2.1166E-14  1.5289E-16  1.2649E+03 -2.1640E+00  2.3736E+00  8.6753E-02
     0.223560
  2.6949E+01  1.5010E+02  8.5109E+02  8.4623E+02 -2.3315E-14  6.9662E-16  1.8077E+03 -3.1373E+00  3.4062E+00  1.2610E-01
     0.231840
  3.8553E+01  2.1770E+02  1.2118E+03  1.2024E+03 -6.8964E-14  4.4161E-16  2.5770E+03 -4.5587E+00  4.8546E+00  1.8249E-01
     0.240120
  5.4926E+01  3.1475E+02  1.7227E+03  1.7059E+03  1.4666E-14 -7.3709E-16  3.6624E+03 -6.6068E+00  6.8649E+00  2.6188E-01
     0.248400
  7.7898E+01  4.5344E+02  2.4435E+03  2.4153E+03 -1.2807E-13 -5.9632E-16  5.1837E+03 -9.5373E+00  9.6340E+00  3.7223E-01
     0.256680
  1.0998E+02  6.5072E+02  3.4560E+03  3.4097E+03  1.5606E-13 -4.6873E-16  7.3052E+03 -1.3727E+01  1.3434E+01  5.2585E-01
     0.264960
  1.5463E+02  9.2970E+02  4.8735E+03  4.7977E+03 -1.2380E-13  4.7401E-15  1.0254E+04 -1.9687E+01  1.8624E+01  7.3964E-01
     0.273240
  2.1654E+02  1.3220E+03  6.8528E+03  6.7283E+03  7.4005E-14  1.0187E-15  1.4339E+04 -2.8086E+01  2.5668E+01  1.0345E+00
     0.281520
  3.0203E+02  1.8709E+03  9.6071E+03  9.4050E+03 -4.8258E-13  2.3040E-15  1.9972E+04 -3.9846E+01  3.5183E+01  1.4381E+00
     0.289800
  4.1963E+02  2.6355E+03  1.3427E+04  1.3101E+04 -3.6676E-13  1.9591E-15  2.7707E+04 -5.6236E+01  4.8000E+01  1.9898E+00
     0.298080
  5.8081E+02  3.6954E+03  1.8707E+04  1.8184E+04  4.7240E-13  1.3321E-15  3.8287E+04 -7.8955E+01  6.5194E+01  2.7420E+00
     0.306360
  8.0104E+02  5.1579E+03  2.5984E+04  2.5147E+04  1.3289E-12  1.9433E-14  5.2709E+04 -1.1025E+02  8.8162E+01  3.7610E+00
     0.314640
  1.1010E+03  7.1670E+03  3.5981E+04  3.4655E+04  1.2724E-12 -1.6055E-16  7.2299E+04 -1.5312E+02  1.1875E+02  5.1341E+00
     0.322920
  1.5080E+03  9.9163E+03  4.9673E+04  4.7588E+04 -1.4393E-13 -3.0857E-14  9.8813E+04 -2.1159E+02  1.5938E+02  6.9801E+00
     0.331200
  2.0585E+03  1.3664E+04  6.8368E+04  6.5121E+04 -4.8050E-12  1.7816E-14  1.3457E+05 -2.9102E+02  2.1318E+02  9.4527E+00
     0.339480
  2.8006E+03  1.8754E+04  9.3817E+04  8.8804E+04 -7.1484E-14  1.0917E-15  1.8264E+05 -3.9845E+02  2.8415E+02  1.2745E+01
     0.347760
  3.7977E+03  2.5641E+04  1.2835E+05  1.2069E+05  3.8571E-12  2.7298E-14  2.4703E+05 -5.4315E+02  3.7739E+02  1.7107E+01
     0.356040
  5.1327E+03  3.4927E+04  1.7508E+05  1.6348E+05  1.1584E-11 -4.7388E-14  3.3299E+05 -7.3739E+02  4.9949E+02  2.2859E+01
     0.364320
  6.9140E+03  4.7407E+04  2.3810E+05  2.2070E+05  1.1614E-11  4.2752E-14  4.4736E+05 -9.9725E+02  6.5872E+02  3.0406E+01
     0.372600
  9.2820E+03  6.4119E+04  3.2283E+05  2.9697E+05 -1.8288E-11 -8.7617E-14  5.9901E+05 -1.3437E+03  8.6530E+02  4.0244E+01
     0.380880
  1.2419E+04  8.6424E+04  4.3638E+05  3.9831E+05  1.2700E-12  2.1935E-13  7.9937E+05 -1.8041E+03  1.1318E+03  5.2975E+01
     0.389160
  1.6557E+04  1.1609E+05  5.8808E+05  5.3251E+05  1.5401E-11  7.8024E-14  1.0632E+06 -2.4141E+03  1.4734E+03  6.9329E+01
     0.397440
  2.1997E+04  1.5542E+05  7.9005E+05  7.0963E+05 -3.8064E-12  7.2033E-14  1.4092E+06 -3.2197E+03  1.9083E+03  9.0163E+01
     0.405720
  2.9120E+04  2.0737E+05  1.0581E+06  9.4265E+05  2.7707E-11  4.6717E-13  1.8614E+06 -4.2802E+03  2.4572E+03  1.1644E+02
     0.414000
  3.8407E+04  2.7574E+05  1.4125E+06  1.2482E+06  1.5036E-11  2.4931E-13  2.4501E+06 -5.6718E+03  3.1433E+03  1.4918E+02
     0.422280
  5.0468E+04  3.6540E+05  1.8795E+06  1.6475E+06 -1.8289E-11 -6.9432E-13  3.2137E+06 -7.4917E+03  3.9914E+03  1.8942E+02
     0.430560
  6.6066E+04  4.8252E+05  2.4928E+06  2.1676E+06 -3.4973E-11 -1.3502E-12  4.2003E+06 -9.8639E+03  5.0254E+03  2.3807E+02
     0.438840
  8.6158E+04  6.3492E+05  3.2952E+06  2.8428E+06  4.1923E-11 -9.8396E-13  5.4702E+06 -1.2945E+04  6.2658E+03  2.9563E+02
     0.447120
  1.1193E+05  8.3247E+05  4.3413E+06  3.7168E+06  2.4720E-11 -4.5898E-13  7.0983E+06 -1.6933E+04  7.7240E+03  3.6189E+02
     0.455400
  1.4487E+05  1.0875E+06  5.7001E+06  4.8443E+06 -6.8795E-11  6.1549E-13  9.1783E+06 -2.2076E+04  9.3948E+03  4.3531E+02
     0.463680
  1.8681E+05  1.4154E+06  7.4590E+06  6.2948E+06  3.4448E-10 -4.0549E-13  1.1826E+07 -2.8685E+04  1.1245E+04  5.1223E+02
     0.471960
  2.4002E+05  1.8354E+06  9.7275E+06  8.1561E+06 -1.0918E-10  2.6104E-12  1.5187E+07 -3.7148E+04  1.3195E+04  5.8557E+02
     0.480240
  3.0736E+05  2.3712E+06  1.2643E+07  1.0539E+07  1.1079E-10 -3.7713E-12  1.9441E+07 -4.7950E+04  1.5099E+04  6.4308E+02
     0.488520
  3.9240E+05  3.0523E+06  1.6380E+07  1.3585E+07 -6.0377E-10  1.0397E-12  2.4816E+07 -6.1695E+04  1.6712E+04  6.6486E+02
     0.496800
  4.9966E+05  3.9151E+06  2.1153E+07  1.7473E+07  1.0280E-10 -5.7411E-13  3.1599E+07 -7.9141E+04  1.7651E+04  6.1988E+02
     0.505080
  6.3497E+05  5.0051E+06  2.7235E+07  2.2437E+07 -9.6413E-10  6.8400E-12  4.0164E+07 -1.0125E+05  1.7342E+04  4.6119E+02
     0.513360
  8.0594E+05  6.3792E+06  3.4971E+07  2.8780E+07  1.2794E-09 -9.6492E-12  5.0998E+07 -1.2923E+05  1.4958E+04  1.1952E+02
     0.521640
  1.0228E+06  8.1097E+06  4.4796E+07  3.6904E+07  4.5534E-10 -3.8647E-12  6.4758E+07 -1.6466E+05  9.3470E+03 -5.0514E+02
     0.529920
  1.2995E+06  1.0290E+07  5.7271E+07  4.7351E+07  6.3813E-10 -1.7765E-12  8.2341E+07 -2.0962E+05 -1.0510E+03 -1.5545E+03
     0.538200
  1.6558E+06  1.3042E+07  7.3124E+07  6.0860E+07  4.3224E-11  1.3707E-11  1.0501E+08 -2.6691E+05 -1.8278E+04 -3.2264E+03
     0.546480
  2.1196E+06  1.6530E+07  9.3317E+07  7.8464E+07 -3.4244E-09 -8.4344E-12  1.3458E+08 -3.4035E+05 -4.4915E+04 -5.7919E+03
     0.554760
  2.7320E+06  2.0984E+07  1.1914E+08  1.0163E+08 -2.6262E-09  6.6749E-11  1.7371E+08 -4.3534E+05 -8.4085E+04 -9.6173E+03
     0.563040
  3.5539E+06  2.6725E+07  1.5237E+08  1.3246E+08 -1.3150E-09  1.0640E-11  2.2631E+08 -5.5965E+05 -1.3935E+05 -1.5189E+04
     0.571320
  4.6763E+06  3.4219E+07  1.9548E+08  1.7401E+08 -3.7311E-10  3.3578E-11  2.9828E+08 -7.2461E+05 -2.1440E+05 -2.3141E+04
     0.579600
  6.2365E+06  4.4155E+07  2.5198E+08  2.3081E+08  2.0897E-09  8.0107E-11  3.9848E+08 -9.4700E+05 -3.1242E+05 -3.4284E+04
     0.587880
  8.4424E+06  5.7562E+07  3.2697E+08  3.0953E+08 -3.5092E-09  1.1849E-10  5.4035E+08 -1.2519E+06 -4.3491E+05 -4.9634E+04
     0.596160
  1.1609E+07  7.5990E+07  4.2790E+08  4.2010E+08 -1.4241E-08  1.0032E-10  7.4421E+08 -1.6773E+06 -5.7954E+05 -7.0421E+04
     0.604440
  1.6214E+07  1.0180E+08  5.6576E+08  5.7735E+08 -4.4497E-09  1.7468E-10  1.0409E+09 -2.2801E+06 -7.3672E+05 -9.8083E+04
     0.612720
  2.2980E+07  1.3856E+08  7.5695E+08  8.0341E+08  1.0714E-08  5.0564E-10  1.4768E+09 -3.1469E+06 -8.8393E+05 -1.3421E+05
     0.621000
  3.2995E+07  1.9174E+08  1.0260E+09  1.1313E+09 -2.1707E-08  2.3185E-10  2.1220E+09 -4.4082E+06 -9.7682E+05 -1.8043E+05
     0.629280
  4.7894E+07  2.6962E+08  1.4096E+09  1.6102E+09  5.5734E-08 -1.7073E-09  3.0816E+09 -6.2610E+06 -9.3541E+05 -2.3810E+05
     0.637560
  7.0124E+07  3.8475E+08  1.9628E+09  2.3132E+09 -9.3702E-08 -1.0193E-09  4.5126E+09 -9.0012E+06 -6.2306E+05 -3.0790E+05
     0.645840
  1.0333E+08  5.5609E+08  2.7682E+09  3.3486E+09  8.3119E-08 -2.0412E-09  6.6485E+09 -1.3072E+07  1.8521E+05 -3.8898E+05
     0.654120
  1.5293E+08  8.1212E+08  3.9488E+09  4.8766E+09 -1.1773E-07 -1.4099E-09  9.8353E+09 -1.9135E+07  1.8498E+06 -4.7769E+05
     0.662400
  2.2689E+08  1.1955E+09  5.6884E+09  7.1327E+09  1.9379E-07  3.1453E-09  1.4583E+10 -2.8172E+07  4.9362E+06 -5.6554E+05
     0.670680
  3.3696E+08  1.7697E+09  8.2599E+09  1.0462E+10  3.5003E-07  3.5109E-09  2.1641E+10 -4.1638E+07  1.0316E+07 -6.3597E+05
     0.678960
  5.0034E+08  2.6290E+09  1.2067E+10  1.5370E+10 -1.3917E-08 -1.8872E-09  3.2103E+10 -6.1672E+07  1.9314E+07 -6.5957E+05
     0.687240
  7.4205E+08  3.9123E+09  1.7706E+10  2.2592E+10 -1.9801E-07 -3.4770E-09  4.7562E+10 -9.1413E+07  3.3920E+07 -5.8677E+05
     0.695520
  1.0984E+09  5.8239E+09  2.6050E+10  3.3193E+10 -4.6624E-08 -7.8778E-09  7.0326E+10 -1.3545E+08  5.7090E+07 -3.3714E+05
     0.703800
  1.6220E+09  8.6624E+09  3.8380E+10  4.8712E+10  3.7317E-06 -3.2514E-08  1.0372E+11 -2.0044E+08  9.3171E+07  2.1634E+05
     0.712080
  2.3884E+09  1.2863E+10  5.6560E+10  7.1367E+10  1.5556E-06 -3.3314E-09  1.5254E+11 -2.9606E+08  1.4851E+08  1.2701E+06
     0.720360
  3.5059E+09  1.9055E+10  8.3293E+10  1.0433E+11  5.5033E-06 -5.2623E-08  2.2364E+11 -4.3623E+08  2.3228E+08  3.1225E+06
     0.728640
  5.1293E+09  2.8150E+10  1.2249E+11  1.5216E+11 -5.6850E-07  1.0500E-08  3.2677E+11 -6.4101E+08  3.5768E+08  6.2207E+06
     0.736920
  7.4786E+09  4.1456E+10  1.7977E+11  2.2129E+11 -1.1826E-06  5.9520E-08  4.7581E+11 -9.3907E+08  5.4352E+08  1.1226E+07
     0.745200
  1.0866E+10  6.0847E+10  2.6320E+11  3.2092E+11 -7.0000E-06 -1.8724E-07  6.9041E+11 -1.3714E+09  8.1648E+08  1.9106E+07
     0.753480
  1.5731E+10  8.8998E+10  3.8429E+11  4.6401E+11  2.5197E-05  2.3561E-07  9.9825E+11 -1.9961E+09  1.2141E+09  3.1262E+07
     0.761760
  2.2694E+10  1.2971E+11  5.5943E+11  6.6883E+11  1.3272E-05 -2.8937E-07  1.4382E+12 -2.8958E+09  1.7890E+09  4.9707E+07
     0.770040
  3.2624E+10  1.8836E+11  8.1183E+11  9.6105E+11  6.0404E-06 -3.0076E-07  2.0648E+12 -4.1869E+09  2.6142E+09  7.7306E+07
     0.778320
  4.6733E+10  2.7254E+11  1.1743E+12  1.3766E+12 -5.0785E-05  1.2982E-07  2.9540E+12 -6.0334E+09  3.7910E+09  1.1810E+08
     0.786600
  6.6713E+10  3.9293E+11  1.6929E+12  1.9655E+12 -1.8912E-05  5.1714E-07  4.2114E+12 -8.6652E+09  5.4584E+09  1.7777E+08
     0.794880
  9.4906E+10  5.6447E+11  2.4323E+12  2.7976E+12  8.0260E-05 -1.9234E-06  5.9835E+12 -1.2404E+10  7.8063E+09  2.6420E+08
     0.803160
  1.3456E+11  8.0804E+11  3.4830E+12  3.9694E+12 -2.0240E-04 -1.2836E-06  8.4723E+12 -1.7698E+10  1.1093E+10  3.8827E+08
     0.811440
  1.9013E+11  1.1527E+12  4.9704E+12  5.6144E+12 -5.1857E-04  1.5142E-06  1.1956E+13 -2.5169E+10  1.5666E+10  5.6491E+08
     0.819720
  2.6778E+11  1.6387E+12  7.0692E+12  7.9166E+12  1.8874E-04  3.6506E-06  1.6817E+13 -3.5681E+10  2.1994E+10  8.1443E+08
     0.828000
  3.7590E+11  2.3217E+12  1.0020E+13  1.1129E+13 -7.6663E-05  2.2021E-06  2.3577E+13 -5.0425E+10  3.0697E+10  1.1642E+09
     0.836280
  5.2597E+11  3.2784E+12  1.4156E+13  1.5596E+13  3.2625E-04 -6.9634E-06  3.2947E+13 -7.1040E+10  4.2600E+10  1.6511E+09
     0.844560
  7.3363E+11  4.6142E+12  1.9932E+13  2.1791E+13  1.6062E-04  2.1839E-07  4.5894E+13 -9.9776E+10  5.8781E+10  2.3238E+09
     0.852840
  1.0201E+12  6.4732E+12  2.7972E+13  3.0356E+13 -7.7801E-04  1.0424E-05  6.3728E+13 -1.3971E+11  8.0648E+10  3.2465E+09
     0.861120
  1.4139E+12  9.0521E+12  3.9128E+13  4.2163E+13  4.9149E-04  2.3445E-05  8.8215E+13 -1.9506E+11  1.1001E+11  4.5032E+09
     0.869400
  1.9539E+12  1.2619E+13  5.4554E+13  5.8390E+13 -2.0759E-03  1.2539E-05  1.2173E+14 -2.7152E+11  1.4920E+11  6.2018E+09
     0.877680
  2.6918E+12  1.7535E+13  7.5818E+13  8.0630E+13 -2.2184E-03  3.5367E-05  1.6747E+14 -3.7686E+11  2.0113E+11  8.4802E+09
     0.885960
  3.6974E+12  2.4293E+13  1.0503E+14  1.1102E+14  8.1826E-04 -3.5771E-05  2.2970E+14 -5.2158E+11  2.6945E+11  1.1512E+10
     0.894240
  5.0635E+12  3.3554E+13  1.4504E+14  1.5243E+14  2.1112E-03 -1.3207E-05  3.1411E+14 -7.1984E+11  3.5864E+11  1.5510E+10
     0.902520
  6.9140E+12  4.6205E+13  1.9966E+14  2.0871E+14 -8.3495E-04  3.0760E-06  4.2825E+14 -9.9068E+11  4.7410E+11  2.0735E+10
     0.910800
  9.4136E+12  6.3437E+13  2.7398E+14  2.8496E+14  2.6038E-03  1.0546E-04  5.8214E+14 -1.3597E+12  6.2216E+11  2.7491E+10
     0.919080
  1.2780E+13  8.6842E+13  3.7480E+14  3.8802E+14  3.7702E-03 -7.6386E-05  7.8903E+14 -1.8611E+12  8.1004E+11  3.6127E+10
     0.927360
  1.7302E+13  1.1854E+14  5.1111E+14  5.2692E+14 -1.4141E-03  2.8803E-04  1.0664E+15 -2.5406E+12  1.0456E+12  4.7017E+10
     0.935640
  2.3358E+13  1.6134E+14  6.9484E+14  7.1364E+14 -3.4444E-02  9.9845E-05  1.4371E+15 -3.4591E+12  1.3367E+12  6.0534E+10
     0.943920
  3.1448E+13  2.1898E+14  9.4170E+14  9.6402E+14  1.4363E-02 -2.1320E-04  1.9312E+15 -4.6976E+12  1.6904E+12  7.6987E+10
     0.952200
  4.2228E+13  2.9639E+14  1.2723E+15  1.2989E+15  5.5328E-02 -1.6527E-05  2.5881E+15 -6.3635E+12  2.1112E+12  9.6525E+10
     0.960480
  5.6555E+13  4.0008E+14  1.7138E+15  1.7458E+15  4.4314E-03  9.6666E-06  3.4592E+15 -8.5992E+12  2.5981E+12  1.1897E+11
     0.968760
  7.5552E+13  5.3861E+14  2.3015E+15  2.3409E+15  9.3953E-02 -2.1959E-06  4.6115E+15 -1.1593E+13  3.1405E+12  1.4357E+11
     0.977040
  1.0069E+14  7.2322E+14  3.0814E+15  3.1315E+15 -2.0543E-01  1.5933E-03  6.1322E+15 -1.5594E+13  3.7118E+12  1.6858E+11
     0.985320
  1.3388E+14  9.6866E+14  4.1132E+15  4.1799E+15  9.7929E-02  1.6593E-03  8.1348E+15 -2.0929E+13  4.2590E+12  1.9067E+11
     0.993600
  1.7763E+14  1.2943E+15  5.4744E+15  5.5679E+15 -4.4171E-01 -2.6430E-03  1.0767E+16 -2.8032E+13  4.6894E+12  2.0404E+11
     1.001880
  2.3521E+14  1.7254E+15  7.2650E+15  7.4026E+15 -3.7791E-01 -9.9300E-05  1.4222E+16 -3.7475E+13  4.8491E+12  1.9908E+11
     1.010160
  3.1091E+14  2.2951E+15  9.6141E+15  9.8251E+15  3.7318E-01 -8.0737E-04  1.8751E+16 -5.0011E+13  4.4941E+12  1.6045E+11
     1.018440
  4.1036E+14  3.0468E+15  1.2688E+16  1.3021E+16  7.9723E-01 -7.3047E-03  2.4683E+16 -6.6636E+13  3.2489E+12  6.4373E+10
     1.026720
  5.4097E+14  4.0373E+15  1.6701E+16  1.7235E+16 -1.3280E-01  4.6691E-03  3.2451E+16 -8.8670E+13  5.4922E+11 -1.2532E+11
     1.035000
  7.1255E+14  5.3416E+15  2.1930E+16  2.2792E+16 -2.0543E-01  1.0743E-02  4.2625E+16 -1.1786E+14 -4.4373E+12 -4.6265E+11
     1.043280
  9.3815E+14  7.0580E+15  2.8731E+16  3.0124E+16  9.5191E-01  6.4298E-03  5.5965E+16 -1.5655E+14 -1.2918E+13 -1.0272E+12
     1.051560
  1.2353E+15  9.3169E+15  3.7565E+16  3.9809E+16 -9.3976E-01  2.5881E-02  7.3485E+16 -2.0784E+14 -2.6620E+13 -1.9349E+12
     1.059840
  1.6275E+15  1.2291E+16  4.9032E+16  5.2625E+16 -6.6132E-01 -1.0040E-02  9.6556E+16 -2.7592E+14 -4.7984E+13 -3.3525E+12
     1.068120
  2.1468E+15  1.6213E+16  6.3914E+16  6.9626E+16  1.2192E+00 -9.5480E-03  1.2704E+17 -3.6644E+14 -8.0411E+13 -5.5177E+12
     1.076400
  2.8374E+15  2.1394E+16  8.3242E+16  9.2251E+16  7.1797E+00  9.9467E-03  1.6751E+17 -4.8708E+14 -1.2860E+14 -8.7664E+12
     1.084680
  3.7601E+15  2.8256E+16  1.0838E+17  1.2248E+17  6.7947E-02 -1.2690E-02  2.2151E+17 -6.4833E+14 -1.9895E+14 -1.3569E+13
     1.092960
  4.9999E+15  3.7376E+16  1.4117E+17  1.6305E+17 -3.6335E+00 -4.3875E-02  2.9402E+17 -8.6463E+14 -3.0010E+14 -2.0580E+13
     1.101240
  6.6764E+15  4.9550E+16  1.8408E+17  2.1779E+17  3.3163E+00  1.3709E-02  3.9208E+17 -1.1560E+15 -4.4357E+14 -3.0700E+13
     1.109520
  8.9591E+15  6.5882E+16  2.4053E+17  2.9209E+17 -1.7642E+01 -9.0982E-02  5.2569E+17 -1.5503E+15 -6.4453E+14 -4.5165E+13
     1.117800
  1.2090E+16  8.7919E+16  3.1524E+17  3.9356E+17  1.7544E+01  1.0711E-01  7.0919E+17 -2.0867E+15 -9.2269E+14 -6.5651E+13
     1.126080
  1.6416E+16  1.1784E+17  4.1485E+17  5.3306E+17  1.8665E+01 -3.8605E-01  9.6325E+17 -2.8204E+15 -1.3033E+15 -9.4419E+13
     1.134360
  2.2439E+16  1.5875E+17  5.4879E+17  7.2609E+17 -5.7713E+01  1.0576E-01  1.3178E+18 -3.8299E+15 -1.8180E+15 -1.3449E+14
     1.142640
  3.0881E+16  2.1508E+17  7.3055E+17  9.9496E+17 -9.4051E+01  8.8681E-02  1.8163E+18 -5.2269E+15 -2.5061E+15 -1.8989E+14
     1.150920
  4.2794E+16  2.9317E+17  9.7964E+17  1.3718E+18  2.2653E+01  2.7119E-01  2.5221E+18 -7.1714E+15 -3.4145E+15 -2.6590E+14
     1.159200
  5.9705E+16  4.0221E+17  1.3244E+18  1.9030E+18 -1.7596E+02  1.4876E+00  3.5276E+18 -9.8931E+15 -4.5979E+15 -3.6941E+14
     1.167480
  8.3834E+16  5.5546E+17  1.8063E+18  2.6559E+18 -1.6426E+02  1.3715E-01  4.9675E+18 -1.3723E+16 -6.1164E+15 -5.0934E+14
     1.175760
  1.1841E+17  7.7214E+17  2.4860E+18  3.7277E+18  1.6424E+02  4.4481E-01  7.0386E+18 -1.9136E+16 -8.0321E+15 -6.9709E+14
     1.184040
  1.6814E+17  1.0802E+18  3.4529E+18  5.2594E+18 -1.3341E+01 -1.1321E+00  1.0028E+19 -2.6822E+16 -1.0400E+16 -9.4708E+14
     1.192320
  2.3986E+17  1.5201E+18  4.8382E+18  7.4556E+18  9.3213E+01 -3.6227E+00  1.4353E+19 -3.7774E+16 -1.3253E+16 -1.2773E+15
     1.200600
  3.4347E+17  2.1509E+18  6.8351E+18  1.0612E+19 -1.0708E+03  7.3538E+00  2.0621E+19 -5.3426E+16 -1.6578E+16 -1.7098E+15
     1.208880
  4.9336E+17  3.0582E+18  9.7276E+18  1.5157E+19 -7.7977E+02 -3.8348E-01  2.9716E+19 -7.5851E+16 -2.0274E+16 -2.2712E+15
     1.217160
  7.1031E+17  4.3662E+18  1.3933E+19  2.1708E+19  3.2756E+02  3.0799E-01  4.2914E+19 -1.0804E+17 -2.4093E+16 -2.9927E+15
     1.225440
  1.0243E+18  6.2548E+18  2.0062E+19  3.1158E+19  8.7465E+02 -5.2991E+00  6.2065E+19 -1.5429E+17 -2.7540E+16 -3.9103E+15
     1.233720
  1.4787E+18  8.9847E+18  2.9009E+19  4.4790E+19 -2.8384E+01  1.6771E+01  8.9832E+19 -2.2081E+17 -2.9734E+16 -5.0628E+15
     1.242000
  2.1355E+18  1.2932E+19  4.2077E+19  6.4448E+19  2.3374E+03 -1.6765E+01  1.3005E+20 -3.1651E+17 -2.9193E+16 -6.4904E+15
     1.250280
  3.0838E+18  1.8639E+19  6.1165E+19  9.2776E+19  2.8661E+03  1.7397E+01  1.8821E+20 -4.5417E+17 -2.3529E+16 -8.2297E+15
     1.258560
  4.4511E+18  2.6886E+19  8.9025E+19  1.3356E+20 -7.1839E+03 -4.9571E+01  2.7218E+20 -6.5209E+17 -8.9994E+15 -1.0306E+16
     1.266840
  6.4191E+18  3.8793E+19  1.2964E+20  1.9219E+20  6.2539E+03  4.1745E+00  3.9320E+20 -9.3642E+17  2.0126E+16 -1.2724E+16
     1.275120
  9.2464E+18  5.5962E+19  1.8875E+20  2.7637E+20 -1.7323E+04 -1.0939E+02  5.6722E+20 -1.3445E+18  7.2457E+16 -1.5444E+16
     1.283400
  1.3300E+19  8.0683E+19  2.7462E+20  3.9700E+20  7.8213E+02 -1.8978E+02  8.1694E+20 -1.9293E+18  1.6074E+17 -1.8362E+16
     1.291680
  1.9099E+19  1.1622E+20  3.9909E+20  5.6958E+20 -1.0241E+04 -1.4872E+02  1.1744E+21 -2.7664E+18  3.0358E+17 -2.1264E+16
     1.299960
  2.7378E+19  1.6720E+20  5.7907E+20  8.1599E+20 -9.1662E+03  5.0477E+02  1.6850E+21 -3.9624E+18  5.2784E+17 -2.3774E+16
     1.308240
  3.9169E+19  2.4021E+20  8.3867E+20  1.1671E+21 -4.2047E+03  1.3026E+02  2.4126E+21 -5.6686E+18  8.7184E+17 -2.5275E+16
     1.316520
  5.5924E+19  3.4454E+20  1.2121E+21  1.6663E+21 -2.6631E+04 -5.3432E+02  3.4466E+21 -8.0978E+18  1.3897E+18 -2.4799E+16
     1.324800
  7.9676E+19  4.9331E+20  1.7480E+21  2.3747E+21  5.4945E+04  4.3059E+02  4.9128E+21 -1.1550E+19  2.1573E+18 -2.0889E+16
     1.333080
  1.1327E+20  7.0496E+20  2.5146E+21  3.3776E+21 -1.2512E+04 -5.2413E+01  6.9864E+21 -1.6447E+19  3.2796E+18 -1.1406E+16
     1.341360
  1.6066E+20  1.0054E+21  3.6085E+21  4.7943E+21 -2.9134E+05 -2.5917E+03  9.9120E+21 -2.3378E+19  4.9009E+18  6.7073E+15
     1.349640
  2.2738E+20  1.4310E+21  5.1650E+21  6.7912E+21 -2.5959E+05 -1.3304E+03  1.4029E+22 -3.3170E+19  7.2175E+18  3.7727E+16
     1.357920
  3.2106E+20  2.0323E+21  7.3735E+21  9.5998E+21 -3.8315E+05  2.8212E+03  1.9810E+22 -4.6974E+19  1.0494E+19  8.7501E+16
     1.366200
  4.5231E+20  2.8801E+21  1.0499E+22  1.3541E+22  5.8973E+05 -1.7130E+03  2.7907E+22 -6.6395E+19  1.5083E+19  1.6385E+17
     1.374480
  6.3577E+20  4.0725E+21  1.4908E+22  1.9060E+22  1.9169E+04  3.9658E+03  3.9220E+22 -9.3662E+19  2.1451E+19  2.7697E+17
     1.382760
  8.9161E+20  5.7461E+21  2.1114E+22  2.6772E+22  1.3105E+06 -1.6500E+04  5.4990E+22 -1.3187E+20  3.0203E+19  4.3979E+17
     1.391040
  1.2476E+21  8.0895E+21  2.9822E+22  3.7524E+22 -4.8449E+05 -4.4099E+02  7.6922E+22 -1.8529E+20  4.2122E+19  6.6813E+17
     1.399320
  1.7418E+21  1.1364E+22  4.2012E+22  5.2483E+22 -4.3735E+05  3.1152E+03  1.0736E+23 -2.5985E+20  5.8196E+19  9.8042E+17
     1.407600
  2.4264E+21  1.5928E+22  5.9028E+22  7.3253E+22  1.4563E+05  2.5655E+04  1.4949E+23 -3.6369E+20  7.9656E+19  1.3966E+18
     1.415880
  3.3729E+21  2.2277E+22  8.2721E+22  1.0203E+23 -6.0626E+06  2.3925E+04  2.0770E+23 -5.0803E+20  1.0799E+20  1.9357E+18
     1.424160
  4.6784E+21  3.1090E+22  1.1562E+23  1.4183E+23  3.7089E+06  6.4390E+04  2.8794E+23 -7.0831E+20  1.4497E+20  2.6107E+18
     1.432440
  6.4758E+21  4.3297E+22  1.6120E+23  1.9676E+23 -1.6031E+06 -1.7530E+04  3.9833E+23 -9.8566E+20  1.9258E+20  3.4197E+18
     1.440720
  8.9453E+21  6.0173E+22  2.2419E+23  2.7243E+23  6.1523E+06 -5.0782E+04  5.4989E+23 -1.3691E+21  2.5293E+20  4.3306E+18
     1.449000
  1.2332E+22  8.3456E+22  3.1101E+23  3.7649E+23  1.3158E+07  3.4458E+05  7.5757E+23 -1.8982E+21  3.2802E+20  5.2558E+18
     1.457280
  1.6968E+22  1.1552E+23  4.3041E+23  5.1933E+23  1.3848E+07  1.9862E+05  1.0416E+24 -2.6272E+21  4.1934E+20  6.0112E+18
     1.465560
  2.3302E+22  1.5958E+23  5.9424E+23  7.1509E+23 -1.0859E+07 -9.9973E+04  1.4294E+24 -3.6298E+21  5.2708E+20  6.2523E+18
     1.473840
  3.1945E+22  2.2004E+23  8.1849E+23  9.8294E+23  8.8057E+06 -1.0098E+05  1.9581E+24 -5.0068E+21  6.4903E+20  5.3744E+18
     1.482120
  4.3716E+22  3.0285E+23  1.1248E+24  1.3489E+24 -3.3719E+07 -8.4669E+05  2.6775E+24 -6.8952E+21  7.7859E+20  2.3603E+18
     1.490400
  5.9726E+22  4.1608E+23  1.5423E+24  1.8482E+24 -5.4975E+07  2.7533E+05  3.6551E+24 -9.4812E+21  9.0183E+20 -4.4501E+18
     1.498680
  8.1474E+22  5.7069E+23  2.1102E+24  2.5285E+24 -3.3971E+07  2.2363E+06  4.9818E+24 -1.3018E+22  9.9298E+20 -1.7705E+19
     1.500000
  8.5597E+22  6.0008E+23  2.2180E+24  2.6577E+24 -7.0839E+07 -4.6408E+05  5.2332E+24 -1.3691E+22  1.0019E+21 -2.0662E+19
