     0.000000
  7.0904E-04  5.7226E-36  4.6934E-11  1.1600E-03  0.0000E+00  0.0000E+00  0.0000E+00  0.0000E+00  0.0000E+00  0.0000E+00
     0.003380
  5.6166E-04  8.6211E-06  8.0279E-04  1.1015E-03 -9.4976E-20 -2.6179E-21  1.0725E-02 -5.9524E-06  1.4223E-06  1.8044E-08
     0.006760
  5.3546E-04  4.4679E-05  2.0759E-03  1.2336E-03 -6.5002E-19 -2.1020E-21  1.9941E-02 -1.2733E-05 -1.7915E-06  8.1888E-08
     0.010140
  6.1246E-04  1.0755E-04  3.4596E-03  1.5295E-03 -1.0952E-18 -4.1773E-22  3.0725E-02 -2.4985E-05 -1.6848E-05  1.6728E-07
     0.013520
  7.4465E-04  2.2201E-04  4.7914E-03  2.0254E-03 -2.8061E-18  3.4784E-22  4.5039E-02 -4.2303E-05 -4.8448E-05  2.2549E-07
     0.016900
  9.2813E-04  4.1283E-04  5.8549E-03  2.8303E-03  5.5438E-18  5.8326E-22  6.3370E-02 -6.8178E-05 -9.0445E-05  1.1461E-07
     0.020280
  1.1831E-03  6.4635E-04  6.8531E-03  4.0168E-03  5.7333E-18  2.9226E-21  8.8191E-02 -1.1385E-04 -1.1334E-04 -2.2808E-07
     0.023660
  1.5106E-03  8.8379E-04  8.2734E-03  5.5862E-03 -1.8856E-18 -1.7308E-20  1.1885E-01 -1.8174E-04 -9.6186E-05 -5.5053E-07
     0.027040
  1.8773E-03  1.1243E-03  1.0065E-02  7.4163E-03  1.5621E-18 -5.9330E-21  1.4815E-01 -2.5698E-04 -7.4140E-05 -5.0858E-07
     0.030420
  2.2531E-03  1.3917E-03  1.1836E-02  9.2024E-03  5.9430E-18  2.5448E-21  1.7080E-01 -3.2115E-04 -1.1697E-04 -2.0863E-07
     0.033800
  2.6119E-03  1.7303E-03  1.3448E-02  1.0651E-02  1.3293E-17 -3.8235E-21  1.8814E-01 -3.6633E-04 -2.2637E-04 -2.1375E-07
     0.037180
  2.9533E-03  2.1528E-03  1.4822E-02  1.1762E-02 -2.0057E-17  1.9052E-20  2.0405E-01 -3.9623E-04 -3.0080E-04 -8.4445E-07
     0.040560
  3.2758E-03  2.5744E-03  1.5828E-02  1.2819E-02  1.7017E-17 -1.7995E-20  2.2187E-01 -4.2407E-04 -2.5264E-04 -1.7281E-06
     0.043940
  3.5849E-03  2.8721E-03  1.6669E-02  1.4088E-02  2.8453E-17 -2.9556E-21  2.4376E-01 -4.6631E-04 -1.2467E-04 -2.1848E-06
     0.047320
  3.9025E-03  3.0175E-03  1.7797E-02  1.5599E-02  2.6724E-19 -2.1320E-20  2.6926E-01 -5.2962E-04 -5.0684E-05 -1.9577E-06
     0.050700
  4.2198E-03  3.1346E-03  1.9560E-02  1.7191E-02 -4.3423E-18 -1.1333E-20  2.9536E-01 -6.0147E-04 -1.0941E-04 -1.4226E-06
     0.054080
  4.5341E-03  3.3423E-03  2.1643E-02  1.8678E-02  4.0664E-17 -1.0642E-20  3.1810E-01 -6.5841E-04 -2.4735E-04 -1.2074E-06
     0.057460
  4.8455E-03  3.6940E-03  2.3545E-02  1.9966E-02  4.7792E-17  1.4603E-21  3.3468E-01 -6.9318E-04 -3.7446E-04 -1.6708E-06
     0.060840
  5.1725E-03  4.1003E-03  2.4919E-02  2.1144E-02 -5.1411E-17 -4.3018E-20  3.5183E-01 -7.1372E-04 -3.6678E-04 -2.4344E-06
     0.064220
  5.5182E-03  4.4799E-03  2.6088E-02  2.2344E-02  3.6424E-17  7.6190E-21  3.7226E-01 -7.4970E-04 -2.9804E-04 -3.0607E-06
     0.067600
  5.9053E-03  4.7070E-03  2.7437E-02  2.3837E-02 -2.4100E-17  6.2467E-22  4.0247E-01 -8.0836E-04 -2.2049E-04 -3.1454E-06
     0.070980
  6.2870E-03  4.9443E-03  2.9518E-02  2.5578E-02 -3.1812E-17 -2.7034E-20  4.3731E-01 -8.9208E-04 -2.2196E-04 -2.8037E-06
     0.074360
  6.7068E-03  5.1608E-03  3.1919E-02  2.7602E-02 -7.2376E-17  1.0507E-20  4.7064E-01 -9.7007E-04 -3.4066E-04 -2.5777E-06
     0.077740
  7.1251E-03  5.5179E-03  3.4504E-02  2.9605E-02  8.5836E-19  3.1330E-20  5.0181E-01 -1.0318E-03 -4.3690E-04 -2.6936E-06
     0.081120
  7.5516E-03  6.0046E-03  3.6820E-02  3.1509E-02 -1.0443E-16  1.4513E-20  5.2743E-01 -1.0818E-03 -4.9717E-04 -3.2193E-06
     0.084500
  8.0335E-03  6.4870E-03  3.8908E-02  3.3359E-02  1.9217E-17 -2.7140E-20  5.5723E-01 -1.1298E-03 -5.1390E-04 -3.9586E-06
     0.087880
  8.5467E-03  6.9565E-03  4.1166E-02  3.5371E-02 -1.0586E-17 -3.3806E-20  5.9603E-01 -1.2020E-03 -4.2996E-04 -4.3562E-06
     0.091260
  9.1003E-03  7.3851E-03  4.3822E-02  3.7771E-02  6.9426E-18 -1.6833E-20  6.4184E-01 -1.3024E-03 -4.1158E-04 -4.4160E-06
     0.094640
  9.7084E-03  7.7994E-03  4.7025E-02  4.0520E-02 -6.0885E-17  3.4327E-21  6.9111E-01 -1.4131E-03 -4.9401E-04 -4.3732E-06
     0.098020
  1.0355E-02  8.2656E-03  5.0550E-02  4.3511E-02 -2.3453E-20  3.1450E-20  7.3944E-01 -1.5144E-03 -5.7077E-04 -4.3890E-06
     0.101400
  1.1028E-02  8.8480E-03  5.4176E-02  4.6544E-02 -6.8675E-17  1.5664E-20  7.8554E-01 -1.6081E-03 -6.5378E-04 -4.7277E-06
     0.104780
  1.1743E-02  9.5515E-03  5.7784E-02  4.9471E-02 -4.9931E-17  4.4632E-20  8.3195E-01 -1.6995E-03 -7.3265E-04 -5.3927E-06
     0.108160
  1.2526E-02  1.0293E-02  6.1425E-02  5.2482E-02 -3.5905E-17  1.1776E-20  8.8400E-01 -1.7983E-03 -7.2846E-04 -6.0581E-06
     0.111540
  1.3384E-02  1.0982E-02  6.5314E-02  5.5902E-02 -9.5369E-17  1.1258E-20  9.4923E-01 -1.9191E-03 -7.0901E-04 -6.5551E-06
     0.114920
  1.4298E-02  1.1667E-02  6.9819E-02  5.9851E-02 -1.0258E-16 -1.3446E-19  1.0208E+00 -2.0701E-03 -7.1907E-04 -6.7586E-06
     0.118300
  1.5259E-02  1.2424E-02  7.4858E-02  6.4206E-02  1.4297E-16  1.0944E-20  1.0954E+00 -2.2326E-03 -8.2311E-04 -6.9280E-06
     0.121680
  1.6283E-02  1.3258E-02  8.0178E-02  6.8800E-02  4.6576E-17  1.8788E-20  1.1668E+00 -2.3884E-03 -9.2137E-04 -7.2073E-06
     0.125060
  1.7382E-02  1.4167E-02  8.5638E-02  7.3499E-02  3.7337E-17 -7.0632E-20  1.2424E+00 -2.5337E-03 -1.0317E-03 -7.8412E-06
     0.128440
  1.8542E-02  1.5219E-02  9.1440E-02  7.8252E-02  9.4925E-17 -2.2641E-19  1.3223E+00 -2.6917E-03 -1.0872E-03 -8.6538E-06
     0.131820
  1.9789E-02  1.6335E-02  9.7482E-02  8.3288E-02 -5.1683E-17  4.3949E-20  1.4109E+00 -2.8674E-03 -1.1190E-03 -9.4393E-06
     0.135200
  2.1128E-02  1.7469E-02  1.0392E-01  8.8846E-02 -3.9014E-17  9.7583E-20  1.5100E+00 -3.0674E-03 -1.1621E-03 -1.0100E-05
     0.138580
  2.2577E-02  1.8581E-02  1.1095E-01  9.5081E-02 -1.4770E-16 -4.2639E-20  1.6182E+00 -3.2876E-03 -1.1965E-03 -1.0539E-05
     0.141960
  2.4129E-02  1.9750E-02  1.1871E-01  1.0188E-01 -1.4080E-16 -6.1381E-20  1.7348E+00 -3.5260E-03 -1.3438E-03 -1.1075E-05
     0.145340
  2.5760E-02  2.1112E-02  1.2723E-01  1.0903E-01 -1.8079E-16  4.5976E-20  1.8528E+00 -3.7759E-03 -1.4723E-03 -1.1756E-05
     0.148720
  2.7500E-02  2.2627E-02  1.3602E-01  1.1643E-01 -1.1855E-16 -1.2387E-19  1.9717E+00 -4.0262E-03 -1.5876E-03 -1.2577E-05
     0.152100
  2.9366E-02  2.4242E-02  1.4496E-01  1.2413E-01  1.6466E-16 -4.2708E-20  2.1018E+00 -4.2798E-03 -1.7201E-03 -1.3727E-05
     0.155480
  3.1354E-02  2.5954E-02  1.5459E-01  1.3233E-01  2.7843E-16 -5.0959E-20  2.2443E+00 -4.5613E-03 -1.7642E-03 -1.4882E-05
     0.158860
  3.3503E-02  2.7683E-02  1.6496E-01  1.4127E-01  7.6039E-17  1.7561E-19  2.4013E+00 -4.8774E-03 -1.8294E-03 -1.5796E-05
     0.162240
  3.5807E-02  2.9476E-02  1.7640E-01  1.5112E-01 -2.4012E-16 -2.2120E-19  2.5738E+00 -5.2241E-03 -1.9983E-03 -1.6826E-05
     0.165620
  3.8249E-02  3.1457E-02  1.8896E-01  1.6175E-01 -1.3787E-17  2.5491E-19  2.7539E+00 -5.5983E-03 -2.1062E-03 -1.7642E-05
     0.169000
  4.0852E-02  3.3628E-02  2.0196E-01  1.7298E-01  2.5838E-16 -7.5935E-20  2.9362E+00 -5.9876E-03 -2.2940E-03 -1.8606E-05
     0.172380
  4.3645E-02  3.5958E-02  2.1546E-01  1.8470E-01 -1.6534E-16  1.8976E-20  3.1319E+00 -6.3798E-03 -2.5364E-03 -2.0119E-05
     0.175760
  4.6611E-02  3.8489E-02  2.3001E-01  1.9709E-01  1.8827E-16 -1.0951E-19  3.3452E+00 -6.8002E-03 -2.7044E-03 -2.1927E-05
     0.179140
  4.9775E-02  4.1181E-02  2.4563E-01  2.1034E-01 -2.7068E-16 -3.6770E-19  3.5726E+00 -7.2620E-03 -2.7854E-03 -2.3553E-05
     0.182520
  5.3186E-02  4.3930E-02  2.6229E-01  2.2471E-01  1.7686E-16  3.8799E-19  3.8189E+00 -7.7596E-03 -2.9334E-03 -2.5036E-05
     0.185900
  5.6841E-02  4.6816E-02  2.8032E-01  2.4026E-01  1.8369E-16  8.3493E-20  4.0877E+00 -8.2975E-03 -3.1558E-03 -2.6525E-05
     0.189280
  6.0709E-02  5.0041E-02  2.9997E-01  2.5688E-01 -2.2677E-16 -2.4849E-19  4.3700E+00 -8.8867E-03 -3.3992E-03 -2.8099E-05
     0.192660
  6.4867E-02  5.3457E-02  3.2050E-01  2.7458E-01 -8.8484E-17 -1.7310E-19  4.6635E+00 -9.4962E-03 -3.6455E-03 -2.9847E-05
     0.196040
  6.9305E-02  5.7136E-02  3.4230E-01  2.9336E-01 -2.5765E-17 -3.8435E-19  4.9824E+00 -1.0128E-02 -3.9799E-03 -3.2151E-05
     0.199420
  7.4054E-02  6.1088E-02  3.6576E-01  3.1330E-01 -4.5344E-16 -6.8554E-19  5.3221E+00 -1.0813E-02 -4.2806E-03 -3.4831E-05
     0.202800
  7.9105E-02  6.5351E-02  3.9078E-01  3.3457E-01 -2.5022E-16 -3.5429E-19  5.6865E+00 -1.1552E-02 -4.4418E-03 -3.7276E-05
     0.206180
  8.4508E-02  6.9833E-02  4.1724E-01  3.5738E-01 -3.2413E-16  7.4717E-20  6.0714E+00 -1.2344E-02 -4.6599E-03 -3.9455E-05
     0.209560
  9.0351E-02  7.4408E-02  4.4528E-01  3.8197E-01  1.1492E-15  2.5389E-19  6.4921E+00 -1.3180E-02 -5.0632E-03 -4.1894E-05
     0.212940
  9.6529E-02  7.9480E-02  4.7612E-01  4.0834E-01  3.3813E-16 -4.3533E-19  6.9480E+00 -1.4104E-02 -5.4977E-03 -4.4804E-05
     0.216320
  1.0311E-01  8.5037E-02  5.0919E-01  4.3643E-01  3.4480E-16  6.3152E-19  7.4173E+00 -1.5088E-02 -5.8570E-03 -4.7949E-05
     0.219700
  1.1018E-01  9.0843E-02  5.4371E-01  4.6638E-01 -8.1490E-16  4.2205E-20  7.9182E+00 -1.6093E-02 -6.2409E-03 -5.1355E-05
     0.223080
  1.1773E-01  9.7051E-02  5.8092E-01  4.9812E-01  7.0729E-16  4.5336E-19  8.4629E+00 -1.7183E-02 -6.6732E-03 -5.5118E-05
     0.226460
  1.2578E-01  1.0376E-01  6.2091E-01  5.3202E-01  3.3540E-17 -6.1760E-19  9.0412E+00 -1.8359E-02 -7.1000E-03 -5.8985E-05
     0.229840
  1.3439E-01  1.1084E-01  6.6322E-01  5.6836E-01  4.6111E-16  6.8180E-19  9.6610E+00 -1.9615E-02 -7.5074E-03 -6.2725E-05
     0.233220
  1.4357E-01  1.1843E-01  7.0841E-01  6.0732E-01 -1.7552E-16 -9.5692E-19  1.0323E+01 -2.0966E-02 -7.9874E-03 -6.6338E-05
     0.236600
  1.5344E-01  1.2639E-01  7.5644E-01  6.4909E-01 -6.4827E-17 -9.9418E-19  1.1029E+01 -2.2402E-02 -8.6762E-03 -7.0692E-05
     0.239980
  1.6397E-01  1.3496E-01  8.0845E-01  6.9371E-01  8.6817E-16  1.5282E-19  1.1794E+01 -2.3938E-02 -9.3834E-03 -7.6019E-05
     0.243360
  1.7514E-01  1.4442E-01  8.6414E-01  7.4115E-01  1.2134E-15  6.0617E-19  1.2592E+01 -2.5578E-02 -9.9875E-03 -8.1650E-05
     0.246740
  1.8714E-01  1.5437E-01  9.2256E-01  7.9156E-01 -2.6765E-16  4.3393E-19  1.3441E+01 -2.7305E-02 -1.0601E-02 -8.7463E-05
     0.250120
  1.9997E-01  1.6481E-01  9.8509E-01  8.4553E-01 -1.0805E-15  5.4604E-19  1.4367E+01 -2.9140E-02 -1.1285E-02 -9.3598E-05
     0.253500
  2.1365E-01  1.7606E-01  1.0527E+00  9.0335E-01 -1.4640E-15 -1.0462E-18  1.5357E+01 -3.1139E-02 -1.2014E-02 -9.9891E-05
     0.256880
  2.2828E-01  1.8808E-01  1.1249E+00  9.6537E-01  3.6459E-16 -1.1986E-18  1.6410E+01 -3.3287E-02 -1.2808E-02 -1.0635E-04
     0.260260
  2.4395E-01  2.0088E-01  1.2020E+00  1.0317E+00 -6.5533E-16 -1.5433E-18  1.7537E+01 -3.5574E-02 -1.3732E-02 -1.1341E-04
     0.263640
  2.6067E-01  2.1463E-01  1.2845E+00  1.1027E+00 -1.3924E-15  1.9874E-18  1.8741E+01 -3.8011E-02 -1.4701E-02 -1.2114E-04
     0.267020
  2.7853E-01  2.2938E-01  1.3727E+00  1.1783E+00 -2.7577E-15  1.6955E-18  2.0021E+01 -4.0611E-02 -1.5716E-02 -1.2948E-04
     0.270400
  2.9765E-01  2.4510E-01  1.4667E+00  1.2589E+00  1.0655E-15 -1.6822E-18  2.1391E+01 -4.3377E-02 -1.6806E-02 -1.3850E-04
     0.273780
  3.1807E-01  2.6193E-01  1.5671E+00  1.3450E+00 -4.4004E-16  9.0729E-19  2.2859E+01 -4.6336E-02 -1.7950E-02 -1.4800E-04
     0.277160
  3.3987E-01  2.7991E-01  1.6742E+00  1.4371E+00 -1.7422E-15  2.0068E-18  2.4424E+01 -4.9514E-02 -1.9157E-02 -1.5784E-04
     0.280540
  3.6320E-01  2.9905E-01  1.7883E+00  1.5355E+00  1.3335E-15 -9.0384E-19  2.6096E+01 -5.2906E-02 -2.0493E-02 -1.6833E-04
     0.283920
  3.8816E-01  3.1939E-01  1.9101E+00  1.6409E+00 -5.9282E-16 -1.1983E-18  2.7887E+01 -5.6512E-02 -2.1998E-02 -1.7999E-04
     0.287300
  4.1478E-01  3.4127E-01  2.0406E+00  1.7535E+00  1.5796E-15  3.5171E-18  2.9800E+01 -6.0372E-02 -2.3550E-02 -1.9272E-04
     0.290680
  4.4323E-01  3.6467E-01  2.1800E+00  1.8736E+00  1.4087E-15  1.0550E-18  3.1835E+01 -6.4503E-02 -2.5128E-02 -2.0640E-04
     0.294060
  4.7361E-01  3.8967E-01  2.3288E+00  2.0018E+00 -7.5263E-15 -1.4243E-18  3.4014E+01 -6.8888E-02 -2.6746E-02 -2.2080E-04
     0.297440
  5.0608E-01  4.1637E-01  2.4879E+00  2.1389E+00  1.7534E-15  1.0278E-18  3.6343E+01 -7.3574E-02 -2.8489E-02 -2.3588E-04
     0.300820
  5.4083E-01  4.4475E-01  2.6581E+00  2.2855E+00  3.3244E-15 -1.2047E-18  3.8838E+01 -7.8608E-02 -3.0368E-02 -2.5165E-04
     0.304200
  5.7795E-01  4.7509E-01  2.8408E+00  2.4424E+00  3.2000E-15  8.7726E-19  4.1516E+01 -8.4007E-02 -3.2421E-02 -2.6830E-04
     0.307580
  6.1761E-01  5.0763E-01  3.0365E+00  2.6104E+00  3.4886E-15  7.0760E-19  4.4367E+01 -8.9783E-02 -3.4717E-02 -2.8609E-04
     0.310960
  6.6002E-01  5.4245E-01  3.2449E+00  2.7896E+00  2.9668E-15 -1.7080E-18  4.7410E+01 -9.5938E-02 -3.7224E-02 -3.0543E-04
     0.314340
  7.0532E-01  5.7976E-01  3.4669E+00  2.9808E+00 -6.1110E-15 -5.2685E-18  5.0651E+01 -1.0249E-01 -3.9875E-02 -3.2647E-04
     0.317720
  7.5374E-01  6.1955E-01  3.7030E+00  3.1849E+00 -3.7487E-15 -1.1054E-18  5.4113E+01 -1.0947E-01 -4.2639E-02 -3.4918E-04
     0.321100
  8.0551E-01  6.6195E-01  3.9551E+00  3.4029E+00 -1.7577E-15  6.3657E-19  5.7820E+01 -1.1692E-01 -4.5548E-02 -3.7340E-04
     0.324480
  8.6085E-01  7.0721E-01  4.2246E+00  3.6360E+00 -4.9369E-16  3.5589E-18  6.1785E+01 -1.2490E-01 -4.8687E-02 -3.9923E-04
     0.327860
  9.2000E-01  7.5553E-01  4.5128E+00  3.8855E+00 -4.2111E-15 -9.6024E-18  6.6028E+01 -1.3343E-01 -5.2032E-02 -4.2690E-04
     0.331240
  9.8322E-01  8.0720E-01  4.8212E+00  4.1523E+00 -9.2949E-16 -4.2528E-18  7.0561E+01 -1.4256E-01 -5.5553E-02 -4.5645E-04
     0.334620
  1.0508E+00  8.6241E-01  5.1514E+00  4.4376E+00  8.6466E-16  1.2812E-17  7.5407E+01 -1.5230E-01 -5.9289E-02 -4.8807E-04
     0.338000
  1.1229E+00  9.2150E-01  5.5051E+00  4.7424E+00  1.0857E-14 -1.5504E-18  8.0587E+01 -1.6271E-01 -6.3224E-02 -5.2153E-04
     0.341380
  1.2001E+00  9.8464E-01  5.8831E+00  5.0680E+00  1.4627E-14 -7.1244E-18  8.6118E+01 -1.7384E-01 -6.7397E-02 -5.5665E-04
     0.344760
  1.2826E+00  1.0521E+00  6.2871E+00  5.4161E+00  9.3661E-15  2.6563E-18  9.2039E+01 -1.8574E-01 -7.1977E-02 -5.9388E-04
     0.348140
  1.3709E+00  1.1243E+00  6.7188E+00  5.7883E+00 -2.9266E-15 -3.1458E-18  9.8368E+01 -1.9847E-01 -7.6952E-02 -6.3349E-04
     0.351520
  1.4652E+00  1.2014E+00  7.1797E+00  6.1861E+00 -1.5011E-14  3.1451E-19  1.0513E+02 -2.1209E-01 -8.2384E-02 -6.7591E-04
     0.354900
  1.5660E+00  1.2839E+00  7.6712E+00  6.6112E+00  1.2324E-14  1.1964E-17  1.1234E+02 -2.2661E-01 -8.8330E-02 -7.2198E-04
     0.358280
  1.6738E+00  1.3720E+00  8.1947E+00  7.0651E+00  3.1027E-15 -5.6352E-18  1.2004E+02 -2.4208E-01 -9.4618E-02 -7.7194E-04
     0.361660
  1.7889E+00  1.4661E+00  8.7530E+00  7.5498E+00 -8.2579E-16  1.1237E-17  1.2827E+02 -2.5858E-01 -1.0128E-01 -8.2614E-04
     0.365040
  1.9121E+00  1.5665E+00  9.3488E+00  8.0677E+00  8.2856E-15  1.9525E-18  1.3707E+02 -2.7619E-01 -1.0821E-01 -8.8427E-04
     0.368420
  2.0437E+00  1.6737E+00  9.9863E+00  8.6215E+00  6.1104E-15 -8.0514E-18  1.4648E+02 -2.9502E-01 -1.1547E-01 -9.4605E-04
     0.371800
  2.1844E+00  1.7882E+00  1.0669E+01  9.2140E+00 -1.6337E-14 -3.2797E-18  1.5656E+02 -3.1517E-01 -1.2315E-01 -1.0114E-03
     0.375180
  2.3348E+00  1.9105E+00  1.1400E+01  9.8480E+00  9.0243E-16  3.2801E-18  1.6733E+02 -3.3673E-01 -1.3132E-01 -1.0805E-03
     0.378560
  2.4957E+00  2.0413E+00  1.2184E+01  1.0526E+01  1.4568E-16 -1.2508E-17  1.7887E+02 -3.5979E-01 -1.4008E-01 -1.1537E-03
     0.381940
  2.6676E+00  2.1813E+00  1.3023E+01  1.1251E+01 -1.1137E-14  1.8318E-17  1.9119E+02 -3.8445E-01 -1.4954E-01 -1.2311E-03
     0.385320
  2.8515E+00  2.3312E+00  1.3919E+01  1.2026E+01 -1.4979E-14 -1.5806E-18  2.0435E+02 -4.1081E-01 -1.5989E-01 -1.3137E-03
     0.388700
  3.0481E+00  2.4914E+00  1.4876E+01  1.2854E+01  4.4752E-14  1.5588E-17  2.1841E+02 -4.3895E-01 -1.7104E-01 -1.4017E-03
     0.392080
  3.2584E+00  2.6628E+00  1.5895E+01  1.3738E+01  5.5228E-15 -5.3593E-18  2.3343E+02 -4.6899E-01 -1.8320E-01 -1.4964E-03
     0.395460
  3.4832E+00  2.8457E+00  1.6982E+01  1.4683E+01  7.8061E-15 -7.4877E-18  2.4948E+02 -5.0106E-01 -1.9628E-01 -1.5987E-03
     0.398840
  3.7236E+00  3.0411E+00  1.8141E+01  1.5693E+01 -3.3535E-14 -5.9477E-18  2.6662E+02 -5.3528E-01 -2.1032E-01 -1.7094E-03
     0.402220
  3.9807E+00  3.2497E+00  1.9377E+01  1.6773E+01  1.7835E-14  2.1224E-17  2.8495E+02 -5.7179E-01 -2.2526E-01 -1.8297E-03
     0.405600
  4.2555E+00  3.4724E+00  2.0698E+01  1.7927E+01  1.5700E-14  2.2251E-18  3.0455E+02 -6.1079E-01 -2.4075E-01 -1.9589E-03
     0.408980
  4.5493E+00  3.7103E+00  2.2111E+01  1.9161E+01 -2.0659E-14  1.2409E-19  3.2552E+02 -6.5244E-01 -2.5689E-01 -2.0965E-03
     0.412360
  4.8635E+00  3.9645E+00  2.3624E+01  2.0481E+01 -1.0514E-14 -2.3534E-17  3.4796E+02 -6.9699E-01 -2.7382E-01 -2.2419E-03
     0.415740
  5.1995E+00  4.2362E+00  2.5246E+01  2.1893E+01  5.8513E-14 -9.6699E-18  3.7197E+02 -7.4467E-01 -2.9179E-01 -2.3948E-03
     0.419120
  5.5589E+00  4.5268E+00  2.6983E+01  2.3404E+01 -9.8892E-15 -2.8737E-18  3.9766E+02 -7.9569E-01 -3.1113E-01 -2.5556E-03
     0.422500
  5.9432E+00  4.8378E+00  2.8843E+01  2.5021E+01 -8.3397E-14 -3.3082E-17  4.2513E+02 -8.5028E-01 -3.3229E-01 -2.7258E-03
     0.425880
  6.3542E+00  5.1707E+00  3.0831E+01  2.6749E+01  3.6966E-15  2.8222E-17  4.5449E+02 -9.0862E-01 -3.5546E-01 -2.9076E-03
     0.429260
  6.7938E+00  5.5269E+00  3.2953E+01  2.8595E+01 -3.2075E-14 -1.8777E-17  4.8584E+02 -9.7091E-01 -3.8076E-01 -3.1030E-03
     0.432640
  7.2641E+00  5.9075E+00  3.5213E+01  3.0568E+01  5.4607E-15 -6.8553E-18  5.1933E+02 -1.0374E+00 -4.0810E-01 -3.3139E-03
     0.436020
  7.7671E+00  6.3142E+00  3.7621E+01  3.2676E+01 -5.7208E-14 -2.8354E-17  5.5511E+02 -1.1083E+00 -4.3757E-01 -3.5423E-03
     0.439400
  8.3052E+00  6.7484E+00  4.0187E+01  3.4929E+01  8.1231E-14  5.8425E-17  5.9336E+02 -1.1839E+00 -4.6898E-01 -3.7899E-03
     0.442780
  8.8808E+00  7.2119E+00  4.2925E+01  3.7339E+01 -2.9239E-14 -4.3043E-18  6.3426E+02 -1.2647E+00 -5.0196E-01 -4.0572E-03
     0.446160
  9.4964E+00  7.7067E+00  4.5851E+01  3.9916E+01 -1.4779E-14 -3.0976E-17  6.7802E+02 -1.3509E+00 -5.3642E-01 -4.3442E-03
     0.449540
  1.0155E+01  8.2353E+00  4.8984E+01  4.2673E+01 -1.8173E-14 -3.2060E-17  7.2486E+02 -1.4431E+00 -5.7217E-01 -4.6492E-03
     0.452920
  1.0859E+01  8.8004E+00  5.2343E+01  4.5624E+01 -1.2083E-13  4.8304E-17  7.7500E+02 -1.5417E+00 -6.0981E-01 -4.9714E-03
     0.456300
  1.1612E+01  9.4048E+00  5.5944E+01  4.8782E+01  8.1962E-14 -1.3821E-17  8.2867E+02 -1.6472E+00 -6.4981E-01 -5.3103E-03
     0.459680
  1.2418E+01  1.0052E+01  5.9805E+01  5.2161E+01 -3.5509E-14  4.8560E-17  8.8611E+02 -1.7601E+00 -6.9288E-01 -5.6662E-03
     0.463060
  1.3281E+01  1.0744E+01  6.3938E+01  5.5775E+01 -3.8438E-14 -9.7154E-18  9.4754E+02 -1.8810E+00 -7.4016E-01 -6.0422E-03
     0.466440
  1.4203E+01  1.1485E+01  6.8352E+01  5.9641E+01  2.9279E-15  5.7057E-18  1.0132E+03 -2.0101E+00 -7.9219E-01 -6.4429E-03
     0.469820
  1.5191E+01  1.2278E+01  7.3061E+01  6.3773E+01 -1.1096E-13 -7.3916E-17  1.0834E+03 -2.1480E+00 -8.4947E-01 -6.8747E-03
     0.473200
  1.6248E+01  1.3125E+01  7.8075E+01  6.8190E+01  7.1338E-14  2.1856E-17  1.1583E+03 -2.2952E+00 -9.1172E-01 -7.3433E-03
     0.476580
  1.7378E+01  1.4031E+01  8.3413E+01  7.2910E+01 -5.8604E-14 -1.1408E-16  1.2384E+03 -2.4521E+00 -9.7847E-01 -7.8535E-03
     0.479960
  1.8589E+01  1.4998E+01  8.9099E+01  7.7957E+01 -2.9958E-14  1.1246E-18  1.3240E+03 -2.6193E+00 -1.0489E+00 -8.4081E-03
     0.483340
  1.9884E+01  1.6030E+01  9.5169E+01  8.3354E+01 -1.2880E-13 -1.1425E-17  1.4156E+03 -2.7979E+00 -1.1224E+00 -9.0071E-03
     0.486720
  2.1269E+01  1.7132E+01  1.0166E+02  8.9130E+01  1.6305E-14 -3.0555E-17  1.5136E+03 -2.9886E+00 -1.1987E+00 -9.6482E-03
     0.490100
  2.2752E+01  1.8309E+01  1.0862E+02  9.5314E+01  2.0504E-14 -2.1816E-16  1.6187E+03 -3.1925E+00 -1.2778E+00 -1.0327E-02
     0.493480
  2.4339E+01  1.9568E+01  1.1609E+02  1.0194E+02  1.0088E-13 -6.4956E-17  1.7312E+03 -3.4109E+00 -1.3611E+00 -1.1040E-02
     0.496860
  2.6037E+01  2.0916E+01  1.2411E+02  1.0903E+02 -1.8675E-14 -1.2864E-16  1.8517E+03 -3.6447E+00 -1.4502E+00 -1.1787E-02
     0.500240
  2.7854E+01  2.2358E+01  1.3270E+02  1.1662E+02 -2.3989E-13 -2.2932E-16  1.9808E+03 -3.8950E+00 -1.5474E+00 -1.2572E-02
     0.503620
  2.9800E+01  2.3904E+01  1.4190E+02  1.2474E+02  1.7148E-13 -5.8649E-17  2.1188E+03 -4.1628E+00 -1.6545E+00 -1.3402E-02
     0.507000
  3.1884E+01  2.5558E+01  1.5172E+02  1.3343E+02 -3.3455E-14 -9.1512E-17  2.2663E+03 -4.4489E+00 -1.7731E+00 -1.4289E-02
     0.510380
  3.4115E+01  2.7329E+01  1.6218E+02  1.4272E+02 -8.3022E-14  7.9673E-17  2.4239E+03 -4.7543E+00 -1.9034E+00 -1.5249E-02
     0.513760
  3.6505E+01  2.9222E+01  1.7331E+02  1.5265E+02  1.5810E-13 -1.6380E-16  2.5923E+03 -5.0799E+00 -2.0450E+00 -1.6296E-02
     0.517140
  3.9063E+01  3.1244E+01  1.8515E+02  1.6327E+02 -1.1351E-13 -3.8134E-16  2.7723E+03 -5.4270E+00 -2.1962E+00 -1.7440E-02
     0.520520
  4.1802E+01  3.3403E+01  1.9777E+02  1.7463E+02  3.0141E-14 -5.4156E-17  2.9649E+03 -5.7970E+00 -2.3547E+00 -1.8686E-02
     0.523900
  4.4735E+01  3.5707E+01  2.1126E+02  1.8678E+02 -1.2154E-14 -2.5115E-16  3.1711E+03 -6.1919E+00 -2.5189E+00 -2.0030E-02
     0.527280
  4.7874E+01  3.8168E+01  2.2570E+02  1.9980E+02  4.3126E-13 -1.2537E-17  3.3921E+03 -6.6140E+00 -2.6886E+00 -2.1464E-02
     0.530660
  5.1236E+01  4.0799E+01  2.4120E+02  2.1375E+02  8.2498E-14  1.3790E-17  3.6291E+03 -7.0658E+00 -2.8647E+00 -2.2975E-02
     0.534040
  5.4837E+01  4.3613E+01  2.5785E+02  2.2870E+02  4.3149E-13  4.1083E-16  3.8831E+03 -7.5498E+00 -3.0506E+00 -2.4555E-02
     0.537420
  5.8693E+01  4.6627E+01  2.7573E+02  2.4471E+02 -2.0906E-13 -2.1556E-16  4.1553E+03 -8.0683E+00 -3.2511E+00 -2.6204E-02
     0.540800
  6.2824E+01  4.9858E+01  2.9491E+02  2.6187E+02 -1.6226E-13 -5.7802E-17  4.4467E+03 -8.6236E+00 -3.4714E+00 -2.7933E-02
     0.544180
  6.7250E+01  5.3320E+01  3.1541E+02  2.8023E+02 -2.1302E-13 -4.9799E-17  4.7585E+03 -9.2174E+00 -3.7163E+00 -2.9767E-02
     0.547560
  7.1993E+01  5.7029E+01  3.3728E+02  2.9988E+02 -4.0437E-13  2.7633E-16  5.0918E+03 -9.8516E+00 -3.9883E+00 -3.1738E-02
     0.550940
  7.7075E+01  6.0998E+01  3.6056E+02  3.2089E+02  2.3511E-13 -7.0215E-16  5.4481E+03 -1.0528E+01 -4.2877E+00 -3.3884E-02
     0.554320
  8.2520E+01  6.5241E+01  3.8532E+02  3.4337E+02  7.7855E-13  5.1622E-17  5.8290E+03 -1.1249E+01 -4.6118E+00 -3.6237E-02
     0.557700
  8.8356E+01  6.9772E+01  4.1166E+02  3.6741E+02 -7.5117E-13 -3.8182E-16  6.2364E+03 -1.2017E+01 -4.9557E+00 -3.8816E-02
     0.561080
  9.4609E+01  7.4610E+01  4.3975E+02  3.9316E+02 -2.5690E-13 -4.7416E-16  6.6728E+03 -1.2836E+01 -5.3139E+00 -4.1625E-02
     0.564460
  1.0131E+02  7.9776E+01  4.6979E+02  4.2073E+02  1.0875E-12  5.0498E-16  7.1405E+03 -1.3711E+01 -5.6829E+00 -4.4647E-02
     0.567840
  1.0849E+02  8.5295E+01  5.0200E+02  4.5029E+02 -8.0075E-14  3.2372E-16  7.6422E+03 -1.4646E+01 -6.0624E+00 -4.7855E-02
     0.571220
  1.1618E+02  9.1198E+01  5.3662E+02  4.8199E+02 -8.3152E-13  1.9628E-17  8.1806E+03 -1.5648E+01 -6.4568E+00 -5.1219E-02
     0.574600
  1.2443E+02  9.7520E+01  5.7386E+02  5.1599E+02  2.1075E-13 -9.2441E-16  8.7582E+03 -1.6722E+01 -6.8754E+00 -5.4720E-02
     0.577980
  1.3327E+02  1.0430E+02  6.1386E+02  5.5245E+02  8.7433E-13 -6.2044E-16  9.3774E+03 -1.7873E+01 -7.3307E+00 -5.8365E-02
     0.581360
  1.4275E+02  1.1157E+02  6.5675E+02  5.9151E+02  6.3560E-13  5.3474E-16  1.0041E+04 -1.9105E+01 -7.8360E+00 -6.2189E-02
     0.584740
  1.5292E+02  1.1936E+02  7.0260E+02  6.3336E+02 -9.0104E-14 -4.3470E-16  1.0751E+04 -2.0423E+01 -8.4017E+00 -6.6258E-02
     0.588120
  1.6383E+02  1.2771E+02  7.5145E+02  6.7815E+02 -1.8312E-12  7.9189E-16  1.1510E+04 -2.1830E+01 -9.0329E+00 -7.0660E-02
     0.591500
  1.7552E+02  1.3665E+02  8.0341E+02  7.2609E+02 -1.0936E-12 -9.7989E-16  1.2322E+04 -2.3329E+01 -9.7271E+00 -7.5484E-02
     0.594880
  1.8807E+02  1.4621E+02  8.5863E+02  7.7741E+02  2.3004E-13 -2.2869E-15  1.3191E+04 -2.4927E+01 -1.0475E+01 -8.0799E-02
     0.598260
  2.0153E+02  1.5642E+02  9.1740E+02  8.3236E+02  2.6159E-12  4.4230E-16  1.4122E+04 -2.6628E+01 -1.1263E+01 -8.6642E-02
     0.601640
  2.1597E+02  1.6732E+02  9.8011E+02  8.9124E+02  9.6632E-13  6.2013E-16  1.5119E+04 -2.8443E+01 -1.2078E+01 -9.2999E-02
     0.605020
  2.3145E+02  1.7897E+02  1.0472E+03  9.5438E+02 -1.4948E-12  6.5260E-17  1.6189E+04 -3.0382E+01 -1.2911E+01 -9.9816E-02
     0.608400
  2.4807E+02  1.9141E+02  1.1194E+03  1.0221E+03  1.9488E-12 -1.0552E-15  1.7339E+04 -3.2458E+01 -1.3766E+01 -1.0701E-01
     0.611780
  2.6589E+02  2.0474E+02  1.1970E+03  1.0949E+03  1.0447E-12 -2.1310E-15  1.8574E+04 -3.4682E+01 -1.4657E+01 -1.1452E-01
     0.615160
  2.8501E+02  2.1903E+02  1.2806E+03  1.1730E+03 -1.0862E-12 -8.1529E-17  1.9901E+04 -3.7068E+01 -1.5611E+01 -1.2229E-01
     0.618540
  3.0554E+02  2.3437E+02  1.3705E+03  1.2568E+03  1.2072E-12  1.6500E-15  2.1324E+04 -3.9627E+01 -1.6660E+01 -1.3037E-01
     0.621920
  3.2757E+02  2.5083E+02  1.4669E+03  1.3467E+03 -3.2525E-12 -1.0470E-15  2.2849E+04 -4.2367E+01 -1.7836E+01 -1.3885E-01
     0.625300
  3.5124E+02  2.6849E+02  1.5697E+03  1.4431E+03  1.5963E-12  7.2279E-16  2.4483E+04 -4.5295E+01 -1.9162E+01 -1.4793E-01
     0.628680
  3.7665E+02  2.8743E+02  1.6793E+03  1.5464E+03 -2.6851E-12  3.7927E-16  2.6231E+04 -4.8419E+01 -2.0645E+01 -1.5782E-01
     0.632060
  4.0395E+02  3.0771E+02  1.7956E+03  1.6569E+03 -6.5244E-13 -3.8179E-15  2.8103E+04 -5.1747E+01 -2.2272E+01 -1.6874E-01
     0.635440
  4.3326E+02  3.2939E+02  1.9193E+03  1.7754E+03 -2.7489E-13 -4.0887E-15  3.0107E+04 -5.5290E+01 -2.4015E+01 -1.8083E-01
     0.638820
  4.6475E+02  3.5255E+02  2.0509E+03  1.9024E+03  8.7775E-13  5.2866E-16  3.2256E+04 -5.9065E+01 -2.5836E+01 -1.9415E-01
     0.642200
  4.9856E+02  3.7729E+02  2.1915E+03  2.0387E+03 -2.5206E-12 -1.2913E-15  3.4563E+04 -6.3091E+01 -2.7704E+01 -2.0863E-01
     0.645580
  5.3488E+02  4.0373E+02  2.3424E+03  2.1851E+03  8.5060E-13 -1.4409E-15  3.7043E+04 -6.7397E+01 -2.9604E+01 -2.2408E-01
     0.648960
  5.7389E+02  4.3202E+02  2.5047E+03  2.3424E+03  5.2255E-12 -2.5833E-16  3.9711E+04 -7.2009E+01 -3.1551E+01 -2.4028E-01
     0.652340
  6.1580E+02  4.6236E+02  2.6799E+03  2.5115E+03  1.8968E-12  7.1500E-16  4.2581E+04 -7.6958E+01 -3.3593E+01 -2.5707E-01
     0.655720
  6.6084E+02  4.9492E+02  2.8686E+03  2.6933E+03  2.5911E-12  2.1149E-15  4.5666E+04 -8.2271E+01 -3.5802E+01 -2.7437E-01
     0.659100
  7.0925E+02  5.2991E+02  3.0717E+03  2.8886E+03 -5.7059E-12 -1.6976E-15  4.8979E+04 -8.7970E+01 -3.8263E+01 -2.9231E-01
     0.662480
  7.6131E+02  5.6752E+02  3.2892E+03  3.0983E+03  4.1950E-12 -2.4156E-15  5.2533E+04 -9.4072E+01 -4.1052E+01 -3.1124E-01
     0.665860
  8.1730E+02  6.0791E+02  3.5213E+03  3.3233E+03  1.0238E-12  2.0888E-15  5.6343E+04 -1.0059E+02 -4.4213E+01 -3.3163E-01
     0.669240
  8.7752E+02  6.5123E+02  3.7680E+03  3.5646E+03  1.4599E-12 -3.3929E-15  6.0423E+04 -1.0754E+02 -4.7749E+01 -3.5406E-01
     0.672620
  9.4230E+02  6.9763E+02  4.0299E+03  3.8233E+03 -7.6061E-13  4.1476E-15  6.4796E+04 -1.1494E+02 -5.1612E+01 -3.7902E-01
     0.676000
  1.0120E+03  7.4725E+02  4.3082E+03  4.1009E+03  4.4225E-13  2.3165E-15  6.9486E+04 -1.2281E+02 -5.5718E+01 -4.0680E-01
     0.679380
  1.0869E+03  8.0028E+02  4.6047E+03  4.3989E+03 -5.6511E-12 -4.1160E-15  7.4523E+04 -1.3119E+02 -5.9972E+01 -4.3742E-01
     0.682760
  1.1676E+03  8.5695E+02  4.9221E+03  4.7192E+03  2.3747E-12  5.6370E-16  7.9942E+04 -1.4014E+02 -6.4301E+01 -4.7059E-01
     0.686140
  1.2543E+03  9.1759E+02  5.2633E+03  5.0638E+03 -6.4062E-12  6.6758E-15  8.5777E+04 -1.4972E+02 -6.8690E+01 -5.0577E-01
     0.689520
  1.3476E+03  9.8258E+02  5.6316E+03  5.4348E+03 -3.9047E-12  1.1015E-15  9.2065E+04 -1.6000E+02 -7.3199E+01 -5.4240E-01
     0.692900
  1.4481E+03  1.0523E+03  6.0294E+03  5.8343E+03 -1.1541E-12  4.1013E-15  9.8839E+04 -1.7104E+02 -7.7970E+01 -5.8008E-01
     0.696280
  1.5562E+03  1.1274E+03  6.4588E+03  6.2644E+03  7.3818E-12  6.3942E-15  1.0613E+05 -1.8290E+02 -8.3200E+01 -6.1875E-01
     0.699660
  1.6726E+03  1.2081E+03  6.9206E+03  6.7271E+03 -1.0742E-12  5.7578E-15  1.1397E+05 -1.9563E+02 -8.9103E+01 -6.5890E-01
     0.703040
  1.7981E+03  1.2950E+03  7.4151E+03  7.2244E+03  6.2589E-12 -5.8636E-15  1.2239E+05 -2.0925E+02 -9.5853E+01 -7.0147E-01
     0.706420
  1.9332E+03  1.3884E+03  7.9420E+03  7.7587E+03 -5.3766E-12 -4.8598E-15  1.3142E+05 -2.2379E+02 -1.0353E+02 -7.4780E-01
     0.709800
  2.0788E+03  1.4886E+03  8.5016E+03  8.3324E+03 -5.7603E-12 -2.8674E-15  1.4111E+05 -2.3928E+02 -1.1210E+02 -7.9927E-01
     0.713180
  2.2358E+03  1.5961E+03  9.0953E+03  8.9485E+03  7.4178E-13  1.4102E-14  1.5151E+05 -2.5576E+02 -1.2141E+02 -8.5701E-01
     0.716560
  2.4049E+03  1.7110E+03  9.7264E+03  9.6107E+03  9.6515E-12  2.0293E-15  1.6268E+05 -2.7328E+02 -1.3122E+02 -9.2152E-01
     0.719940
  2.5872E+03  1.8339E+03  1.0400E+04  1.0323E+04  1.4418E-12  6.5379E-15  1.7471E+05 -2.9196E+02 -1.4130E+02 -9.9256E-01
     0.723320
  2.7836E+03  1.9654E+03  1.1122E+04  1.1090E+04 -6.1750E-12  1.2132E-14  1.8768E+05 -3.1192E+02 -1.5150E+02 -1.0691E+00
     0.726700
  2.9953E+03  2.1062E+03  1.1901E+04  1.1917E+04 -6.6723E-12 -2.1011E-15  2.0167E+05 -3.3330E+02 -1.6182E+02 -1.1498E+00
     0.730080
  3.2235E+03  2.2575E+03  1.2744E+04  1.2809E+04 -1.3829E-11 -6.8068E-15  2.1677E+05 -3.5628E+02 -1.7249E+02 -1.2331E+00
     0.733460
  3.4697E+03  2.4202E+03  1.3657E+04  1.3772E+04  9.2994E-12 -1.1452E-14  2.3308E+05 -3.8100E+02 -1.8392E+02 -1.3181E+00
     0.736840
  3.7352E+03  2.5955E+03  1.4642E+04  1.4809E+04  1.3242E-11  4.7323E-15  2.5065E+05 -4.0757E+02 -1.9663E+02 -1.4052E+00
     0.740220
  4.0217E+03  2.7844E+03  1.5703E+04  1.5928E+04 -1.3801E-11 -8.3090E-15  2.6957E+05 -4.3608E+02 -2.1116E+02 -1.4959E+00
     0.743600
  4.3311E+03  2.9881E+03  1.6836E+04  1.7131E+04 -2.2013E-11 -9.9756E-15  2.8992E+05 -4.6659E+02 -2.2789E+02 -1.5929E+00
     0.746980
  4.6650E+03  3.2072E+03  1.8043E+04  1.8427E+04  5.3722E-12 -1.6632E-14  3.1178E+05 -4.9913E+02 -2.4693E+02 -1.6997E+00
     0.750360
  5.0257E+03  3.4426E+03  1.9324E+04  1.9820E+04 -1.5169E-11  2.3847E-14  3.3526E+05 -5.3375E+02 -2.6809E+02 -1.8196E+00
     0.753740
  5.4151E+03  3.6949E+03  2.0683E+04  2.1319E+04 -1.3567E-12  1.0308E-14  3.6052E+05 -5.7056E+02 -2.9091E+02 -1.9550E+00
     0.757120
  5.8357E+03  3.9651E+03  2.2129E+04  2.2933E+04 -1.3512E-11 -3.6640E-15  3.8773E+05 -6.0972E+02 -3.1475E+02 -2.1067E+00
     0.760500
  6.2898E+03  4.2544E+03  2.3675E+04  2.4674E+04 -2.9860E-11 -7.0192E-14  4.1709E+05 -6.5147E+02 -3.3906E+02 -2.2733E+00
     0.763880
  6.7803E+03  4.5643E+03  2.5338E+04  2.6553E+04  2.4295E-11  1.6598E-14  4.4881E+05 -6.9614E+02 -3.6355E+02 -2.4518E+00
     0.767260
  7.3101E+03  4.8971E+03  2.7138E+04  2.8583E+04 -4.7363E-12 -2.6336E-14  4.8313E+05 -7.4409E+02 -3.8842E+02 -2.6382E+00
     0.770640
  7.8825E+03  5.2550E+03  2.9091E+04  3.0778E+04 -1.7323E-11 -1.2647E-14  5.2025E+05 -7.9570E+02 -4.1438E+02 -2.8291E+00
     0.774020
  8.5013E+03  5.6410E+03  3.1209E+04  3.3150E+04 -3.2054E-11  3.1610E-14  5.6039E+05 -8.5129E+02 -4.4259E+02 -3.0230E+00
     0.777400
  9.1703E+03  6.0577E+03  3.3499E+04  3.5713E+04 -5.3535E-11 -9.5641E-15  6.0373E+05 -9.1109E+02 -4.7445E+02 -3.2214E+00
     0.780780
  9.8939E+03  6.5079E+03  3.5961E+04  3.8480E+04 -5.7232E-11 -1.2698E-14  6.5046E+05 -9.7526E+02 -5.1122E+02 -3.4291E+00
     0.784160
  1.0677E+04  6.9936E+03  3.8592E+04  4.1464E+04 -3.2913E-11 -6.4372E-14  7.0079E+05 -1.0439E+03 -5.5370E+02 -3.6538E+00
     0.787540
  1.1524E+04  7.5170E+03  4.1389E+04  4.4680E+04 -1.3911E-11 -3.9754E-16  7.5497E+05 -1.1170E+03 -6.0197E+02 -3.9044E+00
     0.790920
  1.2441E+04  8.0797E+03  4.4355E+04  4.8146E+04  7.2900E-11 -5.5089E-14  8.1330E+05 -1.1947E+03 -6.5529E+02 -4.1888E+00
     0.794300
  1.3433E+04  8.6835E+03  4.7504E+04  5.1885E+04 -7.8414E-11 -2.2811E-14  8.7619E+05 -1.2773E+03 -7.1229E+02 -4.5120E+00
     0.797680
  1.4507E+04  9.3308E+03  5.0860E+04  5.5920E+04  3.7368E-11 -5.7942E-15  9.4411E+05 -1.3652E+03 -7.7139E+02 -4.8741E+00
     0.801060
  1.5670E+04  1.0025E+04  5.4460E+04  6.0282E+04  1.9684E-11  8.8994E-14  1.0176E+06 -1.4590E+03 -8.3131E+02 -5.2699E+00
     0.804440
  1.6928E+04  1.0770E+04  5.8349E+04  6.5003E+04 -1.5078E-11 -1.7954E-14  1.0972E+06 -1.5595E+03 -8.9168E+02 -5.6907E+00
     0.807820
  1.8291E+04  1.1572E+04  6.2571E+04  7.0117E+04 -9.7325E-11 -1.1630E-14  1.1835E+06 -1.6677E+03 -9.5337E+02 -6.1263E+00
     0.811200
  1.9766E+04  1.2437E+04  6.7165E+04  7.5658E+04  3.0762E-11  1.9761E-14  1.2771E+06 -1.7843E+03 -1.0186E+03 -6.5689E+00
     0.814580
  2.1365E+04  1.3371E+04  7.2156E+04  8.1659E+04 -5.1743E-11 -7.4613E-14  1.3785E+06 -1.9101E+03 -1.0907E+03 -7.0166E+00
     0.817960
  2.3098E+04  1.4383E+04  7.7555E+04  8.8156E+04  5.2074E-14  1.5844E-13  1.4882E+06 -2.0455E+03 -1.1731E+03 -7.4757E+00
     0.821340
  2.4976E+04  1.5478E+04  8.3355E+04  9.5182E+04  6.8656E-11 -7.3122E-14  1.6066E+06 -2.1908E+03 -1.2689E+03 -7.9608E+00
     0.824720
  2.7014E+04  1.6662E+04  8.9548E+04  1.0277E+05 -8.9852E-11  4.4966E-14  1.7344E+06 -2.3460E+03 -1.3796E+03 -8.4929E+00
     0.828100
  2.9224E+04  1.7939E+04  9.6127E+04  1.1098E+05  6.5277E-11 -1.4104E-15  1.8723E+06 -2.5113E+03 -1.5047E+03 -9.0944E+00
     0.831480
  3.1621E+04  1.9313E+04  1.0311E+05  1.1984E+05 -1.6419E-10  7.3307E-14  2.0212E+06 -2.6868E+03 -1.6419E+03 -9.7837E+00
     0.834860
  3.4222E+04  2.0790E+04  1.1052E+05  1.2941E+05 -5.8024E-11  2.1525E-13  2.1821E+06 -2.8732E+03 -1.7874E+03 -1.0570E+01
     0.838240
  3.7043E+04  2.2376E+04  1.1845E+05  1.3978E+05 -8.4674E-11  6.8578E-14  2.3563E+06 -3.0717E+03 -1.9372E+03 -1.1448E+01
     0.841620
  4.0103E+04  2.4079E+04  1.2698E+05  1.5102E+05 -3.6148E-11  3.9915E-14  2.5453E+06 -3.2840E+03 -2.0887E+03 -1.2403E+01
     0.845000
  4.3423E+04  2.5913E+04  1.3624E+05  1.6321E+05 -1.1403E-10 -1.8051E-13  2.7507E+06 -3.5120E+03 -2.2420E+03 -1.3409E+01
     0.848380
  4.7027E+04  2.7891E+04  1.4633E+05  1.7645E+05 -6.5319E-11  2.6703E-13  2.9739E+06 -3.7579E+03 -2.4003E+03 -1.4441E+01
     0.851760
  5.0939E+04  3.0031E+04  1.5734E+05  1.9083E+05  2.0175E-10  2.0961E-13  3.2165E+06 -4.0235E+03 -2.5704E+03 -1.5483E+01
     0.855140
  5.5188E+04  3.2351E+04  1.6932E+05  2.0644E+05  2.0910E-10 -1.1307E-13  3.4796E+06 -4.3105E+03 -2.7610E+03 -1.6536E+01
     0.858520
  5.9804E+04  3.4868E+04  1.8228E+05  2.2337E+05 -3.0065E-11  4.8899E-14  3.7649E+06 -4.6196E+03 -2.9812E+03 -1.7621E+01
     0.861900
  6.4821E+04  3.7597E+04  1.9619E+05  2.4171E+05  1.5731E-10  3.9211E-13  4.0735E+06 -4.9510E+03 -3.2376E+03 -1.8784E+01
     0.865280
  7.0273E+04  4.0552E+04  2.1103E+05  2.6158E+05 -3.3223E-10  5.0699E-14  4.4073E+06 -5.3048E+03 -3.5331E+03 -2.0078E+01
     0.868660
  7.6201E+04  4.3745E+04  2.2680E+05  2.8308E+05  3.4522E-10 -7.3054E-14  4.7682E+06 -5.6811E+03 -3.8648E+03 -2.1560E+01
     0.872040
  8.2646E+04  4.7186E+04  2.4353E+05  3.0638E+05 -2.2401E-10  1.8370E-14  5.1588E+06 -6.0804E+03 -4.2255E+03 -2.3270E+01
     0.875420
  8.9653E+04  5.0889E+04  2.6136E+05  3.3163E+05  2.1247E-10 -3.8148E-13  5.5822E+06 -6.5048E+03 -4.6053E+03 -2.5220E+01
     0.878800
  9.7271E+04  5.4874E+04  2.8049E+05  3.5903E+05  5.1234E-10  1.7811E-13  6.0421E+06 -6.9572E+03 -4.9947E+03 -2.7392E+01
     0.882180
  1.0555E+05  5.9165E+04  3.0117E+05  3.8881E+05 -8.7441E-11  1.8437E-14  6.5425E+06 -7.4420E+03 -5.3891E+03 -2.9733E+01
     0.885560
  1.1456E+05  6.3797E+04  3.2371E+05  4.2120E+05  3.6112E-10 -2.8164E-13  7.0874E+06 -7.9643E+03 -5.7911E+03 -3.2179E+01
     0.888940
  1.2436E+05  6.8810E+04  3.4836E+05  4.5645E+05  9.4781E-11 -1.2225E-13  7.6810E+06 -8.5291E+03 -6.2122E+03 -3.4669E+01
     0.892320
  1.3502E+05  7.4249E+04  3.7532E+05  4.9482E+05 -2.9921E-10 -3.2659E-13  8.3271E+06 -9.1407E+03 -6.6717E+03 -3.7172E+01
     0.895700
  1.4662E+05  8.0161E+04  4.0469E+05  5.3656E+05  4.6842E-10  1.7890E-13  9.0296E+06 -9.8022E+03 -7.1932E+03 -3.9707E+01
     0.899080
  1.5926E+05  8.6591E+04  4.3645E+05  5.8191E+05  3.2133E-10  1.6346E-13  9.7922E+06 -1.0515E+04 -7.7988E+03 -4.2349E+01
     0.902460
  1.7302E+05  9.3578E+04  4.7053E+05  6.3116E+05  2.0305E-10 -7.7614E-13  1.0619E+07 -1.1279E+04 -8.5034E+03 -4.5219E+01
     0.905840
  1.8801E+05  1.0115E+05  5.0688E+05  6.8460E+05 -3.9522E-10 -2.5933E-13  1.1515E+07 -1.2093E+04 -9.3099E+03 -4.8465E+01
     0.909220
  2.0434E+05  1.0935E+05  5.4551E+05  7.4260E+05 -3.4882E-11  7.7099E-13  1.2487E+07 -1.2959E+04 -1.0208E+04 -5.2219E+01
     0.912600
  2.2213E+05  1.1820E+05  5.8658E+05  8.0557E+05 -4.9519E-12 -5.2133E-13  1.3541E+07 -1.3877E+04 -1.1178E+04 -5.6568E+01
     0.915980
  2.4151E+05  1.2774E+05  6.3049E+05  8.7400E+05 -4.0895E-10 -8.9237E-14  1.4687E+07 -1.4854E+04 -1.2192E+04 -6.1519E+01
     0.919360
  2.6262E+05  1.3804E+05  6.7781E+05  9.4845E+05  2.4003E-10  3.8308E-13  1.5936E+07 -1.5897E+04 -1.3232E+04 -6.6994E+01
     0.922740
  2.8563E+05  1.4915E+05  7.2924E+05  1.0296E+06 -1.8484E-09  5.3219E-13  1.7297E+07 -1.7018E+04 -1.4289E+04 -7.2848E+01
     0.926120
  3.1069E+05  1.6119E+05  7.8551E+05  1.1180E+06  4.3264E-12  4.4345E-13  1.8783E+07 -1.8230E+04 -1.5380E+04 -7.8911E+01
     0.929500
  3.3802E+05  1.7425E+05  8.4727E+05  1.2145E+06  3.5051E-10 -5.7137E-13  2.0404E+07 -1.9545E+04 -1.6539E+04 -8.5048E+01
     0.932880
  3.6781E+05  1.8848E+05  9.1493E+05  1.3196E+06 -4.8091E-11  3.1035E-13  2.2173E+07 -2.0972E+04 -1.7823E+04 -9.1215E+01
     0.936260
  4.0030E+05  2.0397E+05  9.8866E+05  1.4342E+06 -1.6203E-09 -5.8737E-13  2.4098E+07 -2.2517E+04 -1.9293E+04 -9.7504E+01
     0.939640
  4.3575E+05  2.2086E+05  1.0684E+06  1.5590E+06  9.9830E-11 -4.1639E-13  2.6192E+07 -2.4181E+04 -2.1001E+04 -1.0415E+02
     0.943020
  4.7444E+05  2.3925E+05  1.1539E+06  1.6948E+06  4.2657E-10  9.0210E-13  2.8468E+07 -2.5964E+04 -2.2980E+04 -1.1148E+02
     0.946400
  5.1665E+05  2.5921E+05  1.2452E+06  1.8424E+06 -2.8776E-10  1.8886E-12  3.0939E+07 -2.7864E+04 -2.5227E+04 -1.1989E+02
     0.949780
  5.6273E+05  2.8085E+05  1.3422E+06  2.0029E+06  4.9479E-10 -1.1626E-12  3.3624E+07 -2.9880E+04 -2.7710E+04 -1.2968E+02
     0.953160
  6.1301E+05  3.0425E+05  1.4458E+06  2.1777E+06 -2.0035E-09  5.1803E-13  3.6546E+07 -3.2022E+04 -3.0369E+04 -1.4103E+02
     0.956540
  6.6789E+05  3.2955E+05  1.5570E+06  2.3680E+06  7.1632E-09  1.8064E-13  3.9731E+07 -3.4303E+04 -3.3144E+04 -1.5387E+02
     0.959920
  7.2779E+05  3.5690E+05  1.6773E+06  2.5756E+06  4.4752E-10  1.8955E-12  4.3207E+07 -3.6746E+04 -3.5992E+04 -1.6797E+02
     0.963300
  7.9316E+05  3.8653E+05  1.8088E+06  2.8022E+06 -3.6288E-10 -4.5585E-14  4.7006E+07 -3.9382E+04 -3.8913E+04 -1.8292E+02
     0.966680
  8.6453E+05  4.1871E+05  1.9533E+06  3.0498E+06  1.4739E-09  1.7223E-12  5.1161E+07 -4.2241E+04 -4.1965E+04 -1.9829E+02
     0.970060
  9.4247E+05  4.5375E+05  2.1122E+06  3.3203E+06 -2.8642E-09  1.4231E-12  5.5703E+07 -4.5353E+04 -4.5261E+04 -2.1381E+02
     0.973440
  1.0276E+06  4.9199E+05  2.2865E+06  3.6157E+06 -1.8877E-09 -2.1184E-12  6.0662E+07 -4.8737E+04 -4.8951E+04 -2.2947E+02
     0.976820
  1.1206E+06  5.3376E+05  2.4765E+06  3.9382E+06 -1.4875E-09  2.0316E-12  6.6070E+07 -5.2404E+04 -5.3193E+04 -2.4561E+02
     0.980200
  1.2222E+06  5.7936E+05  2.6819E+06  4.2898E+06 -3.7878E-09  1.0896E-13  7.1961E+07 -5.6354E+04 -5.8115E+04 -2.6293E+02
     0.983580
  1.3333E+06  6.2907E+05  2.9022E+06  4.6730E+06 -4.8503E-09 -1.5909E-12  7.8373E+07 -6.0582E+04 -6.3776E+04 -2.8236E+02
     0.986960
  1.4547E+06  6.8314E+05  3.1375E+06  5.0905E+06  2.1880E-09 -1.5240E-13  8.5352E+07 -6.5084E+04 -7.0150E+04 -3.0485E+02
     0.990340
  1.5874E+06  7.4183E+05  3.3884E+06  5.5455E+06  6.1202E-09  1.7671E-12  9.2954E+07 -6.9864E+04 -7.7134E+04 -3.3111E+02
     0.993720
  1.7325E+06  8.0544E+05  3.6571E+06  6.0417E+06  1.0281E-08 -3.1723E-12  1.0124E+08 -7.4945E+04 -8.4578E+04 -3.6142E+02
     0.997100
  1.8910E+06  8.7434E+05  3.9469E+06  6.5834E+06  2.1156E-09 -6.2428E-13  1.1030E+08 -8.0371E+04 -9.2336E+04 -3.9551E+02
     1.000480
  2.0643E+06  9.4905E+05  4.2624E+06  7.1754E+06  9.8724E-09  8.2882E-13  1.2021E+08 -8.6205E+04 -1.0034E+05 -4.3259E+02
     1.003860
  2.2538E+06  1.0302E+06  4.6085E+06  7.8228E+06 -3.5996E-09 -1.0673E-12  1.3105E+08 -9.2525E+04 -1.0863E+05 -4.7162E+02
     1.007240
  2.4609E+06  1.1186E+06  4.9900E+06  8.5312E+06  5.9474E-09  1.0344E-12  1.4292E+08 -9.9407E+04 -1.1742E+05 -5.1159E+02
     1.010620
  2.6874E+06  1.2152E+06  5.4104E+06  9.3063E+06 -1.3631E-08  4.7577E-12  1.5592E+08 -1.0692E+05 -1.2702E+05 -5.5197E+02
     1.014000
  2.9352E+06  1.3208E+06  5.8718E+06  1.0154E+07 -5.8296E-09 -7.5580E-12  1.7013E+08 -1.1510E+05 -1.3787E+05 -5.9303E+02
     1.017380
  3.2063E+06  1.4363E+06  6.3744E+06  1.1080E+07 -1.9232E-08  1.5641E-12  1.8564E+08 -1.2398E+05 -1.5035E+05 -6.3597E+02
     1.020760
  3.5029E+06  1.5627E+06  6.9178E+06  1.2092E+07 -6.1755E-09 -5.7697E-12  2.0257E+08 -1.3354E+05 -1.6476E+05 -6.8282E+02
     1.024140
  3.8275E+06  1.7006E+06  7.5010E+06  1.3196E+07  1.1028E-08 -2.4290E-12  2.2102E+08 -1.4376E+05 -1.8120E+05 -7.3604E+02
     1.027520
  4.1828E+06  1.8508E+06  8.1248E+06  1.4401E+07  1.5284E-08  4.8243E-12  2.4114E+08 -1.5464E+05 -1.9956E+05 -7.9798E+02
     1.030900
  4.5717E+06  2.0141E+06  8.7923E+06  1.5717E+07 -2.2433E-08 -9.9586E-13  2.6310E+08 -1.6621E+05 -2.1953E+05 -8.7021E+02
     1.034280
  4.9972E+06  2.1914E+06  9.5103E+06  1.7154E+07  3.4975E-08 -3.4263E-12  2.8710E+08 -1.7853E+05 -2.4074E+05 -9.5305E+02
     1.037660
  5.4629E+06  2.3839E+06  1.0289E+07  1.8726E+07 -1.2047E-08  4.1689E-12  3.1336E+08 -1.9173E+05 -2.6288E+05 -1.0454E+03
     1.041040
  5.9725E+06  2.5932E+06  1.1140E+07  2.0446E+07 -7.7050E-09  5.8858E-12  3.4213E+08 -2.0599E+05 -2.8587E+05 -1.1451E+03
     1.044420
  6.5303E+06  2.8212E+06  1.2078E+07  2.2331E+07  1.5732E-08 -2.1507E-11  3.7366E+08 -2.2150E+05 -3.0998E+05 -1.2494E+03
     1.047800
  7.1409E+06  3.0703E+06  1.3113E+07  2.4395E+07  6.8452E-09  1.0719E-11  4.0823E+08 -2.3846E+05 -3.3585E+05 -1.3561E+03
     1.051180
  7.8094E+06  3.3428E+06  1.4255E+07  2.6656E+07 -1.4766E-08  4.7876E-12  4.4610E+08 -2.5702E+05 -3.6444E+05 -1.4643E+03
     1.054560
  8.5415E+06  3.6414E+06  1.5509E+07  2.9132E+07 -5.0716E-08  2.0810E-11  4.8754E+08 -2.7727E+05 -3.9685E+05 -1.5757E+03
     1.057940
  9.3433E+06  3.9686E+06  1.6874E+07  3.1840E+07  4.9105E-08 -4.9377E-12  5.3284E+08 -2.9923E+05 -4.3409E+05 -1.6941E+03
     1.061320
  1.0222E+07  4.3268E+06  1.8349E+07  3.4800E+07  3.9397E-09 -2.5080E-12  5.8231E+08 -3.2288E+05 -4.7680E+05 -1.8251E+03
     1.064700
  1.1184E+07  4.7181E+06  1.9935E+07  3.8036E+07  3.3231E-08  3.4116E-11  6.3633E+08 -3.4817E+05 -5.2512E+05 -1.9753E+03
     1.068080
  1.2238E+07  5.1449E+06  2.1635E+07  4.1573E+07 -9.5487E-08 -1.1163E-11  6.9533E+08 -3.7510E+05 -5.7864E+05 -2.1502E+03
     1.071460
  1.3393E+07  5.6095E+06  2.3461E+07  4.5440E+07 -7.7424E-09  8.4951E-12  7.5984E+08 -4.0378E+05 -6.3656E+05 -2.3533E+03
     1.074840
  1.4658E+07  6.1149E+06  2.5435E+07  4.9671E+07  3.4032E-08 -3.3303E-11  8.3044E+08 -4.3441E+05 -6.9798E+05 -2.5843E+03
     1.078220
  1.6044E+07  6.6650E+06  2.7586E+07  5.4305E+07  7.9347E-08  3.1191E-12  9.0782E+08 -4.6738E+05 -7.6232E+05 -2.8397E+03
     1.081600
  1.7562E+07  7.2645E+06  2.9947E+07  5.9383E+07  6.8593E-08  2.6053E-11  9.9269E+08 -5.0316E+05 -8.2969E+05 -3.1133E+03
     1.084980
  1.9225E+07  7.9192E+06  3.2554E+07  6.4950E+07 -3.3663E-08  1.1749E-11  1.0858E+09 -5.4226E+05 -9.0113E+05 -3.3984E+03
     1.088360
  2.1047E+07  8.6357E+06  3.5438E+07  7.1055E+07 -4.5198E-09  4.7598E-11  1.1879E+09 -5.8516E+05 -9.7865E+05 -3.6906E+03
     1.091740
  2.3044E+07  9.4212E+06  3.8618E+07  7.7747E+07 -3.6341E-08 -8.4948E-13  1.2999E+09 -6.3220E+05 -1.0650E+06 -3.9897E+03
     1.095120
  2.5232E+07  1.0283E+07  4.2106E+07  8.5079E+07 -1.4597E-08 -1.9106E-11  1.4225E+09 -6.8358E+05 -1.1630E+06 -4.3016E+03
     1.098500
  2.7632E+07  1.1228E+07  4.5903E+07  9.3107E+07  1.1900E-07 -1.5770E-11  1.5566E+09 -7.3931E+05 -1.2752E+06 -4.6381E+03
     1.101880
  3.0262E+07  1.2264E+07  5.0009E+07  1.0189E+08  1.0358E-07  9.3905E-12  1.7033E+09 -7.9930E+05 -1.4029E+06 -5.0151E+03
     1.105260
  3.3146E+07  1.3396E+07  5.4429E+07  1.1150E+08  1.4457E-07 -9.3680E-11  1.8637E+09 -8.6347E+05 -1.5463E+06 -5.4493E+03
     1.108640
  3.6308E+07  1.4632E+07  5.9182E+07  1.2202E+08 -2.0329E-07 -2.8854E-11  2.0391E+09 -9.3190E+05 -1.7040E+06 -5.9539E+03
     1.112020
  3.9774E+07  1.5979E+07  6.4310E+07  1.3354E+08  7.7272E-09  6.3093E-11  2.2311E+09 -1.0049E+06 -1.8741E+06 -6.5353E+03
     1.115400
  4.3574E+07  1.7448E+07  6.9878E+07  1.4615E+08 -3.7261E-10  5.0945E-11  2.4415E+09 -1.0833E+06 -2.0545E+06 -7.1909E+03
     1.118780
  4.7739E+07  1.9049E+07  7.5969E+07  1.5998E+08 -1.3252E-07 -7.9165E-12  2.6724E+09 -1.1681E+06 -2.2443E+06 -7.9095E+03
     1.122160
  5.2306E+07  2.0798E+07  8.2678E+07  1.7515E+08  1.4671E-10  3.6305E-11  2.9258E+09 -1.2605E+06 -2.4449E+06 -8.6752E+03
     1.125540
  5.7312E+07  2.2712E+07  9.0099E+07  1.9180E+08  5.4713E-07  9.7837E-11  3.2040E+09 -1.3618E+06 -2.6598E+06 -9.4724E+03
     1.128920
  6.2802E+07  2.4810E+07  9.8308E+07  2.1006E+08  3.8950E-07  4.0924E-11  3.5093E+09 -1.4734E+06 -2.8951E+06 -1.0293E+04
     1.132300
  6.8822E+07  2.7113E+07  1.0736E+08  2.3009E+08  4.1759E-07 -1.1558E-10  3.8442E+09 -1.5959E+06 -3.1584E+06 -1.1142E+04
     1.135680
  7.5425E+07  2.9642E+07  1.1727E+08  2.5205E+08 -2.9410E-08 -1.2042E-10  4.2110E+09 -1.7298E+06 -3.4571E+06 -1.2040E+04
     1.139060
  8.2668E+07  3.2417E+07  1.2807E+08  2.7611E+08 -2.2081E-07 -8.4922E-11  4.6127E+09 -1.8749E+06 -3.7974E+06 -1.3023E+04
     1.142440
  9.0613E+07  3.5458E+07  1.3974E+08  3.0246E+08  5.4382E-08  5.2570E-11  5.0523E+09 -2.0312E+06 -4.1820E+06 -1.4132E+04
     1.145820
  9.9329E+07  3.8786E+07  1.5234E+08  3.3132E+08  1.2312E-07  2.5235E-10  5.5334E+09 -2.1985E+06 -4.6106E+06 -1.5411E+04
     1.149200
  1.0889E+08  4.2423E+07  1.6594E+08  3.6292E+08 -4.9766E-08 -7.0083E-11  6.0603E+09 -2.3774E+06 -5.0796E+06 -1.6890E+04
     1.152580
  1.1938E+08  4.6393E+07  1.8066E+08  3.9756E+08  5.5822E-08  1.8195E-10  6.6377E+09 -2.5689E+06 -5.5840E+06 -1.8579E+04
     1.155960
  1.3088E+08  5.0726E+07  1.9672E+08  4.3554E+08  4.3336E-07 -3.2400E-10  7.2711E+09 -2.7754E+06 -6.1201E+06 -2.0467E+04
     1.159340
  1.4350E+08  5.5459E+07  2.1434E+08  4.7721E+08  3.5699E-07 -8.4892E-12  7.9665E+09 -2.9998E+06 -6.6876E+06 -2.2522E+04
     1.162720
  1.5734E+08  6.0638E+07  2.3379E+08  5.2294E+08  9.9174E-08  1.0677E-10  8.7303E+09 -3.2455E+06 -7.2921E+06 -2.4704E+04
     1.166100
  1.7252E+08  6.6314E+07  2.5532E+08  5.7316E+08 -4.3455E-07  3.1223E-10  9.5692E+09 -3.5160E+06 -7.9458E+06 -2.6978E+04
     1.169480
  1.8918E+08  7.2543E+07  2.7913E+08  6.2827E+08  3.8267E-07 -2.1120E-10  1.0490E+10 -3.8142E+06 -8.6665E+06 -2.9336E+04
     1.172860
  2.0745E+08  7.9387E+07  3.0535E+08  6.8874E+08  9.8999E-07  2.1669E-10  1.1500E+10 -4.1420E+06 -9.4747E+06 -3.1805E+04
     1.176240
  2.2751E+08  8.6905E+07  3.3406E+08  7.5507E+08 -1.0912E-06  1.5174E-10  1.2608E+10 -4.5001E+06 -1.0390E+07 -3.4451E+04
     1.179620
  2.4952E+08  9.5159E+07  3.6531E+08  8.2778E+08  1.0946E-07 -7.2925E-11  1.3821E+10 -4.8885E+06 -1.1426E+07 -3.7376E+04
     1.183000
  2.7367E+08  1.0421E+08  3.9915E+08  9.0746E+08 -3.8400E-07 -2.5277E-10  1.5149E+10 -5.3067E+06 -1.2590E+07 -4.0696E+04
     1.186380
  3.0018E+08  1.1412E+08  4.3575E+08  9.9479E+08 -1.3958E-08  2.1231E-10  1.6605E+10 -5.7553E+06 -1.3879E+07 -4.4514E+04
     1.189760
  3.2927E+08  1.2495E+08  4.7537E+08  1.0905E+09  4.6406E-08  1.1081E-10  1.8200E+10 -6.2360E+06 -1.5284E+07 -4.8900E+04
     1.193140
  3.6119E+08  1.3679E+08  5.1846E+08  1.1955E+09  3.8497E-07  6.9381E-11  1.9950E+10 -6.7532E+06 -1.6794E+07 -5.3868E+04
     1.196520
  3.9622E+08  1.4973E+08  5.6559E+08  1.3107E+09 -3.6449E-07 -7.7283E-10  2.1871E+10 -7.3132E+06 -1.8402E+07 -5.9375E+04
     1.199900
  4.3466E+08  1.6389E+08  6.1747E+08  1.4371E+09 -2.7698E-06  3.8307E-10  2.3981E+10 -7.9246E+06 -2.0116E+07 -6.5335E+04
     1.203280
  4.7684E+08  1.7941E+08  6.7480E+08  1.5760E+09  7.8584E-07 -1.1545E-10  2.6299E+10 -8.5968E+06 -2.1955E+07 -7.1651E+04
     1.206660
  5.2313E+08  1.9643E+08  7.3825E+08  1.7285E+09  7.2694E-07 -2.6334E-11  2.8846E+10 -9.3386E+06 -2.3960E+07 -7.8259E+04
     1.210040
  5.7394E+08  2.1512E+08  8.0834E+08  1.8959E+09 -2.0759E-06  4.3771E-10  3.1642E+10 -1.0157E+07 -2.6179E+07 -8.5167E+04
     1.213420
  6.2971E+08  2.3567E+08  8.8546E+08  2.0797E+09 -3.1938E-06  4.6505E-10  3.4710E+10 -1.1057E+07 -2.8670E+07 -9.2484E+04
     1.216800
  6.9093E+08  2.5826E+08  9.6983E+08  2.2813E+09  6.8805E-08 -3.1155E-10  3.8074E+10 -1.2040E+07 -3.1482E+07 -1.0042E+05
     1.220180
  7.5814E+08  2.8305E+08  1.0617E+09  2.5024E+09 -2.5546E-06 -4.6298E-10  4.1761E+10 -1.3105E+07 -3.4650E+07 -1.0926E+05
     1.223560
  8.3193E+08  3.1025E+08  1.1613E+09  2.7448E+09  8.3736E-07  4.2481E-10  4.5802E+10 -1.4254E+07 -3.8185E+07 -1.1930E+05
     1.226940
  9.1292E+08  3.4003E+08  1.2693E+09  3.0107E+09 -7.9028E-06  1.7084E-10  5.0232E+10 -1.5489E+07 -4.2081E+07 -1.3082E+05
     1.230320
  1.0018E+09  3.7262E+08  1.3866E+09  3.3023E+09  3.0161E-06 -2.2379E-09  5.5092E+10 -1.6817E+07 -4.6314E+07 -1.4394E+05
     1.233700
  1.0994E+09  4.0828E+08  1.5145E+09  3.6223E+09  3.5078E-06  4.5526E-10  6.0425E+10 -1.8252E+07 -5.0866E+07 -1.5869E+05
     1.237080
  1.2066E+09  4.4730E+08  1.6549E+09  3.9736E+09  1.1098E-06 -2.7201E-09  6.6283E+10 -1.9812E+07 -5.5732E+07 -1.7492E+05
     1.240460
  1.3242E+09  4.9004E+08  1.8096E+09  4.3594E+09 -1.2586E-06  2.4625E-09  7.2719E+10 -2.1523E+07 -6.0947E+07 -1.9241E+05
     1.243840
  1.4533E+09  5.3692E+08  1.9807E+09  4.7831E+09  7.1524E-07  1.6238E-10  7.9792E+10 -2.3410E+07 -6.6584E+07 -2.1095E+05
     1.247220
  1.5950E+09  5.8840E+08  2.1700E+09  5.2486E+09  1.3978E-05  2.1304E-09  8.7562E+10 -2.5494E+07 -7.2760E+07 -2.3045E+05
     1.250600
  1.7506E+09  6.4497E+08  2.3788E+09  5.7597E+09 -4.3082E-06 -3.7963E-09  9.6094E+10 -2.7795E+07 -7.9621E+07 -2.5101E+05
     1.253980
  1.9214E+09  7.0717E+08  2.6083E+09  6.3208E+09  3.1774E-07 -1.6188E-09  1.0546E+11 -3.0323E+07 -8.7315E+07 -2.7303E+05
     1.257360
  2.1090E+09  7.7553E+08  2.8593E+09  6.9366E+09 -2.2633E-05  6.9054E-09  1.1573E+11 -3.3083E+07 -9.5970E+07 -2.9714E+05
     1.260740
  2.3149E+09  8.5059E+08  3.1326E+09  7.6121E+09  2.4654E-05 -1.3593E-09  1.2699E+11 -3.6076E+07 -1.0567E+08 -3.2411E+05
     1.264120
  2.5411E+09  9.3292E+08  3.4296E+09  8.3531E+09 -1.1927E-06  1.6174E-09  1.3934E+11 -3.9308E+07 -1.1644E+08 -3.5476E+05
     1.267500
  2.7894E+09  1.0231E+09  3.7522E+09  9.1661E+09 -7.0225E-06  5.1282E-09  1.5288E+11 -4.2790E+07 -1.2826E+08 -3.8969E+05
     1.270880
  3.0621E+09  1.1219E+09  4.1035E+09  1.0058E+10 -2.5570E-06 -2.2811E-09  1.6775E+11 -4.6549E+07 -1.4109E+08 -4.2923E+05
     1.274260
  3.3615E+09  1.2301E+09  4.4879E+09  1.1038E+10 -1.8443E-05 -1.5048E-10  1.8407E+11 -5.0627E+07 -1.5489E+08 -4.7332E+05
     1.277640
  3.6901E+09  1.3485E+09  4.9105E+09  1.2113E+10 -8.6758E-09  1.4069E-09  2.0201E+11 -5.5082E+07 -1.6971E+08 -5.2157E+05
     1.281020
  4.0510E+09  1.4784E+09  5.3767E+09  1.3295E+10  2.7085E-06  9.8685E-09  2.2172E+11 -5.9981E+07 -1.8567E+08 -5.7345E+05
     1.284400
  4.4473E+09  1.6210E+09  5.8922E+09  1.4593E+10 -1.5070E-05  3.5168E-09  2.4338E+11 -6.5392E+07 -2.0303E+08 -6.2854E+05
     1.287780
  4.8824E+09  1.7777E+09  6.4620E+09  1.6019E+10  3.7039E-05  6.5467E-09  2.6717E+11 -7.1374E+07 -2.2213E+08 -6.8679E+05
     1.291160
  5.3602E+09  1.9499E+09  7.0899E+09  1.7585E+10  1.4797E-05 -3.8286E-09  2.9331E+11 -7.7975E+07 -2.4337E+08 -7.4879E+05
     1.294540
  5.8849E+09  2.1393E+09  7.7793E+09  1.9304E+10 -1.2478E-05  2.7732E-10  3.2199E+11 -8.5222E+07 -2.6716E+08 -8.1579E+05
     1.297920
  6.4611E+09  2.3474E+09  8.5329E+09  2.1191E+10  9.2327E-06 -5.8973E-10  3.5345E+11 -9.3131E+07 -2.9383E+08 -8.8964E+05
     1.301300
  7.0940E+09  2.5759E+09  9.3542E+09  2.3262E+10  3.2549E-05 -1.7936E-08  3.8797E+11 -1.0171E+08 -3.2357E+08 -9.7250E+05
     1.304680
  7.7890E+09  2.8266E+09  1.0248E+10  2.5535E+10 -5.4551E-05 -1.3690E-08  4.2584E+11 -1.1099E+08 -3.5646E+08 -1.0664E+06
     1.308060
  8.5523E+09  3.1014E+09  1.1221E+10  2.8029E+10  3.1647E-05  6.9074E-09  4.6740E+11 -1.2102E+08 -3.9245E+08 -1.1729E+06
     1.311440
  9.3905E+09  3.4024E+09  1.2283E+10  3.0767E+10 -3.5448E-05  8.8550E-09  5.1302E+11 -1.3189E+08 -4.3147E+08 -1.2926E+06
     1.314820
  1.0311E+10  3.7323E+09  1.3448E+10  3.3774E+10 -3.3739E-06  1.0413E-08  5.6314E+11 -1.4372E+08 -4.7354E+08 -1.4252E+06
     1.318200
  1.1322E+10  4.0939E+09  1.4730E+10  3.7076E+10 -5.5225E-05  1.5404E-09  6.1821E+11 -1.5670E+08 -5.1887E+08 -1.5697E+06
     1.321580
  1.2432E+10  4.4907E+09  1.6146E+10  4.0705E+10  1.5340E-05  8.6032E-09  6.7874E+11 -1.7099E+08 -5.6796E+08 -1.7249E+06
     1.324960
  1.3651E+10  4.9265E+09  1.7710E+10  4.4692E+10 -5.3954E-05  2.1399E-10  7.4525E+11 -1.8679E+08 -6.2158E+08 -1.8902E+06
     1.328340
  1.4989E+10  5.4055E+09  1.9437E+10  4.9072E+10 -2.5041E-05  3.9345E-08  8.1833E+11 -2.0426E+08 -6.8075E+08 -2.0661E+06
     1.331720
  1.6460E+10  5.9321E+09  2.1338E+10  5.3883E+10  4.1476E-05  2.7524E-08  8.9857E+11 -2.2352E+08 -7.4661E+08 -2.2547E+06
     1.335100
  1.8075E+10  6.5112E+09  2.3423E+10  5.9165E+10 -2.9493E-05  1.6223E-08  9.8666E+11 -2.4465E+08 -8.2021E+08 -2.4602E+06
     1.338480
  1.9848E+10  7.1475E+09  2.5703E+10  6.4964E+10  1.4552E-04 -9.4897E-09  1.0833E+12 -2.6771E+08 -9.0241E+08 -2.6878E+06
     1.341860
  2.1796E+10  7.8461E+09  2.8189E+10  7.1329E+10 -9.0768E-06  4.6054E-08  1.1894E+12 -2.9274E+08 -9.9372E+08 -2.9433E+06
     1.345240
  2.3936E+10  8.6127E+09  3.0899E+10  7.8315E+10  3.7391E-05 -4.0867E-09  1.3058E+12 -3.1987E+08 -1.0943E+09 -3.2320E+06
     1.348620
  2.6287E+10  9.4531E+09  3.3855E+10  8.5985E+10  1.4080E-05  2.5692E-08  1.4336E+12 -3.4926E+08 -1.2042E+09 -3.5575E+06
     1.352000
  2.8868E+10  1.0374E+10  3.7090E+10  9.4407E+10  8.5873E-05 -5.6177E-09  1.5739E+12 -3.8122E+08 -1.3233E+09 -3.9211E+06
     1.355380
  3.1703E+10  1.1384E+10  4.0642E+10  1.0366E+11 -8.7674E-05 -4.3836E-08  1.7281E+12 -4.1614E+08 -1.4521E+09 -4.3218E+06
     1.358760
  3.4816E+10  1.2492E+10  4.4555E+10  1.1382E+11  7.0486E-05 -1.0998E-08  1.8976E+12 -4.5451E+08 -1.5913E+09 -4.7572E+06
     1.362140
  3.8236E+10  1.3709E+10  4.8874E+10  1.2499E+11 -1.7150E-04  1.3585E-07  2.0839E+12 -4.9685E+08 -1.7427E+09 -5.2250E+06
     1.365520
  4.1991E+10  1.5045E+10  5.3645E+10  1.3726E+11  4.0818E-04  7.5456E-09  2.2885E+12 -5.4368E+08 -1.9087E+09 -5.7249E+06
     1.368900
  4.6116E+10  1.6515E+10  5.8906E+10  1.5074E+11 -9.8599E-05 -4.7960E-08  2.5134E+12 -5.9541E+08 -2.0922E+09 -6.2601E+06
     1.372280
  5.0648E+10  1.8130E+10  6.4693E+10  1.6554E+11 -9.6780E-06  6.5382E-08  2.7603E+12 -6.5238E+08 -2.2964E+09 -6.8384E+06
     1.375660
  5.5625E+10  1.9906E+10  7.1037E+10  1.8180E+11 -1.1609E-05 -8.5216E-08  3.0314E+12 -7.1484E+08 -2.5241E+09 -7.4718E+06
     1.379040
  6.1092E+10  2.1858E+10  7.7972E+10  1.9966E+11  4.6196E-04  1.2977E-08  3.3289E+12 -7.8297E+08 -2.7775E+09 -8.1755E+06
     1.382420
  6.7098E+10  2.4001E+10  8.5542E+10  2.1925E+11  9.2967E-05  1.0520E-07  3.6555E+12 -8.5704E+08 -3.0580E+09 -8.9652E+06
     1.385800
  7.3695E+10  2.6352E+10  9.3803E+10  2.4077E+11 -1.6585E-04 -3.7215E-08  4.0140E+12 -9.3743E+08 -3.3663E+09 -9.8542E+06
     1.389180
  8.0941E+10  2.8930E+10  1.0283E+11  2.6440E+11  1.6172E-04  7.1606E-08  4.4077E+12 -1.0248E+09 -3.7026E+09 -1.0851E+07
     1.392560
  8.8900E+10  3.1758E+10  1.1273E+11  2.9034E+11 -2.2411E-04 -1.1935E-08  4.8401E+12 -1.1201E+09 -4.0674E+09 -1.1959E+07
     1.395940
  9.7642E+10  3.4860E+10  1.2361E+11  3.1885E+11 -2.0512E-04  3.3593E-08  5.3153E+12 -1.2245E+09 -4.4626E+09 -1.3174E+07
     1.399320
  1.0724E+11  3.8265E+10  1.3560E+11  3.5017E+11  2.3650E-04  1.3029E-07  5.8375E+12 -1.3394E+09 -4.8915E+09 -1.4493E+07
     1.402700
  1.1779E+11  4.2004E+10  1.4884E+11  3.8459E+11  1.1660E-04  9.1762E-08  6.4115E+12 -1.4663E+09 -5.3596E+09 -1.5912E+07
     1.406080
  1.2938E+11  4.6113E+10  1.6344E+11  4.2240E+11 -3.3097E-04  5.7444E-08  7.0422E+12 -1.6065E+09 -5.8741E+09 -1.7433E+07
     1.409460
  1.4210E+11  5.0631E+10  1.7953E+11  4.6395E+11  2.4763E-05  7.4353E-08  7.7351E+12 -1.7614E+09 -6.4434E+09 -1.9072E+07
     1.412840
  1.5608E+11  5.5599E+10  1.9721E+11  5.0958E+11 -2.0568E-04 -3.0032E-08  8.4960E+12 -1.9317E+09 -7.0763E+09 -2.0853E+07
     1.416220
  1.7144E+11  6.1059E+10  2.1659E+11  5.5970E+11  2.2668E-04  8.4062E-08  9.3314E+12 -2.1183E+09 -7.7805E+09 -2.2812E+07
     1.419600
  1.8831E+11  6.7058E+10  2.3778E+11  6.1473E+11  2.2597E-04 -2.8625E-07  1.0248E+13 -2.3219E+09 -8.5619E+09 -2.4992E+07
     1.422980
  2.0684E+11  7.3645E+10  2.6093E+11  6.7515E+11 -8.0683E-04 -1.9733E-07  1.1255E+13 -2.5435E+09 -9.4244E+09 -2.7435E+07
     1.426360
  2.2719E+11  8.0873E+10  2.8622E+11  7.4150E+11  2.5505E-03  3.7140E-07  1.2361E+13 -2.7845E+09 -1.0370E+10 -3.0175E+07
     1.429740
  2.4956E+11  8.8802E+10  3.1392E+11  8.1437E+11 -1.6233E-05  2.1217E-07  1.3575E+13 -3.0471E+09 -1.1402E+10 -3.3232E+07
     1.433120
  2.7412E+11  9.7501E+10  3.4430E+11  8.9441E+11  5.9518E-04 -5.9069E-07  1.4909E+13 -3.3341E+09 -1.2522E+10 -3.6613E+07
     1.436500
  3.0110E+11  1.0705E+11  3.7774E+11  9.8235E+11  2.0557E-04 -5.4161E-07  1.6375E+13 -3.6492E+09 -1.3738E+10 -4.0314E+07
     1.439880
  3.3074E+11  1.1753E+11  4.1459E+11  1.0790E+12 -1.7468E-03  5.7151E-08  1.7986E+13 -3.9965E+09 -1.5062E+10 -4.4325E+07
     1.443260
  3.6330E+11  1.2905E+11  4.5525E+11  1.1852E+12  2.8017E-03 -8.4968E-07  1.9757E+13 -4.3800E+09 -1.6511E+10 -4.8648E+07
     1.446640
  3.9906E+11  1.4170E+11  5.0007E+11  1.3018E+12 -8.0246E-04 -1.6112E-07  2.1702E+13 -4.8038E+09 -1.8106E+10 -5.3304E+07
     1.450020
  4.3835E+11  1.5562E+11  5.4941E+11  1.4300E+12  1.6036E-04 -6.4537E-08  2.3839E+13 -5.2710E+09 -1.9872E+10 -5.8342E+07
     1.453400
  4.8151E+11  1.7092E+11  6.0360E+11  1.5708E+12 -3.7305E-04  1.3459E-08  2.6187E+13 -5.7845E+09 -2.1834E+10 -6.3844E+07
     1.456780
  5.2892E+11  1.8773E+11  6.6297E+11  1.7254E+12  2.6417E-03 -3.7831E-07  2.8764E+13 -6.3469E+09 -2.4011E+10 -6.9916E+07
     1.460160
  5.8101E+11  2.0620E+11  7.2792E+11  1.8952E+12 -3.7953E-03  9.6226E-08  3.1593E+13 -6.9606E+09 -2.6420E+10 -7.6676E+07
     1.463540
  6.3823E+11  2.2649E+11  7.9894E+11  2.0817E+12  4.0576E-03  1.6436E-06  3.4700E+13 -7.6293E+09 -2.9074E+10 -8.4235E+07
     1.466920
  7.0109E+11  2.4874E+11  8.7664E+11  2.2865E+12  1.8075E-03 -2.6295E-06  3.8113E+13 -8.3580E+09 -3.1980E+10 -9.2681E+07
     1.470300
  7.7015E+11  2.7317E+11  9.6180E+11  2.5114E+12 -1.6304E-03 -9.9094E-07  4.1861E+13 -9.1536E+09 -3.5148E+10 -1.0207E+08
     1.473680
  8.4601E+11  2.9997E+11  1.0553E+12  2.7585E+12  9.3053E-04 -1.2614E-06  4.5979E+13 -1.0025E+10 -3.8594E+10 -1.1241E+08
     1.477060
  9.2934E+11  3.2940E+11  1.1583E+12  3.0300E+12 -3.5464E-03 -2.3042E-07  5.0505E+13 -1.0983E+10 -4.2344E+10 -1.2371E+08
     1.480440
  1.0209E+12  3.6172E+11  1.2718E+12  3.3283E+12  4.1648E-03  9.5578E-07  5.5480E+13 -1.2040E+10 -4.6436E+10 -1.3595E+08
     1.483820
  1.1214E+12  3.9723E+11  1.3969E+12  3.6562E+12 -6.0255E-03  1.2623E-06  6.0946E+13 -1.3207E+10 -5.0925E+10 -1.4918E+08
     1.487200
  1.2319E+12  4.3626E+11  1.5348E+12  4.0164E+12 -1.4404E-03  9.0201E-07  6.6952E+13 -1.4494E+10 -5.5873E+10 -1.6348E+08
     1.490580
  1.3533E+12  4.7918E+11  1.6864E+12  4.4121E+12  2.6275E-03  4.1512E-08  7.3550E+13 -1.5913E+10 -6.1351E+10 -1.7902E+08
     1.493960
  1.4866E+12  5.2635E+11  1.8528E+12  4.8468E+12 -6.5213E-03  1.2346E-06  8.0795E+13 -1.7471E+10 -6.7426E+10 -1.9606E+08
     1.497340
  1.6331E+12  5.7820E+11  2.0352E+12  5.3242E+12 -4.5807E-03  1.7053E-06  8.8752E+13 -1.9176E+10 -7.4155E+10 -2.1489E+08
     1.500000
  1.7584E+12  6.2256E+11  2.1907E+12  5.7326E+12  8.8364E-03  1.3089E-06  9.5559E+13 -2.0628E+10 -7.9943E+10 -2.3120E+08
