     0.000000
  9.1148E-04  3.7479E-36  5.5580E-11  4.8810E-04  0.0000E+00  0.0000E+00  0.0000E+00  0.0000E+00  0.0000E+00  0.0000E+00
     0.002540
  6.6408E-04  1.0726E-05  2.2410E-04  3.9204E-04  8.8351E-21  9.3987E-23  5.5785E-04  1.6844E-07  1.6967E-07  4.5394E-10
     0.005080
  4.9699E-04  1.5481E-05  2.3962E-04  3.4666E-04  6.8708E-20  9.4678E-23  7.8547E-04  7.2817E-07  3.8459E-07  1.3552E-09
     0.007620
  4.1960E-04  1.6336E-05  2.4356E-04  3.3621E-04 -1.0065E-19  4.6765E-23  9.5389E-04  1.2912E-06  6.6090E-07  2.2936E-09
     0.010160
  3.8934E-04  1.7754E-05  2.7908E-04  3.1890E-04 -3.8679E-19  1.0202E-23  1.3663E-03  1.1705E-06  1.1044E-06  4.2997E-09
     0.012700
  3.8099E-04  2.1346E-05  3.4045E-04  2.8831E-04  1.4232E-19  1.9729E-23  2.2634E-03  3.7924E-07  1.7148E-06  9.1280E-09
     0.015240
  3.7857E-04  2.7304E-05  4.0782E-04  2.7050E-04 -3.6407E-19 -2.7702E-22  3.5668E-03 -3.2424E-07  2.1358E-06  1.7871E-08
     0.017780
  3.7453E-04  3.5417E-05  4.6400E-04  2.8719E-04 -2.4376E-19  2.8969E-22  4.9691E-03 -6.4024E-07  1.4699E-06  2.8699E-08
     0.020320
  3.7149E-04  4.5108E-05  5.0384E-04  3.3302E-04 -2.7532E-19  1.5932E-22  6.1750E-03 -8.3028E-07 -1.0049E-06  3.6663E-08
     0.022860
  3.7410E-04  5.4443E-05  5.2604E-04  3.9223E-04  3.2643E-19  1.6499E-22  7.2040E-03 -1.3589E-06 -5.2178E-06  3.6984E-08
     0.025400
  3.7592E-04  6.1790E-05  5.5432E-04  4.5957E-04 -1.2852E-18  3.8110E-22  8.3713E-03 -2.6304E-06 -1.0043E-05  2.8049E-08
     0.027940
  3.8031E-04  6.5590E-05  6.1112E-04  5.3364E-04  1.4172E-18 -7.1617E-22  1.0179E-02 -4.8668E-06 -1.4609E-05  1.1707E-08
     0.030480
  3.8685E-04  7.0101E-05  7.1786E-04  6.1849E-04 -9.5481E-19  1.6090E-22  1.2873E-02 -7.8548E-06 -1.6902E-05 -5.9094E-09
     0.033020
  4.0219E-04  7.3669E-05  8.7844E-04  7.2134E-04 -5.2623E-19 -1.6628E-21  1.6480E-02 -1.1161E-05 -1.5209E-05 -1.4323E-08
     0.035560
  4.1948E-04  8.4342E-05  1.0759E-03  8.5969E-04  2.2322E-18  1.0188E-21  2.0652E-02 -1.4384E-05 -8.8914E-06 -1.8946E-09
     0.038100
  4.4800E-04  9.8618E-05  1.2782E-03  1.0373E-03 -2.0037E-19 -1.2136E-21  2.5266E-02 -1.7358E-05 -4.9290E-09  3.9123E-08
     0.040640
  4.8444E-04  1.1905E-04  1.5053E-03  1.2420E-03 -2.8206E-18 -9.3955E-22  3.0583E-02 -2.0160E-05  5.7909E-06  1.0582E-07
     0.043180
  5.2666E-04  1.4453E-04  1.7767E-03  1.4791E-03 -8.6594E-18 -2.0115E-21  3.7104E-02 -2.3247E-05  2.6204E-06  1.8451E-07
     0.045720
  5.7830E-04  1.7760E-04  2.1186E-03  1.7627E-03 -1.0456E-18 -1.3916E-21  4.5428E-02 -2.6925E-05 -1.1940E-05  2.5380E-07
     0.048260
  6.5008E-04  2.2183E-04  2.5463E-03  2.1122E-03  2.3252E-19 -8.0925E-23  5.6007E-02 -3.1911E-05 -3.7910E-05  2.9492E-07
     0.050800
  7.3966E-04  2.7613E-04  3.0847E-03  2.5577E-03 -6.0472E-18 -2.8405E-21  6.9219E-02 -3.8356E-05 -6.9323E-05  2.9818E-07
     0.053340
  8.4506E-04  3.4129E-04  3.7620E-03  3.1224E-03 -1.1199E-17  1.2040E-21  8.5301E-02 -4.6906E-05 -9.6773E-05  2.7522E-07
     0.055880
  9.7996E-04  4.1467E-04  4.5686E-03  3.8335E-03 -2.9585E-18 -1.1869E-21  1.0434E-01 -5.8093E-05 -1.1647E-04  2.4469E-07
     0.058420
  1.1565E-03  4.9611E-04  5.5276E-03  4.7121E-03 -3.8023E-18  2.2891E-21  1.2741E-01 -7.2286E-05 -1.2232E-04  2.3834E-07
     0.060960
  1.3778E-03  5.9037E-04  6.6935E-03  5.7844E-03  3.1381E-18  5.2219E-21  1.5557E-01 -9.0750E-05 -1.1697E-04  2.9357E-07
     0.063500
  1.6514E-03  7.0244E-04  8.1334E-03  7.0867E-03 -1.6391E-17 -1.6771E-21  1.9017E-01 -1.1419E-04 -1.1266E-04  4.2354E-07
     0.066040
  1.9904E-03  8.3850E-04  9.9182E-03  8.6737E-03 -1.2413E-18 -4.6674E-21  2.3311E-01 -1.4234E-04 -1.1507E-04  6.2896E-07
     0.068580
  2.4066E-03  1.0113E-03  1.2155E-02  1.0603E-02  1.8557E-17 -1.3026E-20  2.8702E-01 -1.7571E-04 -1.3122E-04  9.0708E-07
     0.071120
  2.9144E-03  1.2381E-03  1.4967E-02  1.2964E-02 -7.1277E-17  2.2661E-20  3.5398E-01 -2.1635E-04 -1.7477E-04  1.2334E-06
     0.073660
  3.5400E-03  1.5263E-03  1.8441E-02  1.5874E-02 -8.7553E-18  1.6631E-21  4.3581E-01 -2.6501E-04 -2.5150E-04  1.5744E-06
     0.076200
  4.3147E-03  1.8836E-03  2.2675E-02  1.9465E-02  5.5403E-17  7.9977E-21  5.3611E-01 -3.2120E-04 -3.5637E-04  1.9042E-06
     0.078740
  5.2595E-03  2.3304E-03  2.7862E-02  2.3886E-02  2.3104E-17 -6.6485E-20  6.5935E-01 -3.8899E-04 -4.7842E-04  2.2334E-06
     0.081280
  6.4124E-03  2.8836E-03  3.4195E-02  2.9326E-02  2.2038E-17 -6.3015E-21  8.0945E-01 -4.7392E-04 -6.0893E-04  2.5877E-06
     0.083820
  7.8288E-03  3.5602E-03  4.1910E-02  3.6014E-02  8.6508E-17 -7.9512E-20  9.9181E-01 -5.8002E-04 -7.4560E-04  3.0170E-06
     0.086360
  9.5784E-03  4.3721E-03  5.1296E-02  4.4216E-02 -8.5059E-17  8.2227E-20  1.2143E+00 -7.1081E-04 -8.9728E-04  3.5651E-06
     0.088900
  1.1729E-02  5.3494E-03  6.2793E-02  5.4260E-02  1.5431E-17 -1.0633E-21  1.4883E+00 -8.7243E-04 -1.0600E-03  4.3016E-06
     0.091440
  1.4373E-02  6.5353E-03  7.6948E-02  6.6570E-02 -1.4151E-16  8.1987E-20  1.8256E+00 -1.0757E-03 -1.2445E-03  5.3049E-06
     0.093980
  1.7626E-02  7.9856E-03  9.4389E-02  8.1682E-02  7.6449E-16  3.0314E-20  2.2409E+00 -1.3290E-03 -1.4648E-03  6.6445E-06
     0.096520
  2.1625E-02  9.7629E-03  1.1588E-01  1.0024E-01  1.0250E-16  5.5178E-20  2.7526E+00 -1.6409E-03 -1.7561E-03  8.3731E-06
     0.099060
  2.6537E-02  1.1954E-02  1.4235E-01  1.2304E-01  1.0574E-16 -2.7668E-20  3.3823E+00 -2.0217E-03 -2.1551E-03  1.0530E-05
     0.101600
  3.2568E-02  1.4661E-02  1.7490E-01  1.5105E-01 -8.9255E-17 -2.7647E-20  4.1560E+00 -2.4843E-03 -2.6942E-03  1.3111E-05
     0.104140
  3.9968E-02  1.7997E-02  2.1489E-01  1.8548E-01 -1.1733E-16  8.0845E-20  5.1065E+00 -3.0475E-03 -3.3807E-03  1.6157E-05
     0.106680
  4.9045E-02  2.2123E-02  2.6400E-01  2.2777E-01  2.5366E-17  2.2388E-19  6.2719E+00 -3.7330E-03 -4.2127E-03  1.9810E-05
     0.109220
  6.0186E-02  2.7201E-02  3.2416E-01  2.7968E-01  6.5716E-16  3.7387E-19  7.6995E+00 -4.5703E-03 -5.2372E-03  2.4155E-05
     0.111760
  7.3857E-02  3.3430E-02  3.9788E-01  3.4338E-01 -2.2134E-16 -3.4978E-19  9.4500E+00 -5.5968E-03 -6.4750E-03  2.9375E-05
     0.114300
  9.0631E-02  4.1101E-02  4.8835E-01  4.2153E-01 -1.0089E-15 -6.3113E-20  1.1598E+01 -6.8568E-03 -7.9461E-03  3.5796E-05
     0.116840
  1.1123E-01  5.0510E-02  5.9931E-01  5.1739E-01 -7.8476E-16  5.0413E-19  1.4231E+01 -8.4118E-03 -9.7322E-03  4.3692E-05
     0.119380
  1.3652E-01  6.2029E-02  7.3549E-01  6.3503E-01  1.3791E-15 -4.9274E-19  1.7466E+01 -1.0332E-02 -1.1889E-02  5.3447E-05
     0.121920
  1.6758E-01  7.6113E-02  9.0264E-01  7.7948E-01  3.3479E-15 -8.5599E-19  2.1436E+01 -1.2698E-02 -1.4494E-02  6.5570E-05
     0.124460
  2.0575E-01  9.3341E-02  1.1079E+00  9.5683E-01  9.3777E-16  4.7962E-20  2.6315E+01 -1.5605E-02 -1.7679E-02  8.0663E-05
     0.127000
  2.5261E-01  1.1448E-01  1.3603E+00  1.1746E+00  1.4600E-15  4.4143E-19  3.2313E+01 -1.9181E-02 -2.1601E-02  9.9435E-05
     0.129540
  3.1012E-01  1.4047E-01  1.6702E+00  1.4421E+00 -6.4773E-16 -1.6535E-18  3.9679E+01 -2.3572E-02 -2.6486E-02  1.2258E-04
     0.132080
  3.8073E-01  1.7240E-01  2.0508E+00  1.7705E+00 -3.1878E-15 -2.6888E-18  4.8723E+01 -2.8955E-02 -3.2588E-02  1.5089E-04
     0.134620
  4.6742E-01  2.1161E-01  2.5179E+00  2.1740E+00  3.3790E-15 -2.2976E-18  5.9825E+01 -3.5544E-02 -4.0124E-02  1.8545E-04
     0.137160
  5.7382E-01  2.5981E-01  3.0916E+00  2.6693E+00 -7.8262E-15  5.3607E-19  7.3457E+01 -4.3616E-02 -4.9380E-02  2.2774E-04
     0.139700
  7.0442E-01  3.1909E-01  3.7960E+00  3.2773E+00 -3.5145E-15  2.6061E-18  9.0181E+01 -5.3522E-02 -6.0741E-02  2.7951E-04
     0.142240
  8.6475E-01  3.9193E-01  4.6602E+00  4.0234E+00  1.7846E-16 -1.6092E-19  1.1070E+02 -6.5668E-02 -7.4696E-02  3.4274E-04
     0.144780
  1.0616E+00  4.8130E-01  5.7205E+00  4.9393E+00  1.1252E-14  8.8402E-19  1.3588E+02 -8.0572E-02 -9.1839E-02  4.2003E-04
     0.147320
  1.3033E+00  5.9087E-01  7.0221E+00  6.0634E+00  1.8843E-14  5.5671E-18  1.6681E+02 -9.8887E-02 -1.1281E-01  5.1470E-04
     0.149860
  1.6001E+00  7.2531E-01  8.6205E+00  7.4434E+00 -1.2614E-14  9.7511E-18  2.0478E+02 -1.2140E-01 -1.3828E-01  6.3128E-04
     0.152400
  1.9643E+00  8.9049E-01  1.0583E+01  9.1376E+00 -4.7802E-15  3.9964E-18  2.5141E+02 -1.4908E-01 -1.6941E-01  7.7519E-04
     0.154940
  2.4114E+00  1.0934E+00  1.2993E+01  1.1218E+01  8.2506E-14  6.1853E-18  3.0865E+02 -1.8308E-01 -2.0778E-01  9.5225E-04
     0.157480
  2.9604E+00  1.3423E+00  1.5951E+01  1.3772E+01 -2.0342E-14 -9.2801E-18  3.7891E+02 -2.2482E-01 -2.5501E-01  1.1693E-03
     0.160020
  3.6345E+00  1.6474E+00  1.9582E+01  1.6907E+01  1.8874E-14 -1.9688E-17  4.6519E+02 -2.7606E-01 -3.1293E-01  1.4360E-03
     0.162560
  4.4622E+00  2.0221E+00  2.4041E+01  2.0757E+01  1.2392E-14 -1.2725E-17  5.7113E+02 -3.3894E-01 -3.8415E-01  1.7639E-03
     0.165100
  5.4782E+00  2.4823E+00  2.9516E+01  2.5484E+01  5.4598E-14  3.1268E-17  7.0120E+02 -4.1611E-01 -4.7166E-01  2.1667E-03
     0.167640
  6.7254E+00  3.0476E+00  3.6238E+01  3.1287E+01  3.4853E-14 -2.2492E-17  8.6086E+02 -5.1083E-01 -5.7912E-01  2.6611E-03
     0.170180
  8.2565E+00  3.7419E+00  4.4489E+01  3.8411E+01  1.9357E-14 -2.4066E-17  1.0569E+03 -6.2708E-01 -7.1135E-01  3.2675E-03
     0.172720
  1.0136E+01  4.5942E+00  5.4618E+01  4.7157E+01  1.3045E-13  2.2912E-17  1.2975E+03 -7.6977E-01 -8.7411E-01  4.0103E-03
     0.175260
  1.2444E+01  5.6402E+00  6.7052E+01  5.7893E+01  2.9529E-15 -3.5905E-17  1.5929E+03 -9.4493E-01 -1.0734E+00  4.9212E-03
     0.177800
  1.5278E+01  6.9245E+00  8.2318E+01  7.1074E+01  1.7251E-14  1.2455E-16  1.9555E+03 -1.1600E+00 -1.3176E+00  6.0403E-03
     0.180340
  1.8756E+01  8.5013E+00  1.0106E+02  8.7255E+01 -1.2857E-13  2.3542E-17  2.4007E+03 -1.4241E+00 -1.6174E+00  7.4146E-03
     0.182880
  2.3026E+01  1.0437E+01  1.2407E+02  1.0712E+02 -1.8914E-13  1.0632E-16  2.9473E+03 -1.7484E+00 -1.9854E+00  9.1021E-03
     0.185420
  2.8269E+01  1.2813E+01  1.5231E+02  1.3151E+02 -4.8603E-13 -1.3611E-16  3.6183E+03 -2.1465E+00 -2.4370E+00  1.1174E-02
     0.187960
  3.4704E+01  1.5731E+01  1.8699E+02  1.6145E+02  3.6553E-13 -2.6678E-16  4.4420E+03 -2.6353E+00 -2.9912E+00  1.3719E-02
     0.190500
  4.2606E+01  1.9312E+01  2.2956E+02  1.9821E+02  2.4574E-13 -3.7607E-17  5.4534E+03 -3.2355E+00 -3.6717E+00  1.6843E-02
     0.193040
  5.2306E+01  2.3708E+01  2.8183E+02  2.4333E+02 -5.0587E-13  7.1825E-17  6.6950E+03 -3.9722E+00 -4.5078E+00  2.0680E-02
     0.195580
  6.4215E+01  2.9105E+01  3.4600E+02  2.9873E+02  1.0667E-12  3.3950E-16  8.2194E+03 -4.8766E+00 -5.5347E+00  2.5390E-02
     0.198120
  7.8836E+01  3.5731E+01  4.2477E+02  3.6675E+02 -6.9610E-13 -1.3617E-16  1.0091E+04 -5.9869E+00 -6.7950E+00  3.1172E-02
     0.200660
  9.6785E+01  4.3866E+01  5.2149E+02  4.5025E+02  3.6627E-13  9.1004E-16  1.2388E+04 -7.3499E+00 -8.3423E+00  3.8270E-02
     0.203200
  1.1882E+02  5.3854E+01  6.4022E+02  5.5277E+02  1.5455E-13 -2.7032E-16  1.5209E+04 -9.0233E+00 -1.0242E+01  4.6984E-02
     0.205740
  1.4587E+02  6.6116E+01  7.8599E+02  6.7862E+02  1.1690E-12  2.7878E-16  1.8672E+04 -1.1077E+01 -1.2574E+01  5.7681E-02
     0.208280
  1.7909E+02  8.1170E+01  9.6494E+02  8.3313E+02 -2.6923E-12  3.4991E-16  2.2923E+04 -1.3599E+01 -1.5439E+01  7.0810E-02
     0.210820
  2.1986E+02  9.9651E+01  1.1846E+03  1.0228E+03  1.4252E-12 -7.1586E-16  2.8141E+04 -1.6695E+01 -1.8954E+01  8.6926E-02
     0.213360
  2.6992E+02  1.2234E+02  1.4543E+03  1.2557E+03 -4.0542E-12  1.1155E-15  3.4549E+04 -2.0497E+01 -2.3269E+01  1.0671E-01
     0.215900
  3.3137E+02  1.5019E+02  1.7855E+03  1.5416E+03 -1.3476E-12 -2.7980E-16  4.2414E+04 -2.5163E+01 -2.8565E+01  1.3101E-01
     0.218440
  4.0681E+02  1.8439E+02  2.1920E+03  1.8925E+03  1.4810E-12  1.1210E-15  5.2071E+04 -3.0892E+01 -3.5068E+01  1.6084E-01
     0.220980
  4.9944E+02  2.2637E+02  2.6910E+03  2.3234E+03  2.6598E-14  8.6619E-17  6.3927E+04 -3.7926E+01 -4.3051E+01  1.9746E-01
     0.223520
  6.1315E+02  2.7791E+02  3.3037E+03  2.8524E+03  5.8261E-12  7.5141E-16  7.8481E+04 -4.6561E+01 -5.2852E+01  2.4242E-01
     0.226060
  7.5275E+02  3.4118E+02  4.0559E+03  3.5018E+03  2.6648E-13  2.1649E-15  9.6350E+04 -5.7162E+01 -6.4883E+01  2.9762E-01
     0.228600
  9.2413E+02  4.1886E+02  4.9793E+03  4.2991E+03  1.3406E-12  8.3614E-16  1.1829E+05 -7.0177E+01 -7.9656E+01  3.6538E-01
     0.231140
  1.1345E+03  5.1422E+02  6.1130E+03  5.2780E+03 -5.3054E-12 -2.2494E-15  1.4522E+05 -8.6155E+01 -9.7793E+01  4.4858E-01
     0.233680
  1.3928E+03  6.3130E+02  7.5048E+03  6.4796E+03  7.8074E-12  7.9495E-15  1.7828E+05 -1.0577E+02 -1.2006E+02  5.5071E-01
     0.236220
  1.7100E+03  7.7503E+02  9.2135E+03  7.9549E+03 -1.5365E-11 -9.4315E-15  2.1887E+05 -1.2985E+02 -1.4740E+02  6.7609E-01
     0.238760
  2.0993E+03  9.5149E+02  1.1311E+04  9.7661E+03  1.8844E-11  1.0968E-14  2.6870E+05 -1.5941E+02 -1.8096E+02  8.3002E-01
     0.241300
  2.5772E+03  1.1681E+03  1.3886E+04  1.1990E+04 -2.6971E-11  1.0669E-14  3.2988E+05 -1.9571E+02 -2.2216E+02  1.0190E+00
     0.243840
  3.1640E+03  1.4341E+03  1.7048E+04  1.4719E+04 -1.6232E-11  3.3855E-15  4.0499E+05 -2.4027E+02 -2.7274E+02  1.2510E+00
     0.246380
  3.8844E+03  1.7606E+03  2.0930E+04  1.8071E+04  8.1792E-11  1.9062E-14  4.9719E+05 -2.9497E+02 -3.3484E+02  1.5358E+00
     0.248920
  4.7688E+03  2.1614E+03  2.5695E+04  2.2185E+04 -1.5658E-11 -2.4611E-14  6.1039E+05 -3.6213E+02 -4.1107E+02  1.8854E+00
     0.251460
  5.8545E+03  2.6536E+03  3.1545E+04  2.7236E+04 -2.5955E-12  9.0487E-15  7.4936E+05 -4.4458E+02 -5.0466E+02  2.3147E+00
     0.254000
  7.1874E+03  3.2577E+03  3.8727E+04  3.3437E+04  4.7308E-11  2.6901E-14  9.1997E+05 -5.4580E+02 -6.1956E+02  2.8417E+00
     0.256540
  8.8239E+03  3.9994E+03  4.7544E+04  4.1049E+04 -6.7817E-11 -5.7524E-15  1.1294E+06 -6.7007E+02 -7.6061E+02  3.4887E+00
     0.259080
  1.0833E+04  4.9100E+03  5.8369E+04  5.0396E+04  2.2239E-11 -2.7770E-14  1.3866E+06 -8.2263E+02 -9.3379E+02  4.2830E+00
     0.261620
  1.3299E+04  6.0279E+03  7.1658E+04  6.1869E+04  2.4599E-11 -2.6334E-14  1.7023E+06 -1.0099E+03 -1.1464E+03  5.2582E+00
     0.264160
  1.6327E+04  7.4003E+03  8.7973E+04  7.5956E+04  2.0462E-10  1.0006E-13  2.0898E+06 -1.2399E+03 -1.4074E+03  6.4554E+00
     0.266700
  2.0044E+04  9.0851E+03  1.0800E+05  9.3249E+04  1.9393E-10 -3.4482E-14  2.5656E+06 -1.5221E+03 -1.7278E+03  7.9251E+00
     0.269240
  2.4608E+04  1.1154E+04  1.3259E+05  1.1448E+05 -2.0679E-13 -7.2967E-14  3.1498E+06 -1.8687E+03 -2.1212E+03  9.7295E+00
     0.271780
  3.0211E+04  1.3693E+04  1.6278E+05  1.4054E+05 -4.1417E-10  1.9333E-13  3.8669E+06 -2.2942E+03 -2.6042E+03  1.1945E+01
     0.274320
  3.7089E+04  1.6811E+04  1.9984E+05  1.7254E+05  2.4783E-10  5.4067E-14  4.7473E+06 -2.8165E+03 -3.1971E+03  1.4664E+01
     0.276860
  4.5534E+04  2.0638E+04  2.4534E+05  2.1183E+05  2.0505E-10 -2.2908E-13  5.8282E+06 -3.4577E+03 -3.9250E+03  1.8003E+01
     0.279400
  5.5901E+04  2.5337E+04  3.0120E+05  2.6006E+05 -6.8128E-10  3.2021E-14  7.1551E+06 -4.2450E+03 -4.8186E+03  2.2102E+01
     0.281940
  6.8628E+04  3.1105E+04  3.6977E+05  3.1926E+05 -9.5027E-10  2.8550E-13  8.7842E+06 -5.2115E+03 -5.9157E+03  2.7134E+01
     0.284480
  8.4253E+04  3.8187E+04  4.5396E+05  3.9195E+05 -6.9427E-10 -3.2820E-14  1.0784E+07 -6.3980E+03 -7.2626E+03  3.3311E+01
     0.287020
  1.0344E+05  4.6882E+04  5.5732E+05  4.8119E+05  6.0193E-11 -9.4531E-13  1.3239E+07 -7.8547E+03 -8.9161E+03  4.0896E+01
     0.289560
  1.2699E+05  5.7556E+04  6.8421E+05  5.9075E+05 -1.8673E-10  5.1474E-14  1.6254E+07 -9.6430E+03 -1.0946E+04  5.0207E+01
     0.292100
  1.5590E+05  7.0660E+04  8.3999E+05  7.2525E+05  1.3575E-09 -4.7589E-13  1.9954E+07 -1.1839E+04 -1.3438E+04  6.1638E+01
     0.294640
  1.9139E+05  8.6748E+04  1.0312E+06  8.9037E+05 -3.7282E-11  8.1564E-13  2.4498E+07 -1.4534E+04 -1.6498E+04  7.5671E+01
     0.297180
  2.3497E+05  1.0650E+05  1.2660E+06  1.0931E+06  2.9628E-09  2.9290E-12  3.0075E+07 -1.7843E+04 -2.0254E+04  9.2900E+01
     0.299720
  2.8846E+05  1.3075E+05  1.5543E+06  1.3420E+06  3.0925E-09 -7.5954E-13  3.6922E+07 -2.1905E+04 -2.4865E+04  1.1405E+02
     0.302260
  3.5414E+05  1.6051E+05  1.9081E+06  1.6475E+06 -1.4499E-09  7.4154E-13  4.5329E+07 -2.6893E+04 -3.0527E+04  1.4002E+02
     0.304800
  4.3477E+05  1.9706E+05  2.3426E+06  2.0226E+06  4.3704E-09 -1.7769E-12  5.5649E+07 -3.3015E+04 -3.7477E+04  1.7190E+02
     0.307340
  5.3375E+05  2.4192E+05  2.8759E+06  2.4831E+06 -5.9452E-09  2.5645E-12  6.8319E+07 -4.0532E+04 -4.6010E+04  2.1103E+02
     0.309880
  6.5528E+05  2.9700E+05  3.5307E+06  3.0484E+06  4.7311E-09 -3.0707E-12  8.3874E+07 -4.9761E+04 -5.6485E+04  2.5908E+02
     0.312420
  8.0447E+05  3.6463E+05  4.3346E+06  3.7425E+06 -3.2159E-09  5.2950E-12  1.0297E+08 -6.1090E+04 -6.9345E+04  3.1807E+02
     0.314960
  9.8763E+05  4.4764E+05  5.3215E+06  4.5946E+06  1.5624E-08  7.1336E-13  1.2641E+08 -7.4999E+04 -8.5134E+04  3.9048E+02
     0.317500
  1.2125E+06  5.4956E+05  6.5330E+06  5.6406E+06 -4.4541E-09 -4.8045E-13  1.5520E+08 -9.2074E+04 -1.0452E+05  4.7939E+02
     0.320040
  1.4885E+06  6.7468E+05  8.0205E+06  6.9249E+06 -6.1846E-09 -6.3294E-12  1.9053E+08 -1.1304E+05 -1.2831E+05  5.8853E+02
     0.322580
  1.8275E+06  8.2829E+05  9.8465E+06  8.5015E+06  1.2062E-08 -8.6385E-12  2.3391E+08 -1.3877E+05 -1.5753E+05  7.2253E+02
     0.325120
  2.2435E+06  1.0169E+06  1.2088E+07  1.0437E+07 -4.7055E-09 -1.1662E-12  2.8717E+08 -1.7037E+05 -1.9339E+05  8.8703E+02
     0.327660
  2.7543E+06  1.2484E+06  1.4841E+07  1.2813E+07 -7.2951E-10  7.1670E-12  3.5255E+08 -2.0916E+05 -2.3742E+05  1.0890E+03
     0.330200
  3.3814E+06  1.5326E+06  1.8220E+07  1.5731E+07 -2.0903E-08  2.7325E-11  4.3281E+08 -2.5678E+05 -2.9148E+05  1.3369E+03
     0.332740
  4.1513E+06  1.8816E+06  2.2368E+07  1.9312E+07  9.3595E-08  1.7991E-12  5.3136E+08 -3.1524E+05 -3.5784E+05  1.6413E+03
     0.335280
  5.0964E+06  2.3100E+06  2.7460E+07  2.3709E+07 -3.6199E-08  2.4001E-11  6.5233E+08 -3.8702E+05 -4.3931E+05  2.0150E+03
     0.337820
  6.2568E+06  2.8359E+06  3.3712E+07  2.9107E+07 -2.4678E-09 -3.7012E-11  8.0085E+08 -4.7513E+05 -5.3933E+05  2.4738E+03
     0.340360
  7.6813E+06  3.4815E+06  4.1388E+07  3.5734E+07  9.0596E-08  3.8951E-11  9.8319E+08 -5.8331E+05 -6.6213E+05  3.0370E+03
     0.342900
  9.4302E+06  4.2742E+06  5.0811E+07  4.3870E+07  1.3536E-07 -2.9401E-11  1.2070E+09 -7.1611E+05 -8.1288E+05  3.7285E+03
     0.345440
  1.1577E+07  5.2474E+06  6.2379E+07  5.3858E+07 -7.9104E-08  2.1625E-12  1.4819E+09 -8.7915E+05 -9.9795E+05  4.5773E+03
     0.347980
  1.4213E+07  6.4421E+06  7.6582E+07  6.6121E+07 -2.2409E-07 -6.1207E-11  1.8192E+09 -1.0793E+06 -1.2252E+06  5.6195E+03
     0.350520
  1.7449E+07  7.9088E+06  9.4018E+07  8.1175E+07  2.9131E-07 -7.3354E-11  2.2334E+09 -1.3251E+06 -1.5041E+06  6.8989E+03
     0.353060
  2.1422E+07  9.7094E+06  1.1542E+08  9.9657E+07  2.6154E-07 -1.1222E-10  2.7419E+09 -1.6267E+06 -1.8466E+06  8.4697E+03
     0.355600
  2.6299E+07  1.1920E+07  1.4170E+08  1.2235E+08  1.7342E-08 -2.7318E-10  3.3662E+09 -1.9971E+06 -2.2670E+06  1.0398E+04
     0.358140
  3.2287E+07  1.4634E+07  1.7397E+08  1.5020E+08 -2.2605E-07 -2.1700E-10  4.1326E+09 -2.4518E+06 -2.7831E+06  1.2765E+04
     0.360680
  3.9638E+07  1.7966E+07  2.1357E+08  1.8440E+08 -1.9196E-07 -1.3818E-10  5.0735E+09 -3.0100E+06 -3.4168E+06  1.5672E+04
     0.363220
  4.8662E+07  2.2056E+07  2.6220E+08  2.2638E+08  5.1153E-07  2.2088E-10  6.2287E+09 -3.6953E+06 -4.1947E+06  1.9240E+04
     0.365760
  5.9742E+07  2.7078E+07  3.2190E+08  2.7792E+08  4.8845E-07 -1.3601E-10  7.6468E+09 -4.5367E+06 -5.1497E+06  2.3620E+04
     0.368300
  7.3344E+07  3.3243E+07  3.9518E+08  3.4120E+08  1.0738E-06 -2.9287E-10  9.3878E+09 -5.5696E+06 -6.3222E+06  2.8998E+04
     0.370840
  9.0042E+07  4.0811E+07  4.8516E+08  4.1889E+08 -7.7229E-07 -6.5884E-10  1.1525E+10 -6.8376E+06 -7.7616E+06  3.5600E+04
     0.373380
  1.1054E+08  5.0103E+07  5.9562E+08  5.1426E+08  1.0369E-06  1.6314E-09  1.4149E+10 -8.3944E+06 -9.5288E+06  4.3706E+04
     0.375920
  1.3571E+08  6.1511E+07  7.3123E+08  6.3134E+08 -1.8077E-07  1.0111E-11  1.7371E+10 -1.0306E+07 -1.1698E+07  5.3657E+04
     0.378460
  1.6661E+08  7.5515E+07  8.9771E+08  7.7508E+08 -1.0562E-06 -3.7075E-10  2.1326E+10 -1.2652E+07 -1.4362E+07  6.5873E+04
     0.381000
  2.0454E+08  9.2708E+07  1.1021E+09  9.5155E+08 -1.4999E-07  9.5676E-11  2.6181E+10 -1.5533E+07 -1.7631E+07  8.0871E+04
     0.383540
  2.5111E+08  1.1382E+08  1.3530E+09  1.1682E+09  4.0160E-06 -1.9000E-09  3.2142E+10 -1.9069E+07 -2.1646E+07  9.9283E+04
     0.386080
  3.0828E+08  1.3973E+08  1.6611E+09  1.4342E+09  3.8937E-06 -3.5441E-10  3.9460E+10 -2.3411E+07 -2.6574E+07  1.2189E+05
     0.388620
  3.7847E+08  1.7154E+08  2.0393E+09  1.7607E+09  2.6383E-08 -2.4644E-09  4.8444E+10 -2.8741E+07 -3.2624E+07  1.4964E+05
     0.391160
  4.6464E+08  2.1060E+08  2.5036E+09  2.1616E+09 -2.6150E-06  2.6520E-09  5.9473E+10 -3.5284E+07 -4.0052E+07  1.8371E+05
     0.393700
  5.7043E+08  2.5855E+08  3.0736E+09  2.6537E+09  3.5866E-06  7.9709E-10  7.3014E+10 -4.3318E+07 -4.9171E+07  2.2553E+05
     0.396240
  7.0031E+08  3.1741E+08  3.7733E+09  3.2579E+09  7.4627E-06 -4.3851E-10  8.9637E+10 -5.3180E+07 -6.0366E+07  2.7688E+05
     0.398780
  8.5975E+08  3.8968E+08  4.6324E+09  3.9996E+09 -5.6052E-06  1.7047E-09  1.1005E+11 -6.5288E+07 -7.4110E+07  3.3992E+05
     0.401320
  1.0555E+09  4.7840E+08  5.6871E+09  4.9103E+09  4.8766E-06  4.0478E-10  1.3510E+11 -8.0152E+07 -9.0983E+07  4.1732E+05
     0.403860
  1.2958E+09  5.8732E+08  6.9820E+09  6.0282E+09  3.4503E-06  5.0485E-09  1.6586E+11 -9.8401E+07 -1.1170E+08  5.1233E+05
     0.406400
  1.5908E+09  7.2104E+08  8.5716E+09  7.4007E+09 -5.1489E-05  1.2895E-09  2.0362E+11 -1.2080E+08 -1.3713E+08  6.2898E+05
     0.408940
  1.9530E+09  8.8521E+08  1.0523E+10  9.0857E+09 -1.1736E-05  3.8854E-09  2.4998E+11 -1.4831E+08 -1.6835E+08  7.7218E+05
     0.411480
  2.3977E+09  1.0867E+09  1.2919E+10  1.1154E+10  2.0974E-06 -8.9597E-09  3.0690E+11 -1.8208E+08 -2.0668E+08  9.4799E+05
     0.414020
  2.9436E+09  1.3342E+09  1.5860E+10  1.3694E+10 -2.3734E-05 -1.1261E-08  3.7677E+11 -2.2353E+08 -2.5374E+08  1.1638E+06
     0.416560
  3.6138E+09  1.6379E+09  1.9471E+10  1.6812E+10 -1.2026E-05  1.5322E-08  4.6255E+11 -2.7442E+08 -3.1151E+08  1.4288E+06
     0.419100
  4.4365E+09  2.0109E+09  2.3905E+10  2.0639E+10 -2.3202E-06  1.3806E-08  5.6787E+11 -3.3690E+08 -3.8243E+08  1.7541E+06
     0.421640
  5.4466E+09  2.4687E+09  2.9347E+10  2.5338E+10  5.8684E-05 -2.3557E-09  6.9716E+11 -4.1361E+08 -4.6950E+08  2.1535E+06
     0.424180
  6.6867E+09  3.0307E+09  3.6029E+10  3.1107E+10  2.1511E-05  3.9631E-08  8.5588E+11 -5.0778E+08 -5.7639E+08  2.6438E+06
     0.426720
  8.2091E+09  3.7208E+09  4.4232E+10  3.8190E+10 -2.7236E-05  4.2880E-08  1.0507E+12 -6.2339E+08 -7.0763E+08  3.2457E+06
     0.429260
  1.0078E+10  4.5679E+09  5.4302E+10  4.6885E+10  1.1432E-05  2.5619E-08  1.2900E+12 -7.6532E+08 -8.6874E+08  3.9847E+06
     0.431800
  1.2373E+10  5.6079E+09  6.6666E+10  5.7559E+10 -7.1249E-05 -3.7311E-08  1.5837E+12 -9.3956E+08 -1.0665E+09  4.8919E+06
     0.434340
  1.5190E+10  6.8847E+09  8.1844E+10  7.0664E+10  1.1947E-05  5.6267E-09  1.9442E+12 -1.1535E+09 -1.3094E+09  6.0056E+06
     0.436880
  1.8648E+10  8.4522E+09  1.0048E+11  8.6753E+10 -4.0875E-05 -1.0783E-07  2.3869E+12 -1.4161E+09 -1.6075E+09  7.3730E+06
     0.439420
  2.2894E+10  1.0377E+10  1.2335E+11  1.0650E+11 -3.1701E-04 -3.3081E-08  2.9304E+12 -1.7385E+09 -1.9734E+09  9.0517E+06
     0.441960
  2.8106E+10  1.2739E+10  1.5144E+11  1.3075E+11 -2.4157E-04  1.2702E-08  3.5975E+12 -2.1343E+09 -2.4228E+09  1.1113E+07
     0.444500
  3.4505E+10  1.5640E+10  1.8592E+11  1.6052E+11 -1.7823E-04  6.1033E-08  4.4166E+12 -2.6203E+09 -2.9744E+09  1.3643E+07
     0.447040
  4.2361E+10  1.9200E+10  2.2825E+11  1.9707E+11 -3.4154E-05 -9.3125E-08  5.4222E+12 -3.2169E+09 -3.6515E+09  1.6749E+07
     0.449580
  5.2006E+10  2.3572E+10  2.8022E+11  2.4194E+11  1.3410E-04  2.7812E-07  6.6567E+12 -3.9493E+09 -4.4829E+09  2.0562E+07
     0.452120
  6.3847E+10  2.8938E+10  3.4401E+11  2.9702E+11 -5.0432E-05  2.2750E-07  8.1722E+12 -4.8484E+09 -5.5036E+09  2.5243E+07
     0.454660
  7.8383E+10  3.5527E+10  4.2234E+11  3.6465E+11  1.6971E-04 -3.5260E-07  1.0033E+13 -5.9523E+09 -6.7566E+09  3.0991E+07
     0.457200
  9.6229E+10  4.3616E+10  5.1850E+11  4.4767E+11 -1.3893E-04  5.9981E-07  1.2317E+13 -7.3075E+09 -8.2949E+09  3.8047E+07
     0.459740
  1.1814E+11  5.3546E+10  6.3654E+11  5.4959E+11  3.8205E-04 -9.9075E-07  1.5121E+13 -8.9712E+09 -1.0184E+10  4.6709E+07
     0.462280
  1.4504E+11  6.5737E+10  7.8147E+11  6.7472E+11 -9.8645E-05 -6.3210E-07  1.8564E+13 -1.1014E+10 -1.2502E+10  5.7344E+07
     0.464820
  1.7806E+11  8.0704E+10  9.5939E+11  8.2834E+11  1.5125E-03  2.9033E-07  2.2791E+13 -1.3521E+10 -1.5349E+10  7.0399E+07
     0.467360
  2.1860E+11  9.9079E+10  1.1778E+12  1.0169E+12  2.3744E-04 -2.7573E-06  2.7980E+13 -1.6600E+10 -1.8843E+10  8.6428E+07
     0.469900
  2.6837E+11  1.2164E+11  1.4460E+12  1.2485E+12  5.7065E-03 -3.5751E-07  3.4350E+13 -2.0379E+10 -2.3133E+10  1.0611E+08
     0.472440
  3.2947E+11  1.4933E+11  1.7752E+12  1.5327E+12  7.7494E-04 -1.5960E-06  4.2171E+13 -2.5019E+10 -2.8400E+10  1.3026E+08
     0.474980
  4.0448E+11  1.8333E+11  2.1794E+12  1.8817E+12 -1.4009E-03 -2.6334E-06  5.1772E+13 -3.0715E+10 -3.4866E+10  1.5992E+08
     0.477520
  4.9657E+11  2.2507E+11  2.6756E+12  2.3101E+12 -1.0858E-02  1.9645E-06  6.3560E+13 -3.7709E+10 -4.2804E+10  1.9633E+08
