     0.000000
  9.4648E-04  7.5580E-36  7.2718E-11  1.9636E-03  0.0000E+00  0.0000E+00  0.0000E+00  0.0000E+00  0.0000E+00  0.0000E+00
     0.004200
  8.7919E-04  1.3484E-04  1.2726E-02  3.2407E-03 -2.1939E-18 -1.0367E-19  1.2300E-01 -1.6340E-04  7.4867E-07  8.0983E-10
     0.008400
  1.2783E-03  1.1854E-03  4.9524E-02  8.0998E-03  1.8529E-17 -3.6199E-20  3.3704E-01 -1.6436E-05  1.0224E-06  1.2088E-09
     0.012600
  3.0993E-03  4.6859E-03  1.3926E-01  2.0916E-02  1.0074E-17 -5.0517E-19  9.5395E-01  4.0217E-04  8.0469E-07  1.6401E-09
     0.016800
  9.2777E-03  1.6182E-02  3.8986E-01  5.8586E-02  1.0479E-16 -4.9228E-19  2.8604E+00  1.6851E-04  2.6353E-08  2.1852E-09
     0.021000
  2.9115E-02  4.9344E-02  1.0923E+00  1.7318E-01  4.9619E-16 -1.6632E-18  8.4202E+00 -2.1415E-03 -1.0526E-06  2.5711E-09
     0.025200
  8.7449E-02  1.3380E-01  3.0293E+00  5.0759E-01  5.5973E-16 -1.5258E-18  2.3619E+01 -8.4191E-03 -1.8966E-06  2.5522E-09
     0.029400
  2.4296E-01  3.4560E-01  8.1944E+00  1.4140E+00  4.3277E-15 -3.4093E-18  6.2748E+01 -2.1546E-02 -2.1355E-06  2.1495E-09
     0.033600
  6.3462E-01  8.9259E-01  2.1702E+01  3.7490E+00 -4.9785E-15 -5.3433E-17  1.6283E+02 -4.6439E-02 -1.7963E-06  1.5665E-09
     0.037800
  1.6246E+00  2.3518E+00  5.7567E+01  9.7759E+00  8.6118E-15 -7.7444E-17  4.2873E+02 -1.0247E-01 -1.1548E-06  9.9236E-10
     0.042000
  4.2384E+00  6.3417E+00  1.5506E+02  2.5859E+01  5.3268E-14  1.6077E-16  1.1584E+03 -2.6385E-01 -5.0895E-07  5.1128E-10
     0.046200
  1.1419E+01  1.7336E+01  4.2225E+02  6.9898E+01 -2.3832E-13 -2.5865E-16  3.1717E+03 -7.5441E-01  5.2499E-09  3.2623E-10
     0.050400
  3.1355E+01  4.7397E+01  1.1505E+03  1.9098E+02 -3.3949E-14 -3.1223E-15  8.6673E+03 -2.1712E+00  3.3096E-07  1.9404E-10
     0.054600
  8.6068E+01  1.2862E+02  3.1193E+03  5.2089E+02  1.4521E-12 -4.0641E-15  2.3500E+04 -6.0447E+00  2.8984E-07  1.4953E-10
     0.058800
  2.3389E+02  3.4668E+02  8.4214E+03  1.4115E+03  1.9789E-12 -4.5708E-15  6.3345E+04 -1.6301E+01  2.3104E-07 -7.4651E-11
     0.063000
  6.3008E+02  9.3263E+02  2.2708E+04  3.8064E+03  4.0763E-12 -8.4184E-14  1.7055E+05 -4.3268E+01 -4.6020E-08 -3.3613E-09
     0.067200
  1.6931E+03  2.5142E+03  6.1297E+04  1.0255E+04  9.4110E-12  3.7399E-14  4.6014E+05 -1.1502E+02 -4.7377E-06  1.0077E-09
     0.071400
  4.5611E+03  6.7980E+03  1.6573E+05  2.7678E+04  6.1927E-11  5.6229E-14  1.2444E+06 -3.0912E+02  5.0832E-05  2.7145E-07
     0.075600
  1.2333E+04  1.8411E+04  4.4851E+05  7.4853E+04 -1.8181E-11  1.5687E-12  3.3695E+06 -8.3900E+02 -2.5157E-04 -2.2283E-06
     0.079800
  3.3412E+04  4.9853E+04  1.2137E+06  2.0263E+05  1.4582E-10  1.6419E-12  9.1212E+06 -2.2841E+03  9.5468E-04  8.6890E-06
     0.084000
  9.0503E+04  1.3485E+05  3.2824E+06  5.4842E+05 -5.2620E-11  1.2124E-11  2.4670E+07 -6.2021E+03 -3.1027E-03 -1.4016E-05
     0.088200
  2.4484E+05  3.6448E+05  8.8736E+06  1.4832E+06  1.2032E-09  1.7379E-11  6.6679E+07 -1.6771E+04  7.2934E-03 -4.1709E-05
     0.092400
  6.6171E+05  9.8492E+05  2.3986E+07  4.0092E+06 -4.8523E-09 -2.3446E-11  1.8021E+08 -4.5247E+04 -9.4491E-03  2.3336E-04
     0.096600
  1.7879E+06  2.6623E+06  6.4843E+07  1.0836E+07 -3.2152E-08  2.1529E-10  4.8714E+08 -1.2209E+05 -3.7160E-04 -6.8360E-04
     0.100800
  4.8323E+06  7.1987E+06  1.7533E+08  2.9293E+07 -1.9718E-08 -2.8931E-10  1.3172E+09 -3.2988E+05  6.5977E-02  1.6716E-03
     0.105000
  1.3066E+07  1.9468E+07  4.7412E+08  7.9209E+07 -2.4754E-07  3.2406E-10  3.5622E+09 -8.9241E+05 -2.7763E-01 -1.0782E-04
     0.109200
  3.5339E+07  5.2649E+07  1.2821E+09  2.1420E+08 -1.2890E-07 -1.1492E-10  9.6331E+09 -2.4150E+06  4.0633E-01 -7.7420E-03
     0.113400
  9.5571E+07  1.4236E+08  3.4667E+09  5.7924E+08 -4.1762E-08  4.2890E-10  2.6047E+10 -6.5331E+06  1.1122E-02  2.3139E-02
     0.117600
  2.5843E+08  3.8491E+08  9.3733E+09  1.5662E+09  2.0118E-07  9.0669E-09  7.0426E+10 -1.7664E+07 -1.7128E+00 -2.7102E-02
     0.121800
  6.9871E+08  1.0407E+09  2.5343E+10  4.2347E+09  3.0768E-06 -1.2591E-07  1.9041E+11 -4.7749E+07  3.2679E+00 -4.1972E-02
     0.126000
  1.8891E+09  2.8138E+09  6.8524E+10  1.1450E+10  7.0326E-06  2.5048E-07  5.1484E+11 -1.2908E+08  8.8280E-01  1.7798E-01
     0.130200
  5.1076E+09  7.6082E+09  1.8528E+11  3.0958E+10 -1.1311E-04 -1.8746E-07  1.3921E+12 -3.4898E+08 -1.1064E+01 -1.6041E-01
     0.134400
  1.3811E+10  2.0572E+10  5.0099E+11  8.3707E+10  1.8649E-04  2.1772E-07  3.7641E+12 -9.4368E+08  1.4161E+01 -2.9402E-01
     0.138600
  3.7343E+10  5.5626E+10  1.3546E+12  2.2634E+11 -3.9439E-05  7.4420E-07  1.0178E+13 -2.5518E+09  2.0412E+01  6.5465E-01
     0.142800
  1.0097E+11  1.5041E+11  3.6627E+12  6.1200E+11  2.0762E-03  3.3744E-06  2.7520E+13 -6.9003E+09 -5.0830E+01 -3.2133E-01
     0.147000
  2.7302E+11  4.0668E+11  9.9036E+12  1.6548E+12  6.7075E-04 -1.0952E-05  7.4410E+13 -1.8657E+10  6.3415E+01 -2.2423E+00
     0.151200
  7.3822E+11  1.0996E+12  2.6778E+13  4.4743E+12  3.4758E-03 -7.6154E-05  2.0119E+14 -5.0446E+10  1.9503E+02  4.4761E-01
     0.155400
  1.9960E+12  2.9732E+12  7.2405E+13  1.2098E+13 -2.9522E-02 -2.1260E-05  5.4401E+14 -1.3640E+11 -8.5757E+00  5.6646E-01
     0.159600
  5.3970E+12  8.0391E+12  1.9577E+14  3.2711E+13  1.3254E-02 -6.7176E-04  1.4709E+15 -3.6880E+11  9.5432E+01 -1.2611E+01
     0.163800
  1.4593E+13  2.1737E+13  5.2935E+14  8.8448E+13 -9.6527E-02  1.2368E-05  3.9772E+15 -9.9719E+11  1.3554E+03 -2.2351E+01
     0.168000
  3.9458E+13  5.8774E+13  1.4313E+15  2.3915E+14 -3.1437E-02 -8.4949E-04  1.0754E+16 -2.6963E+12  2.8697E+03 -3.5151E+01
     0.172200
  1.0669E+14  1.5892E+14  3.8701E+15  6.4664E+14  7.7672E-01 -2.7644E-02  2.9078E+16 -7.2906E+12  5.9036E+03 -9.0748E+01
     0.176400
  2.8848E+14  4.2970E+14  1.0464E+16  1.7484E+15  5.1631E-01 -3.1303E-02  7.8622E+16 -1.9713E+13  1.7071E+04 -4.9562E+02
     0.180600
  7.8000E+14  1.1619E+15  2.8294E+16  4.7276E+15 -4.9332E+00  1.1119E-02  2.1259E+17 -5.3301E+13  7.6723E+04 -1.3796E+03
     0.184800
  2.1090E+15  3.1415E+15  7.6504E+16  1.2783E+16 -2.6674E+01 -1.1217E-01  5.7481E+17 -1.4412E+14  2.0479E+05 -3.2310E+03
     0.189000
  5.7026E+15  8.4943E+15  2.0686E+17  3.4563E+16  9.5108E+01  4.5564E-01  1.5542E+18 -3.8968E+14  5.4177E+05 -9.0242E+03
     0.193200
  1.5419E+16  2.2968E+16  5.5932E+17  9.3455E+16 -1.9777E+02  1.0366E+00  4.2024E+18 -1.0537E+15  1.3809E+06 -2.3743E+04
     0.197400
  4.1692E+16  6.2102E+16  1.5123E+18  2.5269E+17 -8.1326E+01  3.1393E+00  1.1363E+19 -2.8490E+15  3.5884E+06 -6.2342E+04
     0.201600
  1.1273E+17  1.6792E+17  4.0892E+18  6.8325E+17  1.4257E+03 -6.8715E+00  3.0724E+19 -7.7033E+15  9.0443E+06 -1.5165E+05
     0.205800
  3.0481E+17  4.5402E+17  1.1057E+19  1.8474E+18 -6.3886E+03 -2.0103E+01  8.3073E+19 -2.0829E+16  2.2328E+07 -3.9227E+05
     0.210000
  8.2416E+17  1.2276E+18  2.9896E+19  4.9952E+18  5.0187E+03  3.8277E+01  2.2462E+20 -5.6318E+16  5.8824E+07 -1.0725E+06
