     0.000000
  1.9949E-02  3.1851E-35  1.7206E-09  1.3600E-02  0.0000E+00  0.0000E+00  0.0000E+00  0.0000E+00  0.0000E+00  0.0000E+00
     0.006340
  1.2410E-02  1.6467E-03  3.1305E-01  1.1061E-01  5.4877E-18 -1.4276E-20  1.0448E+00 -3.4098E-03  2.6775E-04  1.2451E-05
     0.012680
  1.0412E-02  1.1807E-02  3.3676E-01  1.2695E-01 -9.0314E-18  1.7763E-19  1.4481E-01 -3.1941E-03 -5.9571E-05  1.1112E-05
     0.019020
  1.3258E-02  2.7390E-02  3.3017E-01  1.9610E-01  2.2199E-17 -2.5859E-19  1.4078E+00 -3.7722E-03 -2.4540E-04 -5.3413E-06
     0.025360
  1.4691E-02  5.4801E-02  5.8940E-01  4.1359E-01  2.0303E-17 -3.3325E-18  1.9772E+00 -7.7259E-03  9.2910E-05  9.7739E-06
     0.031700
  2.5709E-02  1.0336E-01  7.8383E-01  7.1166E-01 -1.8213E-17  5.1468E-19  3.8946E+00 -1.3044E-02 -1.5312E-04 -3.6502E-06
     0.038040
  4.1548E-02  1.6547E-01  1.6336E+00  1.3375E+00  1.1343E-16 -6.6328E-19  7.8277E+00 -1.8197E-02 -1.0609E-04  2.9734E-06
     0.044380
  7.4215E-02  2.5543E-01  3.2259E+00  2.3517E+00 -7.9386E-16  3.4186E-18  1.3962E+01 -2.1396E-02 -2.7113E-04  1.6596E-06
     0.050720
  1.3661E-01  4.1102E-01  6.3989E+00  4.1919E+00 -4.0374E-16 -8.1938E-18  2.6403E+01 -2.4805E-02 -4.9149E-04 -3.1838E-07
     0.057060
  2.5068E-01  7.9283E-01  1.2132E+01  7.9057E+00  2.6651E-16 -2.1513E-17  4.9710E+01 -4.8821E-02 -8.6401E-04  5.9900E-06
     0.063400
  4.6393E-01  1.7823E+00  2.1858E+01  1.5836E+01  2.6393E-15 -5.9578E-17  9.7282E+01 -1.4439E-01 -1.6191E-03  6.8980E-07
     0.069740
  8.5400E-01  4.0629E+00  3.9172E+01  3.2695E+01 -1.0329E-15 -3.8998E-17  1.9325E+02 -3.9412E-01 -2.7133E-03  1.1714E-05
     0.076080
  1.5763E+00  8.5816E+00  7.2213E+01  6.6302E+01 -1.6116E-14 -1.6177E-16  3.8017E+02 -8.7797E-01 -4.8551E-03  7.4059E-06
     0.082420
  2.9196E+00  1.6283E+01  1.4026E+02  1.2865E+02 -7.4987E-15  1.3140E-16  7.2898E+02 -1.5932E+00 -8.1664E-03  1.6559E-05
     0.088760
  5.4189E+00  2.8099E+01  2.8202E+02  2.3825E+02 -8.4009E-15 -4.2343E-16  1.3563E+03 -2.3960E+00 -1.3879E-02  3.5794E-05
     0.095100
  1.0041E+01  4.6073E+01  5.6607E+02  4.2892E+02 -4.1604E-14 -5.6199E-16  2.4764E+03 -3.1555E+00 -2.3742E-02  3.4842E-05
     0.101440
  1.8501E+01  7.7506E+01  1.1028E+03  7.7542E+02 -3.4169E-14  3.3908E-16  4.5286E+03 -4.3818E+00 -4.0083E-02 -3.4102E-05
     0.107780
  3.3897E+01  1.4361E+02  2.0685E+03  1.4507E+03  1.9622E-13  5.0021E-16  8.4628E+03 -8.5068E+00 -6.7976E-02 -5.3404E-04
     0.114120
  6.2030E+01  2.9220E+02  3.7807E+03  2.8302E+03 -4.1904E-13  5.6775E-15  1.6292E+04 -2.1411E+01 -1.1876E-01 -2.3528E-03
     0.120460
  1.1424E+02  6.1108E+02  6.9093E+03  5.6565E+03 -7.2862E-13 -6.7607E-15  3.2058E+04 -5.2982E+01 -2.1113E-01 -7.2167E-03
     0.126800
  2.1312E+02  1.2406E+03  1.2960E+04  1.1286E+04  2.6324E-12 -1.2382E-15  6.3451E+04 -1.1543E+02 -3.9207E-01 -1.6730E-02
     0.133140
  4.0316E+02  2.4022E+03  2.5181E+04  2.2115E+04 -3.4134E-12  9.4853E-15  1.2462E+05 -2.2092E+02 -7.1744E-01 -2.5589E-02
     0.139480
  7.6886E+02  4.5049E+03  5.0023E+04  4.2482E+04  9.0548E-12 -3.0651E-13  2.4144E+05 -3.8740E+02 -1.1964E+00  6.8365E-05
     0.145820
  1.4638E+03  8.4537E+03  9.9289E+04  8.0705E+04  4.0062E-12  1.4211E-13  4.6182E+05 -6.7119E+02 -1.6032E+00  1.7507E-01
     0.152160
  2.7570E+03  1.6300E+04  1.9357E+05  1.5334E+05 -5.7234E-12  1.0098E-12  8.7572E+05 -1.2440E+03 -1.1536E+00  7.9738E-01
     0.158500
  5.1154E+03  3.2233E+04  3.6908E+05  2.9306E+05 -3.2271E-11  2.8733E-13  1.6520E+06 -2.5006E+03  1.6815E+00  2.4753E+00
     0.164840
  9.3692E+03  6.3572E+04  6.9338E+05  5.6141E+05 -7.1713E-11 -1.9104E-12  3.1046E+06 -5.1141E+03  8.2289E+00  6.0490E+00
     0.171180
  1.7085E+04  1.2121E+05  1.3008E+06  1.0691E+06 -7.9375E-11 -2.2804E-12  5.8161E+06 -9.9005E+03  1.5742E+01  1.1468E+01
     0.177520
  3.1421E+04  2.2006E+05  2.4648E+06  2.0131E+06  6.4936E-10 -4.7898E-12  1.0896E+07 -1.7525E+04  9.4839E+00  1.3622E+01
     0.183860
  5.9046E+04  3.8470E+05  4.7290E+06  3.7624E+06 -2.3001E-10 -8.4414E-12  2.0571E+07 -2.8800E+04 -4.3886E+01 -8.0006E+00
     0.190200
  1.1424E+05  6.7652E+05  9.1347E+06  7.0754E+06 -9.5185E-10  1.9056E-12  3.9568E+07 -4.7881E+04 -1.7432E+02 -1.0666E+02
     0.196540
  2.2728E+05  1.2754E+06  1.7621E+07  1.3621E+07 -3.0903E-09 -3.1740E-12  7.8135E+07 -9.2683E+04 -2.9340E+02 -3.8011E+02
     0.202880
  4.6072E+05  2.6656E+06  3.3821E+07  2.7078E+07 -7.0116E-10 -1.1835E-11  1.5804E+08 -2.1736E+05  9.8819E+01 -9.2754E+02
     0.209220
  9.3968E+05  5.9714E+06  6.4806E+07  5.5142E+07  7.2317E-09 -3.1670E-11  3.2310E+08 -5.4707E+05  2.3445E+03 -1.6377E+03
     0.215560
  1.9053E+06  1.3442E+07  1.2492E+08  1.1271E+08 -1.2576E-08  3.3781E-10  6.5553E+08 -1.3118E+06  8.6188E+03 -1.6371E+03
     0.221900
  3.8059E+06  2.8992E+07  2.4365E+08  2.2629E+08 -4.8446E-08  1.5903E-10  1.2986E+09 -2.8455E+06  1.9646E+04  1.6884E+03
     0.228240
  7.4525E+06  5.8619E+07  4.8021E+08  4.3981E+08 -1.2922E-07  1.1010E-09  2.4873E+09 -5.5066E+06  2.6514E+04  1.3657E+04
     0.234580
  1.4300E+07  1.1067E+08  9.4802E+08  8.2371E+08  2.7979E-08 -6.8482E-09  4.6016E+09 -9.5183E+06 -7.4400E+03  4.1392E+04
     0.240920
  2.7029E+07  1.9678E+08  1.8532E+09  1.4956E+09 -2.3381E-08 -1.0030E-08  8.2967E+09 -1.4890E+07 -1.7212E+05  8.6669E+04
     0.247260
  5.0923E+07  3.3666E+08  3.5582E+09  2.6766E+09  1.5499E-07 -1.3733E-08  1.4877E+10 -2.1967E+07 -6.1678E+05  1.2531E+05
     0.253600
  9.7299E+07  5.7598E+08  6.7042E+09  4.8445E+09 -1.0567E-06  5.5945E-09  2.7316E+10 -3.3878E+07 -1.4583E+06  6.6530E+04
     0.259940
  1.9190E+08  1.0396E+09  1.2491E+10  9.1091E+09  1.4348E-06  1.9641E-08  5.2779E+10 -6.3486E+07 -2.4449E+06 -3.0088E+05
     0.266280
  3.9421E+08  2.0704E+09  2.3347E+10  1.8059E+10 -7.8746E-07  2.5688E-08  1.0822E+11 -1.4964E+08 -2.2271E+06 -1.3265E+06
     0.272620
  8.3879E+08  4.5530E+09  4.4471E+10  3.7503E+10 -1.0827E-05  6.4843E-08  2.3160E+11 -3.9101E+08  2.6106E+06 -3.3390E+06
     0.278960
  1.8169E+09  1.0602E+10  8.7130E+10  7.9769E+10 -1.5093E-05  5.3813E-08  5.0206E+11 -1.0092E+09  1.7565E+07 -6.0226E+06
     0.285300
  3.9271E+09  2.4868E+10  1.7519E+11  1.6938E+11 -3.2069E-05  1.5808E-06  1.0726E+12 -2.4513E+09  4.5754E+07 -6.9018E+06
     0.291640
  8.3405E+09  5.6715E+10  3.5726E+11  3.5180E+11  2.1725E-05  1.6441E-07  2.2166E+12 -5.5236E+09  7.1693E+07  1.3865E+06
     0.297980
  1.7268E+10  1.2330E+11  7.2818E+11  7.0533E+11  8.1080E-05 -3.7050E-06  4.3893E+12 -1.1493E+10  2.2355E+07  3.4409E+07
     0.304320
  3.4850E+10  2.5318E+11  1.4662E+12  1.3558E+12  1.6565E-04 -3.2900E-06  8.3132E+12 -2.2022E+10 -3.0385E+08  1.1634E+08
     0.310660
  6.9076E+10  4.9014E+11  2.8975E+12  2.4982E+12 -2.0704E-05 -1.2012E-05  1.5164E+13 -3.8842E+10 -1.3319E+09  2.6775E+08
     0.317000
  1.3644E+11  9.0147E+11  5.6129E+12  4.4523E+12 -6.0881E-05 -3.0180E-05  2.7155E+13 -6.3693E+10 -3.7707E+09  4.6142E+08
     0.323340
  2.7368E+11  1.6115E+12  1.0696E+13  7.8557E+12 -1.4405E-03  3.7459E-05  4.9421E+13 -1.0134E+11 -8.4906E+09  5.1893E+08
     0.329680
  5.6707E+11  2.9304E+12  2.0214E+13  1.4288E+13 -1.6600E-03 -4.4347E-05  9.5475E+13 -1.7439E+11 -1.5968E+10 -6.4710E+07
     0.336020
  1.2219E+12  5.7596E+12  3.8360E+13  2.8015E+13  6.7280E-03 -8.8073E-05  2.0104E+14 -3.7058E+11 -2.5099E+10 -2.2970E+09
     0.342360
  2.7188E+12  1.2668E+13  7.4193E+13  6.0209E+13 -6.8618E-03 -1.2305E-04  4.5518E+14 -9.6215E+11 -3.1846E+10 -7.5530E+09
     0.348700
  6.1463E+12  3.0373E+13  1.4808E+14  1.3788E+14 -6.9576E-02 -1.8853E-04  1.0625E+15 -2.6587E+12 -3.0447E+10 -1.6330E+10
     0.355040
  1.3875E+13  7.4818E+13  3.0618E+14  3.2040E+14 -4.4716E-02  8.8634E-04  2.4547E+15 -7.0615E+12 -2.5575E+10 -2.4384E+10
     0.361380
  3.0891E+13  1.8044E+14  6.5087E+14  7.2621E+14  1.8369E-01 -1.3781E-03  5.4686E+15 -1.7350E+13 -7.4952E+10 -1.4311E+10
     0.367720
  6.7397E+13  4.1560E+14  1.4004E+15  1.5699E+15  7.0712E-02  6.0872E-03  1.1612E+16 -3.9129E+13 -3.9926E+11  5.7982E+10
     0.374060
  1.4407E+14  9.0698E+14  2.9985E+15  3.2080E+15 -1.5059E-01 -1.0276E-02  2.3472E+16 -8.1260E+13 -1.6137E+12  2.7579E+11
     0.380400
  3.0323E+14  1.8801E+15  6.3056E+15  6.2019E+15 -1.0646E+00 -2.7404E-02  4.5518E+16 -1.5692E+14 -5.1324E+12  7.4982E+11
     0.386740
  6.3396E+14  3.7425E+15  1.2935E+16  1.1470E+16 -1.6748E+00 -5.1520E-02  8.6256E+16 -2.8727E+14 -1.3727E+13  1.5271E+12
     0.393080
  1.3310E+15  7.2978E+15  2.5892E+16  2.0815E+16  1.2768E+00  3.0210E-02  1.6462E+17 -5.1761E+14 -3.2038E+13  2.3268E+12
     0.399420
  2.8337E+15  1.4351E+16  5.0957E+16  3.8675E+16 -7.3522E-01 -2.1290E-01  3.2818E+17 -9.7484E+14 -6.6551E+13  2.0096E+12
     0.405760
  6.1514E+15  2.9368E+16  1.0007E+17  7.7222E+16 -1.9450E+01 -4.0657E-02  7.0038E+17 -2.0369E+15 -1.2459E+14 -2.1473E+12
     0.412100
  1.3601E+16  6.3733E+16  1.9981E+17  1.6934E+17  2.9542E+01  1.6898E+00  1.5920E+18 -4.7636E+15 -2.1344E+14 -1.4707E+13
     0.418440
  3.0431E+16  1.4580E+17  4.1243E+17  3.9804E+17 -1.2206E+02  1.6608E+00  3.7420E+18 -1.1867E+16 -3.4741E+14 -3.9787E+13
     0.424780
  6.8297E+16  3.4289E+17  8.8492E+17  9.5658E+17  1.3039E+01  4.1167E+00  8.7976E+18 -2.9684E+16 -5.8868E+14 -7.1645E+13
     0.431120
  1.5254E+17  8.0635E+17  1.9574E+18  2.2603E+18 -8.1479E+02  8.9562E+00  2.0214E+19 -7.1823E+16 -1.1883E+15 -7.0527E+13
     0.437460
  3.3732E+17  1.8592E+18  4.3887E+18  5.1393E+18  1.4733E+03  2.9998E+01  4.4883E+19 -1.6550E+17 -2.9696E+15  8.4079E+13
     0.443800
  7.3741E+17  4.1625E+18  9.8050E+18  1.1160E+19  1.0665E+03 -2.8253E+00  9.6144E+19 -3.6228E+17 -8.2119E+15  6.5904E+14
     0.450140
  1.5963E+18  9.0359E+18  2.1571E+19  2.3189E+19 -1.7430E+03 -1.1814E+02  1.9984E+20 -7.5779E+17 -2.2428E+16  2.1074E+15
     0.456480
  3.4363E+18  1.9116E+19  4.6482E+19  4.6564E+19  4.8038E+03  8.4930E+01  4.0805E+20 -1.5345E+18 -5.7513E+16  4.9446E+15
     0.462820
  7.3957E+18  3.9827E+19  9.8203E+19  9.2009E+19  9.6292E+03 -2.4579E+02  8.3292E+20 -3.0701E+18 -1.3668E+17  9.1743E+15
     0.469160
  1.5999E+19  8.2893E+19  2.0467E+20  1.8350E+20 -5.9794E+04 -1.3758E+03  1.7325E+21 -6.2303E+18 -3.0150E+17  1.2856E+16
     0.475500
  3.4905E+19  1.7495E+20  4.2505E+20  3.7924E+20 -3.0998E+04  1.6452E+03  3.7228E+21 -1.3139E+19 -6.2215E+17  9.6479E+15
     0.481840
  7.6863E+19  3.7837E+20  8.8983E+20  8.2447E+20 -5.2937E+04 -2.0611E+03  8.2795E+21 -2.9093E+19 -1.2180E+18 -1.3435E+16
     0.488180
  1.7047E+20  8.4013E+20  1.8959E+21  1.8752E+21 -1.4463E+05  2.5124E+03  1.8862E+22 -6.7006E+19 -2.3170E+18 -7.2743E+16
     0.494520
  3.7938E+20  1.9014E+21  4.1278E+21  4.3686E+21 -1.0934E+06  2.4942E+03  4.3317E+22 -1.5706E+20 -4.4467E+18 -1.6533E+17
     0.500860
  8.4365E+20  4.3341E+21  9.1562E+21  1.0180E+22 -5.5970E+05  4.2808E+04  9.8804E+22 -3.6656E+20 -9.0039E+18 -1.9958E+17
     0.507200
  1.8687E+21  9.8352E+21  2.0526E+22  2.3313E+22 -9.4418E+05  9.1223E+03  2.2170E+23 -8.3905E+20 -1.9783E+19  1.6064E+17
     0.513540
  4.1158E+21  2.2041E+22  4.6061E+22  5.2007E+22 -1.9565E+07  3.1062E+05  4.8758E+23 -1.8707E+21 -4.6670E+19  1.7670E+18
     0.519880
  9.0151E+21  4.8615E+22  1.0266E+23  1.1286E+23  4.4981E+06  7.8516E+05  1.0526E+24 -4.0627E+21 -1.1378E+20  6.3178E+18
     0.526220
  1.9667E+22  1.0563E+23  2.2624E+23  2.3937E+23  1.5818E+07 -4.7850E+05  2.2435E+24 -8.6431E+21 -2.7591E+20  1.6460E+19
     0.532560
  4.2837E+22  2.2711E+23  4.9257E+23  5.0110E+23 -6.9596E+07  4.2128E+06  4.7626E+24 -1.8193E+22 -6.4991E+20  3.4934E+19
     0.538900
  9.3406E+22  4.8647E+23  1.0621E+24  1.0489E+24  3.7822E+08 -1.5809E+07  1.0165E+25 -3.8368E+22 -1.4721E+21  6.1542E+19
     0.545240
  2.0431E+23  1.0458E+24  2.2791E+24  2.2244E+24  2.9457E+08 -2.2416E+07  2.1977E+25 -8.2019E+22 -3.2061E+21  8.7036E+19
     0.551580
  4.4870E+23  2.2696E+24  4.8963E+24  4.8217E+24 -1.9216E+09  9.4347E+06  4.8278E+25 -1.7897E+23 -6.7609E+21  8.6398E+19
     0.557920
  9.8915E+23  4.9848E+24  1.0587E+25  1.0694E+25  3.7550E+09  5.4671E+07  1.0752E+26 -3.9848E+23 -1.3989E+22  2.5456E+19
     0.564260
  2.1858E+24  1.1065E+25  2.3115E+25  2.4111E+25  1.2621E+10 -1.8126E+08  2.4128E+26 -8.9918E+23 -2.8922E+22 -7.7948E+19
     0.570600
  4.8327E+24  2.4713E+25  5.0957E+25  5.4683E+25 -5.2881E+09 -1.2294E+08  5.4162E+26 -2.0365E+24 -6.0887E+22  5.4204E+19
     0.576940
  1.0673E+25  5.5236E+25  1.1312E+26  1.2350E+26 -2.9761E+10  2.8514E+08  1.2089E+27 -4.5880E+24 -1.3225E+23  1.4798E+21
     0.583280
  2.3514E+25  1.2296E+26  2.5176E+26  2.7580E+26  9.3694E+10 -4.5909E+08  2.6735E+27 -1.0223E+25 -2.9671E+23  7.0857E+21
     0.589620
  5.1664E+25  2.7183E+26  5.5938E+26  6.0733E+26  1.4367E+11  9.6843E+08  5.8546E+27 -2.2481E+25 -6.8047E+23  2.3305E+22
     0.595960
  1.1325E+26  5.9637E+26  1.2368E+27  1.3200E+27  6.0090E+10 -8.6974E+09  1.2721E+28 -4.8865E+25 -1.5705E+24  6.2210E+22
     0.602300
  2.4793E+26  1.3003E+27  2.7179E+27  2.8433E+27  4.5965E+11  1.5134E+10  2.7530E+28 -1.0543E+26 -3.5965E+24  1.4270E+23
     0.608640
  5.4273E+26  2.8255E+27  5.9385E+27  6.1071E+27  1.7331E+11 -1.1497E+10  5.9613E+28 -2.2709E+26 -8.0997E+24  2.8822E+23
     0.614980
  1.1893E+27  6.1408E+27  1.2928E+28  1.3165E+28  6.7742E+12  3.7895E+10  1.2968E+29 -4.9115E+26 -1.7880E+25  5.1882E+23
     0.621320
  2.6107E+27  1.3389E+28  2.8119E+28  2.8625E+28 -5.1954E+12 -9.3124E+10  2.8404E+29 -1.0711E+27 -3.8751E+25  8.4468E+23
     0.627660
  5.7416E+27  2.9343E+28  6.1277E+28  6.2902E+28  1.4580E+13  6.8747E+10  6.2650E+29 -2.3581E+27 -8.2928E+25  1.3017E+24
     0.634000
  1.2646E+28  6.4651E+28  1.3406E+29  1.3950E+29 -2.4734E+13 -8.8069E+11  1.3888E+30 -5.2325E+27 -1.7670E+26  2.1598E+24
     0.640340
  1.4985E-01  7.6878E-01  1.5839E+00  1.6720E+00  4.5755E-16  4.8660E-18  1.6582E+01 -6.2672E-02 -2.0334E-03  2.4871E-05
     0.646680
  3.3025E-01  1.7034E+00  3.4948E+00  3.7294E+00  3.7588E-17  2.4463E-17  3.6783E+01 -1.3960E-01 -4.4045E-03  6.8319E-05
     0.653020
  7.2722E-01  3.7713E+00  7.7282E+00  8.2880E+00 -1.6548E-15  4.2482E-17  8.1299E+01 -3.0978E-01 -9.6821E-03  2.0089E-04
     0.659360
  1.5994E+00  8.3279E+00  1.7092E+01  1.8305E+01 -5.7711E-15  2.0916E-17  1.7885E+02 -6.8338E-01 -2.1558E-02  5.6212E-04
     0.665700
  3.5135E+00  1.8325E+01  3.7740E+01  4.0158E+01 -2.3259E-15  6.6981E-17  3.9178E+02 -1.4985E+00 -4.8350E-02  1.4450E-03
     0.672040
  7.7114E+00  4.0188E+01  8.3103E+01  8.7625E+01 -4.5896E-16 -4.1010E-16  8.5573E+02 -3.2706E+00 -1.0849E-01  3.4025E-03
     0.678380
  1.6919E+01  8.7931E+01  1.8246E+02  1.9066E+02 -2.1643E-14  4.6312E-16  1.8676E+03 -7.1231E+00 -2.4220E-01  7.3900E-03
     0.684720
  3.7130E+01  1.9225E+02  3.9968E+02  4.1495E+02 -2.5802E-13  1.7107E-15  4.0811E+03 -1.5523E+01 -5.3607E-01  1.4974E-02
     0.691060
  8.1539E+01  4.2066E+02  8.7455E+02  9.0577E+02 -1.1457E-13  4.1739E-15  8.9426E+03 -3.3931E+01 -1.1757E+00  2.8831E-02
     0.697400
  1.7921E+02  9.2231E+02  1.9141E+03  1.9862E+03  6.1584E-13  2.7904E-16  1.9660E+04 -7.4481E+01 -2.5592E+00  5.4390E-02
     0.703740
  3.9421E+02  2.0272E+03  4.1950E+03  4.3757E+03 -1.7873E-12 -1.4636E-15  4.3342E+04 -1.6416E+02 -5.5493E+00  1.0525E-01
     0.710080
  8.6756E+02  4.4655E+03  9.2124E+03  9.6730E+03  1.9122E-12 -7.3276E-14  9.5711E+04 -3.6284E+02 -1.2037E+01  2.1909E-01
     0.716420
  1.9096E+03  9.8496E+03  2.0272E+04  2.1412E+04 -6.7713E-12  8.4446E-14  2.1139E+05 -8.0271E+02 -2.6216E+01  4.9895E-01
     0.722760
  4.2021E+03  2.1730E+04  4.4671E+04  4.7363E+04 -7.4515E-12 -5.4240E-15  4.6632E+05 -1.7742E+03 -5.7459E+01  1.2098E+00
     0.729100
  9.2422E+03  4.7902E+04  9.8491E+04  1.0451E+05 -4.7882E-12  4.6041E-14  1.0266E+06 -3.9121E+03 -1.2675E+02  2.9836E+00
     0.735440
  2.0316E+04  1.0544E+05  2.1707E+05  2.2991E+05 -4.1881E-11  9.9941E-14  2.2553E+06 -8.6018E+03 -2.8092E+02  7.2207E+00
     0.741780
  4.4634E+04  2.3171E+05  4.7792E+05  5.0426E+05  9.2830E-13  2.6880E-12  4.9460E+06 -1.8864E+04 -6.2375E+02  1.6830E+01
     0.748120
  9.8035E+04  5.0848E+05  1.0508E+06  1.1038E+06  1.8642E-10 -1.9555E-12  1.0837E+07 -4.1305E+04 -1.3834E+03  3.7566E+01
     0.754460
  2.1532E+05  1.1151E+06  2.3074E+06  2.4148E+06 -2.6126E-10  1.3357E-11  2.3749E+07 -9.0407E+04 -3.0578E+03  8.0532E+01
     0.760800
  4.7301E+05  2.4453E+06  5.0625E+06  5.2870E+06  1.1808E-09 -4.0113E-11  5.2093E+07 -1.9806E+05 -6.7293E+03  1.6743E+02
     0.767140
  1.0395E+06  5.3661E+06  1.1105E+07  1.1596E+07  5.7525E-10 -6.3058E-11  1.1443E+08 -4.3465E+05 -1.4749E+04  3.4296E+02
     0.773480
  2.2853E+06  1.1789E+07  2.4369E+07  2.5491E+07  3.6132E-09  2.0299E-10  2.5173E+08 -9.5575E+05 -3.2234E+04  7.0628E+02
     0.779820
  5.0258E+06  2.5926E+07  5.3521E+07  5.6142E+07 -1.6172E-08  9.8380E-11  5.5436E+08 -2.1050E+06 -7.0390E+04  1.4912E+03
     0.786160
  1.1054E+07  5.7067E+07  1.1766E+08  1.2379E+08  8.8699E-09  1.0122E-09  1.2213E+09 -4.6405E+06 -1.5388E+05  3.2637E+03
     0.792500
  2.4314E+07  1.2566E+08  2.5886E+08  2.7298E+08 -7.2962E-08 -2.1308E-09  2.6901E+09 -1.0230E+07 -3.3722E+05  7.3833E+03
     0.798840
  5.3468E+07  2.7665E+08  5.6979E+08  6.0153E+08  1.6700E-07 -4.9589E-09  5.9206E+09 -2.2534E+07 -7.4129E+05  1.7025E+04
     0.805180
  1.1755E+08  6.0875E+08  1.2542E+09  1.3238E+09 -1.8139E-07 -9.0689E-10  1.3018E+10 -4.9575E+07 -1.6339E+06  3.9338E+04
     0.811520
  2.5837E+08  1.3385E+09  2.7599E+09  2.9089E+09  6.4422E-07  1.6232E-08  2.8596E+10 -1.0892E+08 -3.6070E+06  8.9835E+04
     0.817860
  5.6777E+08  2.9409E+09  6.0696E+09  6.3847E+09  1.5612E-06  3.9350E-09  6.2776E+10 -2.3908E+08 -7.9647E+06  2.0121E+05
     0.824200
  1.2476E+09  6.4585E+09  1.3340E+10  1.4005E+10 -5.4432E-06 -8.6897E-08  1.3779E+11 -5.2451E+08 -1.7569E+07  4.4124E+05
     0.830540
  2.7415E+09  1.4181E+10  2.9303E+10  3.0722E+10  8.5467E-06  4.7579E-08  3.0251E+11 -1.1509E+09 -3.8683E+07  9.5041E+05
     0.836880
  6.0252E+09  3.1143E+10  6.4354E+10  6.7434E+10 -2.7262E-05  1.1077E-07  6.6454E+11 -2.5269E+09 -8.4999E+07  2.0251E+06
     0.843220
  1.3244E+10  6.8422E+10  1.4134E+11  1.4816E+11  5.4349E-06 -2.0214E-06  1.4608E+12 -5.5529E+09 -1.8646E+08  4.3088E+06
     0.849560
  2.9118E+10  1.5040E+11  3.1050E+11  3.2584E+11  3.6248E-05 -9.4864E-07  3.2133E+12 -1.2213E+10 -4.0869E+08  9.2412E+06
     0.855900
  6.4024E+10  3.3076E+11  6.8243E+11  7.1712E+11  1.4913E-05  4.9292E-06  7.0704E+12 -2.6878E+10 -8.9584E+08  2.0108E+07
     0.862240
  1.4078E+11  7.2762E+11  1.5005E+12  1.5788E+12  3.4329E-04  1.1318E-05  1.5558E+13 -5.9165E+10 -1.9654E+09  4.4452E+07
     0.868580
  3.0954E+11  1.6007E+12  3.3002E+12  3.4752E+12 -1.3550E-04 -2.0560E-05  3.4227E+13 -1.3021E+11 -4.3175E+09  9.9469E+07
     0.874920
  6.8052E+11  3.5209E+12  7.2592E+12  7.6457E+12 -6.0826E-04 -3.0917E-05  7.5264E+13 -2.8643E+11 -9.4976E+09  2.2377E+08
     0.881260
  1.4959E+12  7.7421E+12  1.5967E+13  1.6810E+13 -2.3999E-03  1.6521E-05  1.6543E+14 -6.2968E+11 -2.0914E+10  5.0246E+08
     0.887600
  3.2881E+12  1.7018E+13  3.5111E+13  3.6936E+13  2.6469E-03  4.0820E-04  3.6347E+14 -1.3835E+12 -4.6074E+10  1.1201E+09
     0.893940
  7.2267E+12  3.7396E+13  7.7187E+13  8.1122E+13  1.4509E-02  2.0494E-04  7.9846E+14 -3.0388E+12 -1.0148E+11  2.4723E+09
     0.900280
  1.5883E+13  8.2164E+13  1.6964E+14  1.7814E+14  3.2411E-02 -1.0692E-03  1.7540E+15 -6.6739E+12 -2.2336E+11  5.4044E+09
     0.906620
  3.4910E+13  1.8053E+14  3.7276E+14  3.9127E+14  1.4308E-01  2.4767E-04  3.8540E+15 -1.4660E+13 -4.9116E+11  1.1731E+10
     0.912960
  7.6737E+13  3.9669E+14  8.1905E+14  8.5971E+14 -1.1899E-01 -2.3088E-04  8.4708E+15 -3.2215E+13 -1.0791E+12  2.5394E+10
     0.919300
  1.6869E+14  8.7190E+14  1.7998E+15  1.8898E+15 -2.0487E-01 -1.4526E-02  1.8624E+16 -7.0820E+13 -2.3693E+12  5.5063E+10
     0.925640
  3.7085E+14  1.9168E+15  3.9557E+15  4.1559E+15 -1.7492E-02 -1.2003E-02  4.0955E+16 -1.5574E+14 -5.2012E+12  1.2005E+11
     0.931980
  8.1533E+14  4.2149E+15  8.6957E+15  9.1416E+15  1.0247E+00  5.7915E-02  9.0072E+16 -3.4256E+14 -1.1420E+13  2.6361E+11
     0.938320
  1.7925E+15  9.2686E+15  1.9119E+16  2.0109E+16 -3.3768E+00 -5.9752E-02  1.9808E+17 -7.5349E+14 -2.5089E+13  5.8270E+11
     0.944660
  3.9407E+15  2.0381E+16  4.2039E+16  4.4228E+16  7.5448E+00  6.2405E-02  4.3555E+17 -1.6571E+15 -5.5154E+13  1.2934E+12
     0.951000
  8.6629E+15  4.4813E+16  9.2440E+16  9.7248E+16  5.4228E+01 -1.2506E-01  9.5750E+17 -3.6434E+15 -1.2132E+14  2.8737E+12
     0.957340
  1.9043E+16  9.8515E+16  2.0325E+17  2.1376E+17  2.2351E+01 -1.7016E+00  2.1045E+18 -8.0082E+15 -2.6694E+14  6.3712E+12
     0.963680
  4.1857E+16  2.1654E+17  4.4684E+17  4.6975E+17 -5.4947E+01 -3.9044E+00  4.6249E+18 -1.7598E+16 -5.8738E+14  1.4068E+13
     0.970020
  9.2005E+16  4.7591E+17  9.8222E+17  1.0321E+18  9.2779E+00 -1.3729E+00  1.0163E+19 -3.8669E+16 -1.2922E+15  3.0914E+13
     0.976360
  2.0223E+17  1.0459E+18  2.1588E+18  2.2679E+18 -7.9780E+01  5.2901E+00  2.2336E+19 -8.4971E+16 -2.8418E+15  6.7659E+13
     0.982700
  4.4454E+17  2.2987E+18  4.7447E+18  4.9838E+18 -9.9688E+02 -3.4036E+01  4.9092E+19 -1.8674E+17 -6.2469E+15  1.4773E+14
     0.989040
  9.7720E+17  5.0524E+18  1.0428E+19  1.0954E+19  4.4098E+03 -9.7938E+01  1.0792E+20 -4.1047E+17 -1.3727E+16  3.2249E+14
     0.995380
  2.1482E+18  1.1106E+19  2.2920E+19  2.4083E+19 -1.7286E+03 -3.9363E+01  2.3726E+20 -9.0241E+17 -3.0157E+16  7.0523E+14
     1.001720
  4.7225E+18  2.4417E+19  5.0383E+19  5.2953E+19 -1.7874E+04 -1.7596E+01  5.2166E+20 -1.9842E+18 -6.6255E+16  1.5469E+15
     1.008060
  1.0382E+19  5.3682E+19  1.1076E+20  1.1644E+20  2.6083E+04 -5.1214E+02  1.1470E+21 -4.3630E+18 -1.4559E+17  3.4041E+15
     1.014400
  2.2823E+19  1.1803E+20  2.4350E+20  2.5604E+20 -6.9957E+03 -4.1071E+02  2.5218E+21 -9.5934E+18 -3.2000E+17  7.5105E+15
     1.020740
  5.0171E+19  2.5948E+20  5.3535E+20  5.6294E+20 -1.7769E+05 -4.9104E+03  5.5439E+21 -2.1092E+19 -7.0357E+17  1.6591E+16
     1.027080
  1.1029E+20  5.7044E+20  1.1770E+21  1.2375E+21 -6.2169E+05  1.2586E+03  1.2186E+22 -4.6365E+19 -1.5473E+18  3.6641E+16
     1.033420
  2.4244E+20  1.2540E+21  2.5875E+21  2.7201E+21  3.9573E+04 -1.9118E+04  2.6786E+22 -1.0191E+20 -3.4029E+18  8.0801E+16
     1.039760
  5.3291E+20  2.7563E+21  5.6880E+21  5.9784E+21  3.5812E+06  6.2793E+04  5.8874E+22 -2.2399E+20 -7.4840E+18  1.7780E+17
     1.046100
  1.1714E+21  6.0584E+21  1.2503E+22  1.3139E+22  2.2429E+06 -8.4143E+04  1.2940E+23 -4.9229E+20 -1.6457E+19  3.9042E+17
     1.052440
  2.5750E+21  1.3316E+22  2.7482E+22  2.8878E+22  4.1665E+06  1.3631E+05  2.8443E+23 -1.0820E+21 -3.6181E+19  8.5596E+17
     1.058780
  5.6604E+21  2.9270E+22  6.0408E+22  6.3474E+22 -1.8214E+07 -2.0717E+05  6.2522E+23 -2.3783E+21 -7.9528E+19  1.8754E+18
     1.065120
  1.2443E+22  6.4342E+22  1.3278E+23  1.3953E+23 -5.9847E+06  2.9818E+05  1.3744E+24 -5.2282E+21 -1.7479E+20  4.1108E+18
     1.071460
  2.7353E+22  1.4144E+23  2.9187E+23  3.0675E+23 -2.0695E+07  5.3845E+05  3.0216E+24 -1.1494E+22 -3.8413E+20  9.0207E+18
     1.077800
  6.0131E+22  3.1094E+23  6.4161E+23  6.7440E+23 -6.8691E+07  3.8327E+06  6.6428E+24 -2.5269E+22 -8.4424E+20  1.9825E+19
     1.084140
  1.3219E+23  6.8358E+23  1.4105E+24  1.4827E+24  2.0974E+08  1.1437E+07  1.4604E+25 -5.5555E+22 -1.8557E+21  4.3631E+19
     1.090480
  2.9058E+23  1.5028E+24  3.1007E+24  3.2597E+24  1.1348E+09 -2.7876E+06  3.2105E+25 -1.2214E+23 -4.0794E+21  9.6111E+19
     1.096820
  6.3878E+23  3.3036E+24  6.8166E+24  7.1661E+24  7.0528E+08  4.4896E+07  7.0575E+25 -2.6849E+23 -8.9690E+21  2.1177E+20
     1.103160
  1.4042E+24  7.2623E+24  1.4985E+25  1.5753E+25 -1.0673E+10 -7.5410E+07  1.5514E+26 -5.9021E+23 -1.9721E+22  4.6640E+20
     1.109500
  3.0867E+24  1.5964E+25  3.2942E+25  3.4626E+25 -1.9028E+10 -1.7289E+08  3.4101E+26 -1.2973E+24 -4.3363E+22  1.0263E+21
     1.115840
  6.7852E+24  3.5091E+25  7.2414E+25  7.6109E+25  9.8218E+09 -1.8538E+08  7.4957E+26 -2.8516E+24 -9.5343E+22  2.2561E+21
     1.122180
  1.4915E+25  7.7135E+25  1.5918E+26  1.6729E+26  4.9156E+09  2.2822E+09  1.6476E+27 -6.2680E+24 -2.0961E+23  4.9552E+21
     1.128520
  3.2787E+25  1.6955E+26  3.4990E+26  3.6772E+26  4.6650E+10  1.4329E+09  3.6218E+27 -1.3778E+25 -4.6080E+23  1.0877E+22
     1.134860
  7.2074E+25  3.7271E+26  7.6913E+26  8.0832E+26 -2.0231E+11 -4.4759E+09  7.9616E+27 -3.0287E+25 -1.0129E+24  2.3877E+22
     1.141200
  1.5844E+26  8.1931E+26  1.6907E+27  1.7769E+27  4.3116E+11  6.2827E+09  1.7502E+28 -6.6579E+25 -2.2265E+24  5.2429E+22
     1.147540
  3.4829E+26  1.8011E+27  3.7165E+27  3.9063E+27 -2.6500E+10 -1.0872E+10  3.8475E+28 -1.4636E+26 -4.8939E+24  1.1520E+23
     1.153880
  7.6563E+26  3.9593E+27  8.1699E+27  8.5876E+27  5.7870E+11 -2.0365E+10  8.4582E+28 -3.2176E+26 -1.0758E+25  2.5330E+23
     1.160220
  1.6831E+27  8.7039E+27  1.7960E+28  1.8879E+28  1.6620E+12  1.7343E+10  1.8594E+29 -7.0735E+26 -2.3648E+25  5.5727E+23
     1.166560
  3.6998E+27  1.9134E+28  3.9482E+28  4.1502E+28 -2.9087E+11  5.9713E+11  4.0875E+29 -1.5550E+27 -5.1989E+25  1.2263E+24
     1.172900
  8.1331E+27  4.2062E+28  8.6792E+28  9.1232E+28 -5.1332E+13  2.5027E+11  8.9852E+29 -3.4183E+27 -1.1430E+26  2.6986E+24
     1.179240
  1.7878E+28  9.2461E+28  1.9079E+29  2.0055E+29 -4.0968E+13  1.2445E+12  1.9751E+30 -7.5140E+27 -2.5129E+26  5.9366E+24
     1.185580
  1.4407E-01  7.4506E-01  1.5375E+00  1.6160E+00 -5.4384E-16  2.2749E-18  1.5915E+01 -6.0547E-02 -2.0253E-03  4.7851E-05
     1.191920
  3.1669E-01  1.6378E+00  3.3797E+00  3.5522E+00  1.4608E-15  2.7390E-17  3.4985E+01 -1.3309E-01 -4.4525E-03  1.0517E-04
     1.198260
  6.9616E-01  3.6002E+00  7.4292E+00  7.8082E+00 -2.7862E-15  4.0055E-17  7.6904E+01 -2.9256E-01 -9.7884E-03  2.3107E-04
     1.204600
  1.5303E+00  7.9139E+00  1.6331E+01  1.7164E+01 -9.8290E-16 -4.0391E-17  1.6905E+02 -6.4310E-01 -2.1518E-02  5.0761E-04
     1.210940
  3.3640E+00  1.7397E+01  3.5899E+01  3.7731E+01  6.2848E-15 -3.3819E-17  3.7162E+02 -1.4137E+00 -4.7301E-02  1.1152E-03
     1.217280
  7.3950E+00  3.8242E+01  7.8914E+01  8.2943E+01 -1.0295E-15 -2.5361E-16  8.1693E+02 -3.1077E+00 -1.0398E-01  2.4507E-03
     1.223620
  1.6256E+01  8.4067E+01  1.7347E+02  1.8233E+02 -6.7527E-15 -6.9013E-16  1.7959E+03 -6.8317E+00 -2.2857E-01  5.3870E-03
     1.229960
  3.5735E+01  1.8480E+02  3.8134E+02  4.0083E+02  1.0117E-13  2.0949E-15  3.9478E+03 -1.5018E+01 -5.0247E-01  1.1845E-02
     1.236300
  7.8555E+01  4.0625E+02  8.3828E+02  8.8114E+02  2.7809E-14 -9.2122E-16  8.6784E+03 -3.3014E+01 -1.1046E+00  2.6051E-02
     1.242640
  1.7268E+02  8.9304E+02  1.8428E+03  1.9370E+03 -3.3219E-13 -6.5300E-15  1.9077E+04 -7.2574E+01 -2.4284E+00  5.7298E-02
     1.248980
  3.7960E+02  1.9631E+03  4.0509E+03  4.2579E+03  8.1772E-13 -9.7220E-15  4.1936E+04 -1.5954E+02 -5.3387E+00  1.2601E-01
     1.255320
  8.3445E+02  4.3154E+03  8.9050E+03  9.3599E+03 -4.2486E-13  1.5494E-15  9.2185E+04 -3.5069E+02 -1.1737E+01  2.7708E-01
     1.261660
  1.8343E+03  9.4863E+03  1.9575E+04  2.0575E+04 -7.8105E-12  1.0036E-13  2.0264E+05 -7.7090E+02 -2.5803E+01  6.0913E-01
     1.268000
  4.0323E+03  2.0853E+04  4.3031E+04  4.5228E+04  1.5515E-11  7.6728E-14  4.4545E+05 -1.6946E+03 -5.6725E+01  1.3388E+00
     1.274340
  8.8640E+03  4.5840E+04  9.4592E+04  9.9420E+04 -4.3217E-12 -1.7133E-13  9.7921E+05 -3.7251E+03 -1.2470E+02  2.9423E+00
     1.280680
  1.9485E+04  1.0077E+05  2.0793E+05  2.1855E+05  3.5309E-12 -1.5278E-12  2.1525E+06 -8.1886E+03 -2.7413E+02  6.4661E+00
     1.287020
  4.2833E+04  2.2151E+05  4.5709E+05  4.8043E+05 -5.3384E-11  2.5841E-12  4.7318E+06 -1.8001E+04 -6.0263E+02  1.4211E+01
     1.293360
  9.4158E+04  4.8693E+05  1.0048E+06  1.0561E+06 -1.8787E-10 -5.7434E-12  1.0402E+07 -3.9570E+04 -1.3248E+03  3.1238E+01
     1.299700
  2.0698E+05  1.0704E+06  2.2088E+06  2.3216E+06  2.6130E-10 -9.9188E-12  2.2866E+07 -8.6987E+04 -2.9122E+03  6.8675E+01
     1.306040
  4.5500E+05  2.3530E+06  4.8555E+06  5.1036E+06 -1.9693E-09 -1.4448E-11  5.0266E+07 -1.9122E+05 -6.4021E+03  1.5100E+02
     1.312380
  1.0002E+06  5.1726E+06  1.0674E+07  1.1219E+07 -1.6199E-09  1.1664E-11  1.1050E+08 -4.2035E+05 -1.4074E+04  3.3202E+02
     1.318720
  2.1987E+06  1.1371E+07  2.3463E+07  2.4662E+07 -2.7209E-09  6.5283E-11  2.4290E+08 -9.2404E+05 -3.0941E+04  7.3005E+02
     1.325060
  4.8333E+06  2.4995E+07  5.1578E+07  5.4213E+07  1.7992E-09 -6.2442E-11  5.3395E+08 -2.0313E+06 -6.8020E+04  1.6052E+03
     1.331400
  1.0625E+07  5.4946E+07  1.1338E+08  1.1917E+08  1.0233E-08  3.8828E-10  1.1737E+09 -4.4652E+06 -1.4954E+05  3.5289E+03
     1.337740
  2.3356E+07  1.2078E+08  2.4924E+08  2.6197E+08 -1.4484E-07  6.4607E-10  2.5802E+09 -9.8155E+06 -3.2874E+05  7.7574E+03
     1.344080
  5.1342E+07  2.6551E+08  5.4789E+08  5.7587E+08 -6.2412E-08  2.2568E-09  5.6718E+09 -2.1577E+07 -7.2269E+05  1.7052E+04
     1.350420
  1.1286E+08  5.8366E+08  1.2044E+09  1.2659E+09 -4.8996E-07 -9.0601E-10  1.2468E+10 -4.7431E+07 -1.5887E+06  3.7480E+04
     1.356760
  2.4810E+08  1.2830E+09  2.6475E+09  2.7827E+09  4.9596E-07  2.2698E-08  2.7408E+10 -1.0426E+08 -3.4925E+06  8.2382E+04
     1.363100
  5.4538E+08  2.8204E+09  5.8200E+09  6.1172E+09  8.8420E-07 -4.6637E-10  6.0249E+10 -2.2920E+08 -7.6777E+06  1.8109E+05
     1.369440
  1.1989E+09  6.2000E+09  1.2794E+10  1.3447E+10  5.9263E-06  6.1449E-08  1.3244E+11 -5.0384E+08 -1.6878E+07  3.9809E+05
     1.375780
  2.6354E+09  1.3629E+10  2.8124E+10  2.9560E+10  2.6831E-06 -2.3697E-07  2.9114E+11 -1.1076E+09 -3.7104E+07  8.7520E+05
     1.382120
  5.7933E+09  2.9960E+10  6.1823E+10  6.4981E+10 -1.6102E-05  9.4191E-08  6.4001E+11 -2.4347E+09 -8.1568E+07  1.9242E+06
     1.388460
  1.2735E+10  6.5860E+10  1.3590E+11  1.4285E+11 -1.7524E-05 -1.9310E-07  1.4069E+12 -5.3521E+09 -1.7932E+08  4.2305E+06
     1.394800
  2.7995E+10  1.4478E+11  2.9875E+11  3.1401E+11 -2.2485E-05  1.2247E-06  3.0927E+12 -1.1765E+10 -3.9421E+08  9.3009E+06
     1.401140
  6.1540E+10  3.1825E+11  6.5672E+11  6.9027E+11 -1.7195E-04 -4.7884E-06  6.7985E+12 -2.5863E+10 -8.6662E+08  2.0448E+07
     1.407480
  1.3528E+11  6.9960E+11  1.4436E+12  1.5174E+12  2.7183E-04 -1.2138E-05  1.4945E+13 -5.6853E+10 -1.9052E+09  4.4951E+07
     1.413820
  2.9738E+11  1.5379E+12  3.1735E+12  3.3356E+12 -1.0125E-03  6.0088E-06  3.2852E+13 -1.2498E+11 -4.1882E+09  9.8815E+07
     1.420160
  6.5371E+11  3.3807E+12  6.9761E+12  7.3323E+12 -1.3787E-03 -2.9070E-05  7.2217E+13 -2.7473E+11 -9.2072E+09  2.1722E+08
     1.426500
  1.4370E+12  7.4315E+12  1.5335E+13  1.6118E+13  6.8111E-03 -8.0384E-05  1.5875E+14 -6.0392E+11 -2.0241E+10  4.7749E+08
     1.432840
  3.1589E+12  1.6336E+13  3.3710E+13  3.5432E+13  4.3394E-03 -1.4802E-04  3.4897E+14 -1.3276E+12 -4.4496E+10  1.0496E+09
     1.439180
  6.9441E+12  3.5911E+13  7.4104E+13  7.7888E+13 -1.3021E-02 -1.3877E-04  7.6713E+14 -2.9183E+12 -9.7818E+10  2.3074E+09
     1.445520
  1.5265E+13  7.8942E+13  1.6290E+14  1.7122E+14 -7.6959E-03  4.3043E-04  1.6864E+15 -6.4152E+12 -2.1504E+11  5.0725E+09
     1.451860
  3.3556E+13  1.7353E+14  3.5809E+14  3.7638E+14 -8.8062E-03  2.0297E-03  3.7070E+15 -1.4102E+13 -4.7273E+11  1.1152E+10
     1.458200
  7.3764E+13  3.8147E+14  7.8717E+14  8.2738E+14 -4.9637E-02  1.5005E-04  8.1490E+15 -3.1000E+13 -1.0392E+12  2.4516E+10
     1.464540
  1.6215E+14  8.3857E+14  1.7304E+15  1.8188E+15  1.2448E+00  3.5116E-03  1.7913E+16 -6.8146E+13 -2.2846E+12  5.3898E+10
     1.470880
  3.5645E+14  1.8434E+15  3.8039E+15  3.9981E+15 -5.2618E-01 -2.5735E-03  3.9378E+16 -1.4980E+14 -5.0224E+12  1.1849E+11
     1.477220
  7.8357E+14  4.0522E+15  8.3618E+15  8.7889E+15 -4.0603E+00 -4.5872E-02  8.6563E+16 -3.2930E+14 -1.1041E+13  2.6049E+11
     1.483560
  1.7225E+15  8.9078E+15  1.8381E+16  1.9320E+16 -8.1580E+00  1.3914E-01  1.9029E+17 -7.2389E+14 -2.4272E+13  5.7264E+11
     1.489900
  3.7864E+15  1.9581E+16  4.0407E+16  4.2470E+16 -1.0482E+00 -3.4014E-03  4.1830E+17 -1.5913E+15 -5.3360E+13  1.2588E+12
     1.496240
  8.3235E+15  4.3045E+16  8.8824E+16  9.3360E+16 -4.3056E+01 -4.8695E-02  9.1952E+17 -3.4980E+15 -1.1730E+14  2.7673E+12
     1.500000
  1.3279E+16  6.8674E+16  1.4171E+17  1.4895E+17  2.0416E+01  6.4290E-01  1.4670E+18 -5.5808E+15 -1.8715E+14  4.4150E+12
