     0.000000
  7.7818E-03  1.9375E-35  6.9193E-10  8.7500E-03  0.0000E+00  0.0000E+00  0.0000E+00  0.0000E+00  0.0000E+00  0.0000E+00
     0.005800
  5.6246E-03  1.5397E-03  8.9144E-02  3.1224E-02  6.1222E-18 -3.4744E-19  4.8653E-01 -1.6193E-03 -1.2826E-05 -8.3233E-08
     0.011600
  3.9139E-03  1.0598E-02  1.4408E-01  7.1220E-02 -2.1626E-17 -1.6351E-21  3.8726E-01 -2.1783E-03  2.6537E-05 -1.9153E-07
     0.017400
  6.0886E-03  2.2458E-02  1.3309E-01  1.3781E-01 -3.4143E-19  2.4814E-18  7.5869E-01 -4.7393E-03  2.6364E-05 -1.7359E-07
     0.023200
  9.5189E-03  4.8885E-02  2.0133E-01  3.0287E-01 -2.3888E-17 -1.5597E-19  1.8016E+00 -1.3206E-02 -1.7003E-05 -1.9876E-08
     0.029000
  1.6780E-02  8.9175E-02  4.5351E-01  5.7903E-01 -1.5991E-16 -1.0553E-18  3.8213E+00 -2.6117E-02 -4.0729E-05  8.2719E-08
     0.034800
  3.5453E-02  1.4550E-01  1.2469E+00  9.7606E-01 -3.2068E-16  7.9343E-18  8.2272E+00 -3.9295E-02 -4.1662E-05  7.3069E-08
     0.040600
  8.5252E-02  2.8072E-01  3.1823E+00  1.6229E+00  5.4929E-16 -1.0047E-17  1.7912E+01 -5.9688E-02 -5.1031E-05  5.7818E-08
     0.046400
  2.2139E-01  8.1464E-01  6.6393E+00  3.3706E+00 -2.0997E-15 -1.2065E-18  4.1157E+01 -1.6888E-01 -8.7610E-05  1.1768E-07
     0.052200
  5.9720E-01  2.7565E+00  1.1127E+01  9.3275E+00  6.1339E-15  9.0772E-17  1.0380E+02 -6.5495E-01 -1.6094E-04  2.4410E-07
     0.058000
  1.6280E+00  8.4524E+00  1.7145E+01  2.7277E+01  7.9206E-15  2.9449E-16  2.7945E+02 -2.1805E+00 -2.7853E-04  4.1569E-07
     0.063800
  4.4162E+00  2.2319E+01  3.7678E+01  7.1898E+01 -9.1593E-15 -9.8401E-16  7.5186E+02 -5.8870E+00 -4.4610E-04  6.7191E-07
     0.069600
  1.1835E+01  5.2626E+01  1.2823E+02  1.6717E+02 -7.0256E-14  2.0466E-15  1.9464E+03 -1.3580E+01 -6.5971E-04  1.2918E-06
     0.075400
  3.1284E+01  1.2050E+02  4.3429E+02  3.6310E+02  3.1195E-14  1.2369E-15  4.8742E+03 -2.9573E+01 -9.9718E-04 -7.6585E-07
     0.081200
  8.1748E+01  2.9563E+02  1.2356E+03  8.2412E+02 -3.2981E-13 -8.4399E-16  1.2174E+04 -6.9837E+01 -1.0191E-03  8.6265E-06
     0.087000
  2.1218E+02  8.0225E+02  2.9928E+03  2.1319E+03 -2.4834E-12  1.7615E-14  3.1213E+04 -1.9184E+02 -1.7614E-03 -2.3534E-05
     0.092800
  5.5038E+02  2.2767E+03  6.6502E+03  6.0686E+03  4.5819E-12  2.0740E-14  8.2673E+04 -5.6897E+02 -1.6104E-03  2.7024E-05
     0.098600
  1.4347E+03  6.3398E+03  1.5246E+04  1.7326E+04  1.8457E-12  7.5392E-14  2.2290E+05 -1.6494E+03 -1.9412E-03  4.2372E-05
     0.104400
  3.7704E+03  1.6931E+04  3.9578E+04  4.7167E+04 -4.2851E-11  3.0873E-13  6.0083E+05 -4.4982E+03 -3.6154E-03  3.1110E-05
     0.110200
  9.9925E+03  4.3895E+04  1.1335E+05  1.2253E+05 -1.1511E-10  1.8428E-13  1.6051E+06 -1.1676E+04 -4.4563E-03  4.6979E-04
     0.116000
  2.6649E+04  1.1351E+05  3.2717E+05  3.1271E+05  2.2012E-10 -2.4374E-12  4.2562E+06 -2.9869E+04 -6.0863E-03  1.0569E-03
     0.121800
  7.1308E+04  2.9915E+05  9.0174E+05  8.1031E+05 -1.8708E-10  1.6578E-11  1.1277E+07 -7.7850E+04 -4.9982E-02  2.4937E-03
     0.127600
  1.9099E+05  8.0548E+05  2.3659E+06  2.1620E+06 -5.3303E-10  3.4532E-11  3.0010E+07 -2.0882E+05 -7.6478E-02  8.8088E-03
     0.133400
  5.1131E+05  2.1874E+06  6.0676E+06  5.8782E+06  2.6988E-09 -2.6180E-11  8.0274E+07 -5.6865E+05 -4.3022E-01  1.5777E-02
     0.139200
  1.3675E+06  5.9067E+06  1.5719E+07  1.5974E+07 -2.7530E-10 -4.7982E-10  2.1515E+08 -1.5420E+06 -9.1628E-01  4.0027E-02
     0.145000
  3.6540E+06  1.5770E+07  4.1834E+07  4.2864E+07  6.8918E-09  2.9188E-10  5.7567E+08 -4.1236E+06 -2.5986E+00  5.9021E-02
     0.150800
  9.7549E+06  4.1758E+07  1.1354E+08  1.1360E+08  1.7307E-09  2.3596E-09  1.5353E+09 -1.0902E+07 -5.8352E+00  2.1413E-02
     0.156600
  2.6022E+07  1.1047E+08  3.0861E+08  2.9969E+08 -9.0982E-08 -3.8674E-09  4.0852E+09 -2.8751E+07 -9.5855E+00 -2.8307E-01
     0.162400
  6.9375E+07  2.9353E+08  8.2928E+08  7.9358E+08  4.5682E-07  1.5193E-08  1.0867E+10 -7.6230E+07 -1.3161E+01 -1.7598E+00
     0.168200
  1.8489E+08  7.8400E+08  2.2007E+09  2.1161E+09 -1.2103E-07  2.8112E-08  2.8942E+10 -2.0361E+08  6.3248E+00 -6.8431E+00
     0.174000
  4.9269E+08  2.0989E+09  5.8086E+09  5.6689E+09  8.7975E-07 -1.9803E-09  7.7202E+10 -5.4597E+08  1.2958E+02 -2.1877E+01
     0.179800
  1.3131E+09  5.6135E+09  1.5375E+10  1.5188E+10  6.7317E-06  1.2264E-07  2.0610E+11 -1.4629E+09  5.5228E+02 -6.2937E+01
     0.185600
  3.5007E+09  1.4976E+10  4.0969E+10  4.0575E+10 -1.1728E-05  5.9589E-07  5.5012E+11 -3.9064E+09  1.8991E+03 -1.5942E+02
     0.191400
  9.3354E+09  3.9878E+10  1.0971E+11  1.0808E+11 -7.2703E-05 -7.1082E-08  1.4675E+12 -1.0401E+10  5.5820E+03 -3.5326E+02
     0.197200
  2.4900E+10  1.0617E+11  2.9396E+11  2.8755E+11 -2.4614E-04 -2.1349E-06  3.9127E+12 -2.7673E+10  1.4258E+04 -6.3523E+02
     0.203000
  6.6421E+10  2.8297E+11  7.8563E+11  7.6573E+11  6.3732E-04  2.5929E-06  1.0431E+13 -7.3708E+10  3.1597E+04 -6.2196E+02
     0.208800
  1.7718E+11  7.5508E+11  2.0934E+12  2.0424E+12  2.0262E-04  4.4052E-05  2.7817E+13 -1.9665E+11  5.5099E+04  1.5857E+03
     0.214600
  4.7261E+11  2.0159E+12  5.5706E+12  5.4532E+12  1.9140E-03 -2.9360E-05  7.4202E+13 -5.2510E+11  4.2142E+04  1.3059E+04
     0.220400
  1.2606E+12  5.3803E+12  1.4833E+13  1.4560E+13  1.8756E-02 -1.0670E-04  1.9796E+14 -1.4019E+12 -2.1284E+05  5.6509E+04
     0.226200
  3.3624E+12  1.4351E+13  3.9555E+13  3.8848E+13 -2.5271E-02 -1.0567E-04  5.2807E+14 -3.7397E+12 -1.4744E+06  1.9717E+05
     0.232000
  8.9680E+12  3.8260E+13  1.0560E+14  1.0358E+14 -2.2156E-02  1.1650E-03  1.4084E+15 -9.9694E+12 -6.2096E+06  6.0460E+05
     0.237800
  2.3919E+13  1.0200E+14  2.8195E+14  2.7609E+14  1.9997E-02  1.7378E-03  3.7560E+15 -2.6573E+13 -2.1585E+07  1.6724E+06
     0.243600
  6.3794E+13  2.7198E+14  7.5233E+14  7.3606E+14  1.1211E-01  1.5299E-03  1.0016E+16 -7.0849E+13 -6.6523E+07  4.1757E+06
     0.249400
  1.7014E+14  7.2547E+14  2.0060E+15  1.9631E+15 -1.0238E+00  1.6442E-02  2.6713E+16 -1.8898E+14 -1.8598E+08  9.1914E+06
     0.255200
  4.5377E+14  1.9353E+15  5.3472E+15  5.2372E+15 -1.8051E+00  7.8167E-02  7.1247E+16 -5.0417E+14 -4.7222E+08  1.6486E+07
     0.261000
  1.2102E+15  5.1626E+15  1.4256E+16  1.3972E+16 -2.8696E+00 -3.5345E-01  1.9003E+17 -1.3450E+15 -1.0683E+09  1.6708E+07
     0.266800
  3.2277E+15  1.3769E+16  3.8019E+16  3.7268E+16 -1.1718E+01 -2.8881E-01  5.0686E+17 -3.5875E+15 -2.0246E+09 -3.7212E+07
     0.272600
  8.6087E+15  3.6721E+16  1.0142E+17  9.9390E+16  1.7115E+01 -1.4665E+00  1.3519E+18 -9.5674E+15 -2.5245E+09 -3.2037E+08
     0.278400
  2.2960E+16  9.7929E+16  2.7058E+17  2.6505E+17  1.9736E+01  4.4600E+00  3.6055E+18 -2.5514E+16  2.0828E+09 -1.3912E+09
     0.284200
  6.1238E+16  2.6118E+17  7.2175E+17  7.0684E+17 -1.2223E+02  4.0539E-01  9.6161E+18 -6.8042E+16  2.9933E+10 -4.8426E+09
     0.290000
  1.6333E+17  6.9660E+17  1.9249E+18  1.8852E+18  1.8939E+03 -1.0604E+01  2.5647E+19 -1.8148E+17  1.4066E+11 -1.4771E+10
     0.295800
  4.3562E+17  1.8580E+18  5.1332E+18  5.0284E+18 -1.2690E+03 -1.5986E+01  6.8403E+19 -4.8406E+17  5.0885E+11 -4.0535E+10
     0.301600
  1.1618E+18  4.9557E+18  1.3689E+19  1.3412E+19 -1.2930E+04 -4.5682E+01  1.8244E+20 -1.2911E+18  1.5962E+12 -1.0006E+11
     0.307400
  3.0988E+18  1.3217E+19  3.6511E+19  3.5772E+19  2.1278E+04  5.3973E+02  4.8659E+20 -3.4436E+18  4.4962E+12 -2.1626E+11
     0.313200
  8.2647E+18  3.5252E+19  9.7384E+19  9.5407E+19 -3.1138E+04 -1.5279E+03  1.2978E+21 -9.1841E+18  1.1436E+13 -3.7375E+11
     0.319000
  2.2043E+19  9.4017E+19  2.5975E+20  2.5445E+20  1.7498E+05  3.1977E+03  3.4614E+21 -2.4494E+19  2.5797E+13 -3.1966E+11
     0.324800
  5.8791E+19  2.5075E+20  6.9279E+20  6.7863E+20 -1.3073E+05 -7.2606E+03  9.2317E+21 -6.5327E+19  4.8454E+13  1.1473E+12
     0.330600
  1.5680E+20  6.6878E+20  1.8477E+21  1.8100E+21 -6.0263E+05 -2.3963E+04  2.4622E+22 -1.7423E+20  5.8544E+13  8.3814E+12
     0.336400
  4.1820E+20  1.7837E+21  4.9279E+21  4.8275E+21  2.0896E+06 -2.9593E+04  6.5669E+22 -4.6471E+20 -5.9153E+13  3.5024E+13
     0.342200
  1.1154E+21  4.7575E+21  1.3143E+22  1.2876E+22 -5.1970E+06 -1.8757E+05  1.7515E+23 -1.2395E+21 -7.4781E+14  1.1936E+14
     0.348000
  2.9749E+21  1.2689E+22  3.5054E+22  3.4341E+22  1.2594E+07  4.0604E+05  4.6714E+23 -3.3058E+21 -3.4489E+15  3.5812E+14
     0.353800
  7.9343E+21  3.3842E+22  9.3493E+22  9.1590E+22  5.5637E+07 -1.4348E+06  1.2459E+24 -8.8168E+21 -1.2337E+16  9.6706E+14
     0.359600
  2.1162E+22  9.0259E+22  2.4936E+23  2.4428E+23  1.5123E+08 -3.2208E+06  3.3230E+24 -2.3515E+22 -3.8307E+16  2.3419E+15
     0.365400
  5.6440E+22  2.4073E+23  6.6507E+23  6.5152E+23  2.8056E+08 -8.2005E+06  8.8627E+24 -6.2717E+22 -1.0671E+17  4.9196E+15
     0.371200
  1.5053E+23  6.4205E+23  1.7738E+24  1.7377E+24 -6.6120E+08 -2.2235E+07  2.3638E+25 -1.6727E+23 -2.6758E+17  7.9976E+15
     0.377000
  4.0148E+23  1.7124E+24  4.7309E+24  4.6345E+24 -4.9458E+08  3.0653E+07  6.3044E+25 -4.4614E+23 -5.9087E+17  4.6271E+15
     0.382800
  1.0708E+24  4.5672E+24  1.2618E+25  1.2361E+25 -1.2789E+10 -2.3371E+07  1.6815E+26 -1.1899E+24 -1.0643E+18 -3.6103E+16
     0.388600
  2.8559E+24  1.2181E+25  3.3653E+25  3.2968E+25  8.7264E+09  1.9273E+08  4.4846E+26 -3.1736E+24 -1.0978E+18 -2.2289E+17
     0.394400
  7.6171E+24  3.2489E+25  8.9756E+25  8.7928E+25 -4.8302E+10 -4.4337E+07  1.1961E+27 -8.4642E+24  2.2891E+18 -8.8927E+17
     0.400200
  2.0316E+25  8.6651E+25  2.3939E+26  2.3451E+26  2.1832E+11 -3.9603E+09  3.1901E+27 -2.2575E+25  2.0179E+19 -2.9542E+18
     0.406000
  5.4184E+25  2.3111E+26  6.3848E+26  6.2547E+26  1.9794E+11  1.0144E+09  8.5084E+27 -6.0210E+25  8.7860E+19 -8.6939E+18
     0.411800
  1.4451E+26  6.1639E+26  1.7029E+27  1.6682E+27  3.1738E+11  1.6757E+10  2.2693E+28 -1.6059E+26  3.0571E+20 -2.3045E+19
     0.417600
  3.8543E+26  1.6440E+27  4.5418E+27  4.4493E+27  9.9561E+11 -8.3807E+09  6.0524E+28 -4.2830E+26  9.3097E+20 -5.4590E+19
     0.423400
  1.0280E+27  4.3847E+27  1.2113E+28  1.1867E+28 -3.8232E+12  1.1910E+11  1.6142E+29 -1.1423E+27  2.5478E+21 -1.1085E+20
     0.429200
  2.7418E+27  1.1694E+28  3.2308E+28  3.1650E+28  9.9396E+12 -1.3721E+10  4.3053E+29 -3.0467E+27  6.2624E+21 -1.6642E+20
     0.435000
  7.3126E+27  3.1190E+28  8.6168E+28  8.4413E+28  3.4079E+13 -1.2568E+12  1.1483E+30 -8.1259E+27  1.3440E+22 -3.2215E+19
     0.440800
  1.0938E-01  4.6654E-01  1.2889E+00  1.2627E+00  1.1661E-16  4.9693E-18  1.7176E+01 -1.2155E-01  1.2821E-07  6.0874E-09
     0.446600
  2.9173E-01  1.2443E+00  3.4377E+00  3.3676E+00 -1.0196E-15  6.7153E-17  4.5811E+01 -3.2418E-01  1.0038E-07  3.3074E-08
     0.452400
  7.7809E-01  3.3187E+00  9.1686E+00  8.9819E+00  3.2089E-15  3.3580E-18  1.2218E+02 -8.6462E-01 -4.4243E-07  1.2646E-07
     0.458200
  2.0752E+00  8.8514E+00  2.4454E+01  2.3956E+01  4.9373E-15  4.2440E-16  3.2587E+02 -2.3060E+00 -3.0605E-06  4.0977E-07
     0.464000
  5.5349E+00  2.3608E+01  6.5221E+01  6.3892E+01  1.6236E-14  2.3530E-16  8.6913E+02 -6.1504E+00 -1.2611E-05  1.1824E-06
     0.469800
  1.4762E+01  6.2964E+01  1.7395E+02  1.7041E+02  1.5359E-13  2.4693E-15  2.3181E+03 -1.6404E+01 -4.2652E-05  3.0741E-06
     0.475600
  3.9372E+01  1.6793E+02  4.6394E+02  4.5449E+02 -2.5539E-13 -7.8945E-15  6.1825E+03 -4.3751E+01 -1.2723E-04  7.1108E-06
     0.481400
  1.0501E+02  4.4789E+02  1.2374E+03  1.2122E+03 -1.4923E-12 -1.0508E-14  1.6489E+04 -1.1669E+02 -3.4161E-04  1.3894E-05
     0.487200
  2.8007E+02  1.1946E+03  3.3002E+03  3.2330E+03 -4.7310E-12  2.8068E-14  4.3979E+04 -3.1122E+02 -8.2152E-04  1.8834E-05
     0.493000
  7.4698E+02  3.1861E+03  8.8021E+03  8.6228E+03 -4.0448E-12  1.3898E-15  1.1730E+05 -8.3006E+02 -1.7073E-03 -6.5195E-06
     0.498800
  1.9923E+03  8.4976E+03  2.3476E+04  2.2998E+04  1.8913E-11  6.8799E-14  3.1284E+05 -2.2139E+03 -2.7075E-03 -1.7581E-04
     0.504600
  5.3136E+03  2.2664E+04  6.2613E+04  6.1338E+04 -6.0670E-12  5.9397E-13  8.3439E+05 -5.9046E+03 -1.2480E-03 -8.6689E-04
     0.510400
  1.4172E+04  6.0447E+04  1.6700E+05  1.6359E+05 -1.0091E-10 -2.2005E-12  2.2254E+06 -1.5748E+04  1.3889E-02 -3.1923E-03
     0.516200
  3.7798E+04  1.6122E+05  4.4540E+05  4.3632E+05  2.1823E-10 -2.0334E-12  5.9354E+06 -4.2002E+04  8.1761E-02 -1.0103E-02
     0.522000
  1.0081E+05  4.2999E+05  1.1879E+06  1.1637E+06 -1.3186E-09 -2.0519E-11  1.5830E+07 -1.1202E+05  3.2136E-01 -2.8594E-02
