     0.000000
  3.1650E-03  1.3043E-35  2.7312E-10  5.6716E-03  0.0000E+00  0.0000E+00  0.0000E+00  0.0000E+00  0.0000E+00  0.0000E+00
     0.005160
  2.6493E-03  7.5183E-04  4.7182E-02  1.5593E-02  1.1290E-17  6.5121E-20  3.4954E-01 -1.1663E-03 -1.1408E-05 -2.7187E-08
     0.010320
  2.5679E-03  7.7175E-03  1.4175E-01  5.4370E-02  2.1785E-18  2.6350E-19  8.1479E-01 -2.5846E-03  4.2922E-06 -4.1831E-08
     0.015480
  4.9730E-03  2.9333E-02  3.3336E-01  1.7482E-01  1.4908E-16 -9.0951E-20  2.4330E+00 -6.4682E-03  1.6970E-05 -3.8838E-08
     0.020640
  1.3044E-02  8.7797E-02  9.9291E-01  5.3322E-01 -1.2076E-16 -9.4815E-18  7.7004E+00 -1.5397E-02  1.1038E-05 -1.9415E-08
     0.025800
  3.8571E-02  2.0749E-01  3.2872E+00  1.4345E+00  5.0434E-16  4.4723E-17  2.2083E+01 -2.3399E-02  8.2175E-07 -3.3738E-09
     0.030960
  1.1316E-01  4.2456E-01  1.0227E+01  3.5249E+00 -1.7722E-15  3.4688E-17  5.7672E+01 -9.8640E-03 -2.5350E-06 -1.5120E-09
     0.036120
  3.1413E-01  1.1215E+00  2.7782E+01  9.2290E+00  9.3361E-15 -6.7742E-17  1.4981E+02 -1.4092E-02  3.9685E-08 -7.2845E-09
     0.041280
  8.6059E-01  4.4543E+00  6.8267E+01  2.8711E+01  1.2061E-14 -7.4413E-17  4.3319E+02 -4.3528E-01  3.7065E-06 -1.1172E-08
     0.046440
  2.5052E+00  1.7132E+01  1.7651E+02  9.4982E+01  3.5402E-14  9.9822E-16  1.3788E+03 -2.3831E+00  5.3325E-06 -9.6961E-09
     0.051600
  7.7767E+00  5.0923E+01  5.4597E+02  2.8708E+02  7.4129E-14 -8.7391E-15  4.2869E+03 -6.7302E+00  4.2730E-06 -5.4384E-09
     0.056760
  2.3811E+01  1.1511E+02  1.8248E+03  7.5763E+02 -3.2498E-13  7.8118E-16  1.2044E+04 -9.9489E+00  1.3557E-06 -8.1871E-10
     0.061920
  6.7493E+01  2.3066E+02  5.5937E+03  1.8678E+03  1.5430E-12 -2.5030E-15  3.1052E+04 -3.7322E+00 -2.4675E-06 -4.0697E-09
     0.067080
  1.7794E+02  6.3779E+02  1.4886E+04  5.0393E+03 -1.1513E-12  2.2890E-14  8.1293E+04 -1.7903E+01 -6.8053E-06 -6.1887E-08
     0.072240
  4.6924E+02  2.5514E+03  3.6558E+04  1.6002E+04 -1.8712E-12  1.1817E-13  2.3927E+05 -2.7006E+02 -2.5485E-05 -1.1211E-06
     0.077400
  1.3438E+03  9.4204E+03  9.7251E+04  5.2516E+04  7.4976E-11  7.4758E-13  7.6248E+05 -1.3072E+03  3.8502E-04  1.8562E-05
     0.082560
  4.1343E+03  2.6766E+04  3.0694E+05  1.5563E+05  1.7178E-10 -6.9934E-13  2.3363E+06 -3.4097E+03 -2.3551E-03 -1.3628E-04
     0.087720
  1.2519E+04  5.8753E+04  1.0154E+06  4.0512E+05  4.8691E-10  2.8100E-13  6.4682E+06 -4.4956E+03  4.1802E-03 -7.8962E-05
     0.092880
  3.5148E+04  1.2074E+05  3.0459E+06  1.0058E+06 -2.9273E-10 -9.6920E-12  1.6649E+07 -1.1775E+03  8.2331E-03  2.3222E-04
     0.098040
  9.2651E+04  3.6006E+05  7.9842E+06  2.7851E+06  1.6315E-09  1.4347E-11  4.4294E+07 -1.4063E+04 -7.8210E-03 -4.1612E-04
     0.103200
  2.4775E+05  1.4508E+06  1.9716E+07  8.9538E+06  1.3455E-09 -1.6469E-12  1.3258E+08 -1.6339E+05  3.5994E-02  1.5649E-04
     0.108360
  7.2246E+05  5.1679E+06  5.3824E+07  2.9035E+07  2.5065E-08 -6.7485E-10  4.2199E+08 -7.1377E+05 -2.3406E-02 -1.1180E-02
     0.113520
  2.2350E+06  1.4119E+07  1.7230E+08  8.4341E+07 -9.1750E-08 -3.7044E-10  1.2749E+09 -1.7092E+06  3.8138E-01  2.7565E-03
     0.118680
  6.7135E+06  3.0283E+07  5.6358E+08  2.1698E+08 -1.7314E-07  2.4173E-09  3.4830E+09 -1.9782E+06  4.2890E-02 -5.0111E-02
     0.123840
  1.8635E+07  6.4381E+07  1.6560E+09  5.4418E+08  8.4836E-08 -6.6396E-09  8.9632E+09 -4.0756E+05  1.6214E+00 -6.0556E-02
     0.129000
  4.8948E+07  2.0512E+08  4.2838E+09  1.5450E+09 -4.4446E-08 -5.6771E-08  2.4234E+10 -1.0377E+07  8.9657E-01  3.5392E-01
     0.134160
  1.3217E+08  8.2251E+08  1.0669E+10  5.0066E+09 -3.4722E-06  5.1295E-08  7.3559E+10 -9.6960E+07 -9.1937E+00  1.5714E+00
     0.139320
  3.9029E+08  2.8198E+09  2.9890E+10  1.6007E+10  4.9513E-06  7.2235E-08  2.3318E+11 -3.8473E+08 -5.8051E+01  3.5846E+00
     0.144480
  1.2081E+09  7.4145E+09  9.6639E+10  4.5607E+10 -1.1150E-05  1.7898E-07  6.9421E+11 -8.4505E+08 -1.1629E+02  7.4444E+00
     0.149640
  3.5920E+09  1.5627E+10  3.1184E+11  1.1628E+11 -2.9220E-06  8.2412E-08  1.8742E+12 -8.4717E+08 -2.3174E+02 -4.0644E+00
     0.154800
  9.8619E+09  3.4726E+10  8.9812E+11  2.9554E+11 -3.9981E-05 -8.0295E-06  4.8353E+12 -2.0873E+08 -9.4883E+01 -9.7696E+01
     0.159960
  2.5873E+10  1.1721E+11  2.2992E+12  8.5926E+11 -9.1469E-04  2.0202E-05  1.3298E+13 -7.2471E+09  1.3188E+03 -4.0884E+02
     0.165120
  7.0689E+10  4.6398E+11  5.7956E+12  2.7956E+12  1.7574E-03 -2.9889E-05  4.0829E+13 -5.6592E+10  4.9434E+03 -9.1396E+02
     0.170280
  2.1121E+11  1.5302E+12  1.6644E+13  8.8006E+12 -1.2123E-02 -1.6245E-04  1.2863E+14 -2.0504E+11  4.8705E+03 -1.9591E+02
     0.175440
  6.5299E+11  3.8806E+12  5.4128E+13  2.4619E+13 -7.0155E-03 -7.8883E-04  3.7735E+14 -4.1217E+11 -3.9846E+04  8.2234E+03
     0.180600
  1.9205E+12  8.0931E+12  1.7204E+14  6.2398E+13  2.1510E-03 -2.2925E-03  1.0086E+15 -3.5246E+11 -2.5218E+05  4.1411E+04
     0.185760
  5.2205E+12  1.8958E+13  4.8613E+14  1.6115E+14 -5.0422E-02  2.7967E-03  2.6151E+15 -1.6569E+11 -7.6212E+05  1.1414E+05
     0.190920
  1.3708E+13  6.7078E+13  1.2352E+15  4.7880E+14 -2.7642E-01 -3.0771E-03  7.3174E+15 -4.8538E+12 -6.8462E+05  1.1643E+05
     0.196080
  3.7934E+13  2.6041E+14  3.1605E+15  1.5583E+15 -1.3052E+00 -4.8331E-02  2.2664E+16 -3.2535E+13  6.5871E+06 -6.6073E+05
     0.201240
  1.1450E+14  8.2605E+14  9.2877E+15  4.8254E+15  3.2095E-01 -4.7100E-02  7.0831E+16 -1.0805E+14  4.7043E+07 -4.6055E+06
     0.206400
  3.5285E+14  2.0256E+15  3.0265E+16  1.3272E+16 -7.7148E+00 -2.4614E-01  2.0480E+17 -1.9815E+14  1.8742E+08 -1.6231E+07
     0.211560
  1.0260E+15  4.2131E+15  9.4635E+16  3.3541E+16 -2.8972E+01 -9.0673E-02  5.4295E+17 -1.4238E+14  5.0439E+08 -3.3248E+07
     0.216720
  2.7645E+15  1.0466E+16  2.6271E+17  8.8214E+16 -1.2884E+01  6.9460E-01  1.4183E+18 -1.4797E+14  7.1133E+08  2.1845E+06
     0.221880
  7.2809E+15  3.8377E+16  6.6459E+17  2.6714E+17 -2.6947E+02  1.0163E+00  4.0362E+18 -3.1434E+15 -1.4192E+09  3.5312E+08
     0.227040
  2.0421E+16  1.4538E+17  1.7302E+18  8.6695E+17  3.4950E+02  1.8782E+01  1.2576E+19 -1.8445E+16 -1.4310E+10  1.7316E+09
     0.232200
  6.2151E+16  4.4375E+17  5.1901E+18  2.6390E+18 -1.3585E+03 -7.7707E+01  3.8930E+19 -5.6306E+16 -5.8668E+10  4.9975E+09
     0.237360
  1.9057E+17  1.0554E+18  1.6888E+19  7.1483E+18 -4.0364E+03  3.0638E+01  1.1100E+20 -9.3824E+16 -1.5865E+11  7.3119E+09
     0.242520
  5.4771E+17  2.2079E+18  5.1914E+19  1.8069E+19 -7.5395E+03 -6.6699E+01  2.9250E+20 -5.6154E+16 -2.5113E+11 -1.3283E+10
     0.247680
  1.4649E+18  5.8347E+18  1.4179E+20  4.8467E+19  2.5059E+04 -3.4074E+02  7.7134E+20 -1.2626E+17  1.2994E+11 -1.3333E+11
     0.252840
  3.8777E+18  2.1922E+19  3.5825E+20  1.4915E+20 -6.5750E+04 -5.5465E+02  2.2306E+21 -1.9800E+18  2.3977E+12 -4.9957E+11
     0.258000
  1.1025E+19  8.0732E+19  9.5073E+20  4.8126E+20 -6.1988E+05  3.5087E+03  6.9737E+21 -1.0321E+19  8.3076E+12 -1.0478E+12
     0.263160
  3.3769E+19  2.3729E+20  2.9026E+21  1.4399E+21  1.2221E+06 -1.0606E+04  2.1357E+22 -2.9012E+19  1.1930E+13 -9.4138E+08
     0.268320
  1.0286E+20  5.4935E+20  9.4021E+21  3.8480E+21  3.1777E+05 -5.1381E+03  6.0097E+22 -4.3718E+19 -3.0160E+13  1.0466E+13
     0.273480
  2.9223E+20  1.1664E+21  2.8405E+22  9.7592E+21 -3.1690E+06 -2.0792E+05  1.5775E+23 -2.2082E+19 -2.4835E+14  4.9624E+13
     0.278640
  7.7701E+20  3.2791E+21  7.6470E+22  2.6718E+22 -1.6742E+07 -1.0800E+06  4.2069E+23 -1.0027E+20 -7.4615E+14  1.2903E+14
     0.283800
  2.0712E+21  1.2489E+22  1.9357E+23  8.3280E+22  4.3476E+07  1.8611E+06  1.2347E+24 -1.2182E+21 -3.8072E+14  1.0080E+14
     0.288960
  5.9690E+21  4.4593E+22  5.2419E+23  2.6654E+23 -3.6077E+08  9.2404E+05  3.8633E+24 -5.7050E+21  8.4539E+15 -8.9286E+14
     0.294120
  1.8359E+22  1.2635E+23  1.6236E+24  7.8387E+23  3.3242E+08  8.6754E+06  1.1695E+25 -1.4780E+22  5.3767E+16 -5.5606E+15
     0.299280
  5.5478E+22  2.8598E+23  5.2221E+24  2.0711E+24  1.2723E+09  3.1899E+07  3.2510E+25 -2.0032E+22  1.9998E+17 -1.8376E+16
     0.304440
  1.5584E+23  6.2185E+23  1.5505E+25  5.2861E+24 -1.4232E+09 -6.3929E+07  8.5195E+25 -9.1180E+21  4.8167E+17 -3.3281E+16
     0.309600
  4.1268E+23  1.8543E+24  4.1225E+25  1.4773E+25  2.0582E+09  4.6848E+08  2.3008E+26 -7.4727E+22  3.9249E+17  2.6462E+16
     0.314760
  1.1097E+24  7.0906E+24  1.0486E+26  4.6483E+25  2.3344E+10 -1.1568E+08  6.8417E+26 -7.3444E+23 -3.0569E+18  4.8003E+17
     0.319920
  3.2392E+24  2.4504E+25  2.8990E+26  1.4727E+26  1.8183E+11 -2.4856E+08  2.1376E+27 -3.1165E+24 -2.0091E+19  2.1255E+18
     0.325080
  9.9843E+24  6.7030E+25  9.0795E+26  4.2592E+26  4.5518E+10  1.2361E+10  6.3929E+27 -7.4427E+24 -7.3200E+19  5.6768E+18
     0.330240
  2.9898E+25  1.4906E+26  2.8933E+27  1.1151E+27  2.6591E+11  1.5924E+10  1.7578E+28 -9.0242E+24 -1.7812E+20  6.6910E+18
     0.335400
  8.3090E+25  3.3476E+26  8.4452E+27  2.8719E+27  2.6282E+11 -7.0397E+10  4.6089E+28 -4.3009E+24 -2.1203E+20 -2.3267E+19
     0.340560
  2.1953E+26  1.0530E+27  2.2225E+28  8.1878E+27  7.8416E+11  4.8298E+10  1.2617E+29 -5.2889E+25  5.1192E+20 -1.7671E+20
     0.345720
  5.9637E+26  4.0096E+27  5.6973E+28  2.5924E+28 -7.8118E+12 -4.4174E+11  3.7937E+29 -4.3491E+26  3.9625E+21 -6.1507E+20
     0.350880
  1.7615E+27  1.3396E+28  1.6074E+29  8.1178E+28 -1.6313E+13  4.2938E+11  1.1811E+30 -1.6833E+27  1.2712E+22 -1.1927E+21
     0.356040
  1.2147E-02  7.9294E-02  1.1350E+00  5.1686E-01 -1.5979E-16  5.5382E-18  7.8051E+00 -8.2868E-03  4.5631E-08  8.6322E-10
     0.361200
  3.6015E-02  1.7424E-01  3.5772E+00  1.3442E+00 -1.1130E-16 -3.7471E-17  2.1256E+01 -8.9473E-03 -5.1627E-08  3.0359E-08
     0.366360
  9.9099E-02  4.0713E-01  1.0271E+01  3.5017E+00  1.1551E-15 -1.5644E-17  5.5885E+01 -5.5028E-03 -5.9588E-07  1.3453E-07
     0.371520
  2.6174E-01  1.3410E+00  2.6818E+01  1.0172E+01  1.8334E-14  2.4949E-17  1.5514E+02 -8.0326E-02 -1.8214E-06  3.2929E-07
     0.376680
  7.1916E-01  5.0502E+00  6.9457E+01  3.2305E+01 -3.6499E-14  1.2704E-16  4.7074E+02 -5.6696E-01 -7.2756E-07  1.8061E-07
     0.381840
  2.1465E+00  1.6305E+01  1.9980E+02  9.9868E+01  1.0292E-13  3.0721E-15  1.4578E+03 -2.0118E+00  2.1684E-05 -2.6176E-06
     0.387000
  6.6040E+00  4.1820E+01  6.3352E+02  2.7999E+02 -6.1077E-14  5.3319E-15  4.2534E+03 -4.0754E+00  1.3157E-04 -1.4894E-05
     0.392160
  1.9377E+01  9.1383E+01  1.9721E+03  7.2511E+02  3.6515E-13  1.6433E-15  1.1491E+04 -3.9123E+00  4.6223E-04 -4.6228E-05
     0.397320
  5.2844E+01  2.2344E+02  5.5752E+03  1.9145E+03 -8.3855E-13 -9.5310E-15  3.0355E+04 -3.6864E+00  9.7421E-04 -7.2406E-05
     0.402480
  1.3980E+02  7.6403E+02  1.4478E+04  5.6573E+03 -1.6550E-13 -5.3076E-15  8.5459E+04 -5.2708E+01 -1.6410E-05  1.2773E-04
     0.407640
  3.8880E+02  2.8302E+03  3.7968E+04  1.7969E+04  5.1103E-12 -1.2728E-13  2.6108E+05 -3.2559E+02 -1.0949E-02  1.4048E-03
     0.412800
  1.1708E+03  8.8298E+03  1.1119E+05  5.4796E+04  1.7009E-12 -1.8514E-13  8.0301E+05 -1.0633E+03 -5.8208E-02  5.7098E-03
     0.417960
  3.5889E+03  2.2014E+04  3.5310E+05  1.5151E+05 -1.8153E-10  5.8885E-14  2.3148E+06 -1.9801E+03 -1.9227E-01  1.4042E-02
     0.423120
  1.0417E+04  4.8164E+04  1.0847E+06  3.9175E+05  1.9756E-10  1.8439E-11  6.2143E+06 -1.6992E+03 -4.1285E-01  1.1741E-02
     0.428280
  2.8192E+04  1.2369E+05  3.0224E+06  1.0500E+06  9.2955E-11 -1.7925E-11  1.6524E+07 -2.6542E+03 -2.5818E-01 -8.2306E-02
     0.433440
  7.4847E+04  4.3513E+05  7.8260E+06  3.1493E+06  6.8053E-10  1.0123E-10  4.7160E+07 -3.3619E+04  2.4255E+00 -5.1446E-01
     0.438600
  2.1078E+05  1.5786E+06  2.0817E+07  9.9784E+06  4.7992E-09 -3.8453E-11  1.4474E+08 -1.8449E+05  1.3421E+01 -1.6668E+00
     0.443760
  6.3919E+05  4.7612E+06  6.1945E+07  3.0001E+07 -1.0832E-08  2.2759E-10  4.4162E+08 -5.5612E+05  3.9866E+01 -2.9357E+00
     0.448920
  1.9491E+06  1.1574E+07  1.9648E+08  8.1933E+07  1.7376E-08  3.3251E-10  1.2584E+09 -9.5045E+05  6.3091E+01  2.3291E+00
     0.454080
  5.5966E+06  2.5539E+07  5.9520E+08  2.1204E+08  8.9306E-08  3.7204E-09  3.3630E+09 -7.4316E+05 -5.7233E+01  3.9722E+01
     0.459240
  1.5051E+07  6.8990E+07  1.6370E+09  5.7746E+08 -4.2896E-07  1.7551E-08  9.0155E+09 -1.9281E+06 -7.3132E+02  1.6417E+02
     0.464400
  4.0174E+07  2.4743E+08  4.2373E+09  1.7539E+09  2.3100E-07  9.4501E-09  2.6064E+10 -2.0933E+07 -2.2707E+03  3.7725E+02
     0.469560
  1.1456E+08  8.7627E+08  1.1447E+10  5.5309E+09 -4.1683E-06  2.6516E-09  8.0194E+10 -1.0323E+08 -1.3328E+03  1.1665E+02
     0.474720
  3.4919E+08  2.5572E+09  3.4531E+10  1.6393E+10  4.8213E-07 -2.4325E-07  2.4248E+11 -2.8783E+08  2.2968E+04 -3.3807E+03
     0.479880
  1.0578E+09  6.0838E+09  1.0913E+11  4.4290E+10  1.8666E-05 -1.4197E-07  6.8350E+11 -4.5082E+08  1.3988E+05 -1.7784E+04
     0.485040
  3.0051E+09  1.3636E+10  3.2592E+11  1.1502E+11  1.0349E-05  2.2729E-07  1.8216E+12 -3.3495E+08  4.6872E+05 -5.1855E+04
     0.490200
  8.0435E+09  3.8714E+10  8.8609E+11  3.1842E+11  2.4855E-04 -5.1886E-06  4.9300E+12 -1.3734E+09  8.3884E+05 -6.8186E+04
     0.495360
  2.1621E+10  1.4037E+11  2.2986E+12  9.7682E+11 -4.9644E-04 -6.9218E-07  1.4421E+13 -1.2765E+10 -1.0184E+06  2.1180E+05
     0.500520
  6.2401E+10  4.8412E+11  6.3105E+12  3.0598E+12  2.9387E-03 -3.7316E-05  4.4391E+13 -5.7090E+10 -1.5256E+07  1.7855E+06
     0.505680
  1.9082E+11  1.3686E+12  1.9251E+13  8.9412E+12  7.0378E-04  1.4661E-04  1.3294E+14 -1.4744E+11 -7.0953E+07  6.7297E+06
     0.510840
  5.7360E+11  3.1998E+12  6.0494E+13  2.3942E+13  1.7462E-02  3.6020E-04  3.7101E+14 -2.1146E+11 -2.1405E+08  1.5117E+07
     0.516000
  1.6130E+12  7.3360E+12  1.7812E+14  6.2532E+13 -3.3183E-02  1.6482E-04  9.8791E+14 -1.6049E+11 -3.9032E+08  6.2816E+06
     0.521160
  4.3041E+12  2.1825E+13  4.7953E+14  1.7597E+14  3.8204E-02  2.3882E-03  2.7017E+15 -9.5077E+11  1.0208E+08 -1.2148E+08
     0.526320
  1.1667E+13  7.9388E+13  1.2496E+15  5.4383E+14  9.3114E-01 -3.2653E-03  7.9852E+15 -7.6429E+12  4.1324E+09 -6.5620E+08
     0.531480
  3.4057E+13  2.6623E+14  3.4871E+15  1.6894E+15 -4.9580E-01 -1.2417E-02  2.4547E+16 -3.1221E+13  1.8851E+10 -1.9805E+09
     0.536640
  1.0428E+14  7.3021E+14  1.0730E+16  4.8691E+15 -7.9629E+00  1.5795E-01  7.2771E+16 -7.4759E+13  5.1748E+10 -3.0857E+09
     0.541800
  3.1078E+14  1.6856E+15  3.3466E+16  1.2947E+16  1.1231E+01 -2.0668E-02  2.0130E+17 -9.8247E+13  7.4453E+10  4.6248E+09
     0.546960
  8.6563E+14  3.9776E+15  9.7175E+16  3.4081E+16 -2.3626E+00  1.1510E-01  5.3652E+17 -8.4025E+13 -9.9263E+10  5.2095E+10
     0.552120
  2.3066E+15  1.2343E+16  2.5955E+17  9.7433E+16  6.2733E-01  1.2382E+00  1.4836E+18 -6.3927E+14 -1.0002E+12  2.0074E+11
     0.557280
  6.3130E+15  4.4744E+16  6.8093E+17  3.0255E+17 -1.1313E+02  1.4536E+00  4.4237E+18 -4.5020E+15 -3.0856E+12  4.3095E+11
     0.562440
  1.8617E+16  1.4576E+17  1.9308E+18  9.3089E+17  4.0511E+02 -1.9261E+01  1.3557E+19 -1.6893E+16 -2.6888E+12  1.8344E+10
     0.567600
  5.6973E+16  3.8860E+17  5.9770E+18  2.6480E+18  9.6605E+02  2.7419E+01  3.9781E+19 -3.7526E+16  2.3239E+13 -4.3469E+12
     0.572760
  1.6824E+17  8.9025E+17  1.8476E+19  7.0062E+18  2.7103E+03  6.0515E+01  1.0921E+20 -4.5355E+16  1.4782E+14 -2.1261E+13
     0.577920
  4.6454E+17  2.1734E+18  5.2935E+19  1.8621E+19 -1.2209E+03 -1.7513E+02  2.9184E+20 -4.8379E+16  4.7644E+14 -5.8205E+13
     0.583080
  1.2384E+18  6.9926E+18  1.4054E+20  5.4027E+19  1.9270E+03 -4.4104E+02  8.1622E+20 -4.1832E+17  7.0091E+14 -6.1580E+13
     0.588240
  3.4247E+18  2.5122E+19  3.7194E+20  1.6815E+20  2.2168E+04 -4.3080E+02  2.4510E+21 -2.6130E+18 -2.0440E+15  3.1357E+14
     0.593400
  1.0190E+19  7.9459E+19  1.0707E+21  5.1194E+20  3.8373E+04  5.6275E+02  7.4780E+21 -9.0466E+18 -1.9520E+16  2.2216E+15
     0.598560
  3.1115E+19  2.0640E+20  3.3263E+21  1.4385E+21  1.3418E+06 -4.7543E+04  2.1720E+22 -1.8651E+19 -8.2482E+16  7.8121E+15
     0.603720
  9.1000E+19  4.7185E+20  1.0179E+22  3.7952E+21 -4.4487E+05 -5.4243E+04  5.9251E+22 -2.0914E+19 -2.2712E+17  1.5842E+16
     0.608880
  2.4936E+20  1.1963E+21  2.8800E+22  1.0200E+22  4.5431E+06 -1.1836E+05  1.5901E+23 -3.0036E+19 -3.2646E+17 -1.7832E+15
     0.614040
  6.6613E+20  3.9638E+21  7.6166E+22  2.9991E+22 -8.8097E+06 -3.6370E+05  4.4979E+23 -2.6716E+20  6.0942E+17 -1.7044E+17
     0.619200
  1.8625E+21  1.4048E+22  2.0365E+23  9.3345E+22  1.2688E+08 -4.2427E+05  1.3578E+24 -1.4963E+21  6.2246E+18 -8.2026E+17
     0.624360
  5.5828E+21  4.3145E+22  5.9450E+23  2.8101E+23  6.7320E+06 -8.1869E+06  4.1192E+24 -4.7968E+21  2.4844E+19 -2.3037E+18
     0.629520
  1.6983E+22  1.0948E+23  1.8490E+24  7.8086E+23  6.3161E+08  1.5175E+06  1.1846E+25 -9.1824E+21  6.2639E+19 -3.0460E+18
     0.634680
  4.9186E+22  2.5120E+23  5.5976E+24  2.0585E+24  1.2360E+09 -3.1570E+07  3.2158E+25 -9.7147E+21  7.4491E+19  8.0002E+18
     0.639840
  1.3391E+23  6.6286E+23  1.5654E+25  5.6000E+24  1.2977E+09 -9.4073E+06  8.6795E+25 -1.9486E+22 -1.9267E+20  6.8046E+19
     0.645000
  3.5908E+23  2.2458E+24  4.1323E+25  1.6660E+25 -8.6341E+09 -8.5177E+06  2.4820E+26 -1.6696E+23 -1.4339E+21  2.4466E+20
     0.650160
  1.0152E+24  7.8233E+24  1.1177E+26  5.1745E+25 -6.3091E+10  5.0701E+08  7.5196E+26 -8.4624E+23 -4.2931E+21  4.8678E+20
     0.655320
  3.0605E+24  2.3341E+25  3.3036E+26  1.5398E+26 -5.9064E+09 -4.1941E+09  2.2660E+27 -2.5191E+24 -4.6482E+21 -1.3666E+20
     0.660480
  9.2631E+24  5.8032E+25  1.0264E+27  4.2364E+26 -5.8585E+10 -7.2310E+09  6.4552E+27 -4.4810E+24  2.3523E+22 -5.5937E+21
     0.665640
  2.6570E+25  1.3443E+26  3.0723E+27  1.1182E+27 -2.3987E+11  6.5321E+09  1.7464E+28 -4.6001E+24  1.5950E+23 -2.5504E+22
     0.670800
  7.1969E+25  3.6938E+26  8.5023E+27  3.0814E+27  1.0796E+12 -1.1687E+10  4.7462E+28 -1.2852E+25  4.9813E+23 -6.5459E+22
     0.675960
  1.9400E+26  1.2708E+27  2.2450E+28  9.2572E+27 -8.0923E+12 -8.5631E+10  1.3712E+29 -1.0235E+26  5.9374E+23 -5.2012E+22
     0.681120
  5.5449E+26  4.3388E+27  6.1479E+28  2.8641E+28  3.9147E+13 -6.9889E+11  4.1618E+29 -4.7307E+26 -3.0163E+24  4.3672E+23
     0.686280
  1.6785E+27  1.2586E+28  1.8366E+29  8.4234E+28 -3.9367E+13 -1.1764E+12  1.2448E+30 -1.3106E+27 -2.3573E+25  2.7225E+24
     0.691440
  1.1922E-02  7.2654E-02  1.3435E+00  5.4262E-01 -5.0242E-16 -2.9546E-18  8.3005E+00 -5.1242E-03 -2.1824E-04  2.1163E-05
     0.696600
  3.3877E-02  1.7087E-01  3.9751E+00  1.4369E+00 -1.9423E-15  6.5812E-18  2.2415E+01 -5.3206E-03 -5.4482E-04  3.8121E-05
     0.701760
  9.1427E-02  4.8833E-01  1.0901E+01  4.0120E+00  1.0880E-15 -7.2882E-17  6.1397E+01 -1.9996E-02 -5.2156E-04 -3.0279E-05
     0.706920
  2.4810E-01  1.6947E+00  2.8846E+01  1.2147E+01 -7.5321E-15 -2.1690E-16  1.7903E+02 -1.4564E-01  2.9616E-03 -5.4308E-04
     0.712080
  7.1654E-01  5.6594E+00  8.0018E+01  3.7375E+01  5.0054E-14 -3.4092E-16  5.4353E+02 -6.1774E-01  2.0364E-02 -2.3750E-03
     0.717240
  2.1741E+00  1.5980E+01  2.4113E+02  1.0866E+02 -6.1104E-14 -2.8909E-16  1.6129E+03 -1.5959E+00  7.3188E-02 -6.1878E-03
     0.722400
  6.4937E+00  3.8560E+01  7.4352E+02  2.9436E+02 -2.8565E-13 -2.2194E-15  4.5180E+03 -2.4672E+00  1.6741E-01 -6.4599E-03
     0.727560
  1.8291E+01  9.2557E+01  2.1747E+03  7.8345E+02 -3.5311E-13 -2.3367E-14  1.2196E+04 -2.7345E+00  1.3674E-01  3.0025E-02
     0.732720
  4.9261E+01  2.7442E+02  5.9179E+03  2.2160E+03 -3.9760E-13 -3.8425E-14  3.3695E+04 -1.3042E+01 -8.2778E-01  2.0799E-01
     0.737880
  1.3473E+02  9.5491E+02  1.5725E+04  6.7479E+03 -9.4709E-13 -2.6270E-14  9.9062E+04 -8.6427E+01 -4.8438E+00  6.9844E-01
     0.743040
  3.9293E+02  3.1148E+03  4.4187E+04  2.0623E+04  2.6820E-11 -1.5004E-14  3.0038E+05 -3.3819E+02 -1.3849E+01  1.2722E+00
     0.748200
  1.1932E+03  8.5747E+03  1.3405E+05  5.9289E+04  3.2580E-11  1.5624E-12  8.8404E+05 -8.1613E+02 -1.6218E+01 -8.9299E-01
     0.753360
  3.5369E+03  2.0514E+04  4.1086E+05  1.5977E+05 -9.5154E-11 -3.3149E-12  2.4591E+06 -1.1853E+03  6.0008E+01 -1.7038E+01
     0.758520
  9.8838E+03  5.0498E+04  1.1883E+06  4.2809E+05 -1.3353E-10  1.3294E-11  6.6463E+06 -1.4894E+03  4.2575E+02 -7.2502E+01
     0.763680
  2.6614E+04  1.5475E+05  3.2140E+06  1.2262E+06  1.3384E-09  3.0330E-12  1.8530E+07 -8.3947E+03  1.2946E+03 -1.7405E+02
     0.768840
  7.3457E+04  5.3710E+05  8.5903E+06  3.7476E+06 -3.4596E-09  9.9597E-12  5.4861E+07 -5.0620E+04  1.2945E+03 -9.0479E+01
     0.774000
  2.1618E+05  1.7100E+06  2.4446E+07  1.1365E+07  4.7350E-09  3.5837E-11  1.6595E+08 -1.8355E+05 -9.1773E+03  1.3861E+03
     0.779160
  6.5623E+05  4.6002E+06  7.4513E+07  3.2332E+07 -1.4873E-08 -2.9842E-10  4.8440E+08 -4.1470E+05 -6.4646E+04  7.7999E+03
     0.784320
  1.9306E+06  1.0970E+07  2.2676E+08  8.6827E+07 -4.6311E-08 -8.7084E-10  1.3397E+09 -5.7253E+05 -2.3816E+05  2.4068E+04
     0.789480
  5.3619E+06  2.7819E+07  6.4887E+08  2.3459E+08 -6.3766E-08 -1.9270E-09  3.6315E+09 -8.6441E+05 -5.3254E+05  3.7662E+04
     0.794640
  1.4474E+07  8.7742E+07  1.7477E+09  6.7992E+08  4.3014E-08  7.5426E-10  1.0222E+10 -5.3459E+06 -1.8245E+05 -6.4321E+04
     0.799800
  4.0397E+07  3.0240E+08  4.7065E+09  2.0822E+09 -3.1779E-07  5.9434E-08  3.0446E+10 -2.9379E+07  4.7598E+06 -7.1074E+05
     0.804960
  1.1997E+08  9.4000E+08  1.3558E+10  6.2623E+09  2.4935E-06  1.1092E-08  9.1801E+10 -9.9118E+07  2.6505E+07 -2.8611E+06
     0.810120
  3.6405E+08  2.4812E+09  4.1448E+10  1.7650E+10  2.9003E-07 -3.2508E-07  2.6595E+11 -2.1071E+08  8.6994E+07 -6.8771E+06
     0.815280
  1.0650E+09  5.9448E+09  1.2516E+11  4.7346E+10  4.7610E-06  6.5311E-07  7.3282E+11 -2.8404E+08  1.7676E+08 -4.8816E+06
     0.820440
  2.9522E+09  1.5621E+10  3.5475E+11  1.2922E+11 -2.5474E-05  3.9850E-07  1.9970E+12 -5.4136E+08  4.7022E+07  4.4938E+07
     0.825600
  8.0377E+09  5.0502E+10  9.5373E+11  3.7882E+11  1.8301E-04 -7.5189E-06  5.6824E+12 -3.4117E+09 -1.3752E+09  2.6588E+08
     0.830760
  2.2798E+10  1.7233E+11  2.5933E+12  1.1610E+12  1.0087E-04  1.9010E-06  1.7023E+13 -1.7086E+10 -6.7393E+09  8.3433E+08
     0.835920
  6.8537E+10  5.2460E+11  7.5606E+12  3.4644E+12  4.2755E-03 -1.0348E-04  5.1185E+13 -5.3942E+10 -1.8202E+10  1.3656E+09
     0.841080
  2.0866E+11  1.3718E+12  2.3157E+13  9.6972E+12 -1.1138E-02 -4.6327E-05  1.4753E+14 -1.0964E+11 -2.0792E+10 -1.7554E+09
     0.846240
  6.1157E+11  3.3570E+12  6.9415E+13  2.6089E+13  1.3701E-02 -3.9819E-04  4.0686E+14 -1.5463E+11  7.3187E+10 -2.2002E+10
     0.851400
  1.7137E+12  9.2442E+12  1.9538E+14  7.2173E+13 -4.0496E-02 -3.2781E-04  1.1207E+15 -3.8416E+11  5.1093E+11 -8.7461E+10
     0.856560
  4.7822E+12  3.0562E+13  5.2661E+14  2.1422E+14  5.7236E-02  1.4202E-03  3.2360E+15 -2.2726E+12  1.5132E+12 -1.9565E+11
     0.861720
  1.3988E+13  1.0329E+14  1.4516E+15  6.5755E+14  2.1000E-01  1.4457E-02  9.7771E+15 -1.0319E+13  1.3822E+12 -4.3665E+10
     0.866880
  4.3062E+13  3.1157E+14  4.2898E+15  1.9529E+15 -8.0853E-01 -2.5006E-02  2.9448E+16 -3.0948E+13 -1.0995E+13  1.8248E+12
     0.872040
  1.3342E+14  8.2909E+14  1.3177E+16  5.4663E+15 -1.7033E+00 -4.0651E-02  8.5156E+16 -6.3523E+13 -7.3387E+13  9.4068E+12
     0.877200
  4.0072E+14  2.1531E+15  3.9349E+16  1.4893E+16  2.3115E+00  1.3375E-01  2.3804E+17 -1.0946E+14 -2.5609E+14  2.7208E+13
     0.882360
  1.1722E+15  6.3567E+15  1.1082E+17  4.2146E+16 -2.3220E+01  1.3433E+00  6.7243E+17 -3.4540E+14 -5.0458E+14  3.5829E+13
     0.887520
  3.4733E+15  2.1519E+16  3.0271E+17  1.2743E+17  7.6277E+01  4.1479E-02  1.9953E+18 -1.7540E+15  2.2963E+14 -1.0750E+14
     0.892680
  1.0782E+16  7.2681E+16  8.5493E+17  3.9429E+17  1.9020E+02 -1.9928E+00  6.1494E+18 -7.1699E+15  6.7693E+15 -9.0803E+14
     0.897840
  3.4776E+16  2.2419E+17  2.5801E+18  1.1796E+18  1.2268E+03  6.1583E+00  1.8841E+19 -2.1343E+16  3.2852E+16 -3.3926E+15
     0.903000
  1.1262E+17  6.4209E+17  8.0074E+18  3.3672E+18 -3.8706E+02  1.0056E+02  5.5973E+19 -5.0126E+16  9.9023E+16 -7.4616E+15
     0.908160
  3.5928E+17  1.8733E+18  2.4134E+19  9.5287E+18 -4.9695E+03 -3.7113E+01  1.6365E+20 -1.2213E+17  1.7246E+17 -2.2402E+15
     0.913320
  1.1408E+18  6.0451E+18  6.9476E+19  2.8222E+19  2.0955E+03  5.6767E+00  4.8957E+20 -4.3420E+17 -1.0203E+17  6.4234E+16
     0.918480
  3.6938E+18  2.0978E+19  1.9776E+20  8.8427E+19  1.0236E+05  2.4629E+03  1.5320E+21 -1.8380E+18 -2.1075E+18  3.3502E+17
     0.923640
  1.2332E+19  7.2011E+19  5.8714E+20  2.8114E+20 -1.5585E+05 -1.1125E+03  4.9302E+21 -6.8791E+18 -9.0295E+18  9.8190E+17
     0.928800
  4.1985E+19  2.3568E+20  1.8443E+21  8.7226E+20 -1.5710E+06 -2.1170E+04  1.5822E+22 -2.1716E+19 -2.2820E+19  1.4030E+18
     0.933960
  1.4328E+20  7.5365E+20  5.9005E+21  2.6434E+21 -2.0684E+06  3.1741E+03  5.0119E+22 -6.3304E+19 -2.2989E+19 -3.0138E+18
     0.939120
  4.8720E+20  2.4740E+21  1.8493E+22  8.0970E+21  6.5040E+06 -1.5629E+05  1.5914E+23 -1.9911E+20  1.0083E+20 -2.8371E+19
     0.944280
  1.6612E+21  8.5195E+21  5.6686E+22  2.5852E+22  2.8495E+07 -3.3054E+05  5.1751E+23 -7.2070E+20  6.4701E+20 -1.0545E+20
     0.949440
  5.7266E+21  3.0072E+22  1.7525E+23  8.5612E+22  8.3262E+07 -3.3478E+05  1.7316E+24 -2.7248E+21  1.8581E+21 -2.1853E+20
     0.954600
  1.9982E+22  1.0538E+23  5.6291E+23  2.8578E+23  4.4221E+07  9.0597E+06  5.8793E+24 -9.7943E+21  1.6725E+21  2.4862E+19
     0.959760
  7.0176E+22  3.6329E+23  1.8736E+24  9.4457E+23  2.3040E+08  3.2109E+06  1.9966E+25 -3.3151E+22 -1.2745E+22  2.3740E+21
     0.964920
  2.4663E+23  1.2483E+24  6.2964E+24  3.1102E+24  9.2140E+08 -3.9433E+06  6.7682E+25 -1.1068E+23 -8.2761E+22  1.1310E+22
     0.970080
  8.6637E+23  4.3436E+24  2.0993E+25  1.0382E+25  6.3536E+09 -1.0087E+08  2.3075E+26 -3.8261E+23 -2.7493E+23  3.0629E+22
     0.975240
  3.0487E+24  1.5347E+25  6.9726E+25  3.5437E+25 -1.6782E+10 -2.8455E+08  7.9641E+26 -1.3757E+24 -4.6891E+23  3.2325E+22
     0.980400
  1.0769E+25  5.4559E+25  2.3426E+26  1.2281E+26 -8.0129E+10 -1.7901E+08  2.7794E+27 -4.9862E+24  6.9365E+23 -1.6138E+23
     0.985560
  3.8179E+25  1.9337E+26  8.0287E+26  4.2682E+26  9.7261E+11 -1.0124E+10  9.7478E+27 -1.7769E+25  8.9251E+24 -1.1385E+24
     0.990720
  1.3557E+26  6.8240E+26  2.7910E+27  1.4798E+27 -3.0711E+12  9.3017E+09  3.4198E+28 -6.2296E+25  3.9166E+25 -3.9683E+24
     0.995880
  4.8149E+26  2.4084E+27  9.7341E+27  5.1357E+27  5.9061E+12 -5.7273E+10  1.2001E+29 -2.1823E+26  1.0840E+26 -7.8925E+24
     1.001040
  1.7100E+27  8.5354E+27  3.3883E+28  1.7939E+28  5.8751E+11 -7.3136E+11  4.2230E+29 -7.7308E+26  1.5181E+26  1.6932E+24
     1.006200
  6.0770E+27  3.0375E+28  1.1801E+29  6.3147E+28 -2.9984E+13 -7.1732E+11  1.4921E+30 -2.7659E+27 -3.1567E+26  8.8510E+25
     1.011360
  7.2269E-02  3.6178E-01  1.3812E+00  7.4630E-01 -5.0850E-18  8.6835E-18  1.7680E+01 -3.3107E-02 -1.0100E-02  1.3898E-03
     1.016520
  2.5736E-01  1.2878E+00  4.8691E+00  2.6404E+00  9.2689E-16 -9.2403E-17  6.2751E+01 -1.1796E-01 -3.8853E-02  3.7970E-03
     1.021680
  9.1686E-01  4.5794E+00  1.7235E+01  9.3374E+00 -2.6391E-14  1.4614E-16  2.2274E+02 -4.1859E-01 -9.0868E-02  4.5185E-03
     1.026840
  3.2664E+00  1.6288E+01  6.1050E+01  3.3045E+01 -5.9479E-14  2.1679E-17  7.9085E+02 -1.4862E+00 -6.9468E-02 -1.5997E-02
     1.032000
  1.1637E+01  5.8006E+01  2.1617E+02  1.1719E+02  6.5816E-14 -8.0280E-16  2.8105E+03 -5.2939E+00  4.9800E-01 -1.2172E-01
     1.037160
  4.1468E+01  2.0679E+02  7.6583E+02  4.1653E+02 -3.0360E-14  7.9378E-15  9.9996E+03 -1.8902E+01  2.8315E+00 -4.2336E-01
     1.042320
  1.4782E+02  7.3737E+02  2.7179E+03  1.4821E+03  1.3904E-12 -1.3524E-14  3.5608E+04 -6.7481E+01  7.8290E+00 -8.0567E-01
     1.047480
  5.2702E+02  2.6285E+03  9.6641E+03  5.2741E+03 -5.4020E-12 -9.9230E-14  1.2683E+05 -2.4057E+02  7.0673E+00  4.1890E-01
     1.052640
  1.8792E+03  9.3675E+03  3.4398E+04  1.8767E+04 -6.6066E-12 -4.5274E-13  4.5179E+05 -8.5686E+02 -4.9468E+01  1.0255E+01
     1.057800
  6.7008E+03  3.3389E+04  1.2245E+05  6.6797E+04 -4.8417E-11 -4.7779E-13  1.6095E+06 -3.0529E+03 -3.1485E+02  4.5397E+01
     1.062960
  2.3894E+04  1.1905E+05  4.3587E+05  2.3790E+05 -8.8971E-12  2.4019E-13  5.7353E+06 -1.0887E+04 -9.9867E+02  1.1485E+02
     1.068120
  8.5204E+04  4.2458E+05  1.5519E+06  8.4778E+05  1.1592E-09 -1.3765E-11  2.0444E+07 -3.8843E+04 -1.4541E+03  8.9220E+01
     1.073280
  3.0387E+05  1.5143E+06  5.5280E+06  3.0219E+06 -7.5051E-09  1.2924E-12  7.2889E+07 -1.3857E+05  3.9781E+03 -7.6253E+02
     1.078440
  1.0837E+06  5.4003E+06  1.9702E+07  1.0772E+07 -2.7485E-09 -3.8654E-11  2.5989E+08 -4.9419E+05  3.7377E+04 -4.7032E+03
     1.083600
  3.8653E+06  1.9258E+07  7.0234E+07  3.8397E+07  8.4792E-08  1.8271E-10  9.2666E+08 -1.7620E+06  1.5141E+05 -1.5336E+04
     1.088760
  1.3786E+07  6.8679E+07  2.5038E+08  1.3688E+08  2.4812E-08 -2.4528E-10  3.3042E+09 -6.2833E+06  3.8295E+05 -2.7134E+04
     1.093920
  4.9169E+07  2.4495E+08  8.9258E+08  4.8806E+08  6.2470E-07 -6.3745E-10  1.1783E+10 -2.2411E+07  3.7865E+05  2.3951E+04
     1.099080
  1.7537E+08  8.7369E+08  3.1822E+09  1.7404E+09  1.0237E-06 -1.0100E-08  4.2021E+10 -7.9945E+07 -1.9896E+06  3.9566E+05
     1.104240
  6.2550E+08  3.1163E+09  1.1347E+10  6.2068E+09 -2.8038E-06 -1.6203E-07  1.4987E+11 -2.8517E+08 -1.3707E+07  1.6989E+06
     1.109400
  2.2310E+09  1.1115E+10  4.0464E+10  2.2135E+10  2.5289E-05 -9.7754E-08  5.3451E+11 -1.0171E+09 -4.8099E+07  4.3106E+06
     1.114560
  7.9577E+09  3.9643E+10  1.4431E+11  7.8940E+10  1.0953E-04 -2.1055E-07  1.9064E+12 -3.6275E+09 -1.0253E+08  3.9230E+06
     1.119720
  2.8384E+10  1.4140E+11  5.1466E+11  2.8153E+11 -3.6283E-04 -3.6744E-06  6.7992E+12 -1.2938E+10 -4.0073E+07 -2.4064E+07
     1.124880
  1.0124E+11  5.0434E+11  1.8355E+12  1.0041E+12 -2.1785E-04 -2.2493E-05  2.4251E+13 -4.6149E+10  7.4682E+08 -1.5507E+08
     1.130040
  3.6111E+11  1.7989E+12  6.5461E+12  3.5813E+12 -1.8913E-03  5.5675E-06  8.6496E+13 -1.6461E+11  3.7458E+09 -5.0502E+08
     1.135200
  1.2880E+12  6.4166E+12  2.3347E+13  1.2774E+13  1.0864E-02 -4.0040E-04  3.0851E+14 -5.8717E+11  9.8918E+09 -8.7061E+08
     1.140360
  4.5943E+12  2.2887E+13  8.3273E+13  4.5560E+13  7.3386E-02  5.6373E-04  1.1004E+15 -2.0943E+12  8.6384E+09  9.0667E+08
     1.145520
  1.6387E+13  8.1635E+13  2.9702E+14  1.6250E+14  3.5204E-01 -2.6086E-03  3.9250E+15 -7.4701E+12 -5.9309E+10  1.3197E+10
     1.150680
  5.8452E+13  2.9118E+14  1.0594E+15  5.7960E+14 -3.1561E-02  1.2961E-02  1.4000E+16 -2.6645E+13 -3.6635E+11  5.4466E+10
     1.155840
  2.0849E+14  1.0386E+15  3.7786E+15  2.0673E+15 -2.6113E+00 -2.0972E-02  4.9935E+16 -9.5040E+13 -1.1111E+12  1.2831E+11
     1.161000
  7.4367E+14  3.7046E+15  1.3477E+16  7.3739E+15  8.4380E+00 -5.7779E-02  1.7811E+17 -3.3900E+14 -1.3764E+12  6.0884E+10
     1.166160
  2.6526E+15  1.3214E+16  4.8072E+16  2.6302E+16 -1.1814E+01 -7.1441E-01  6.3530E+17 -1.2092E+15  5.7107E+12 -1.0388E+12
     1.171320
  9.4615E+15  4.7133E+16  1.7147E+17  9.3815E+16 -2.7588E+02 -5.6892E-02  2.2661E+18 -4.3131E+15  4.5245E+13 -5.7511E+12
     1.176480
  3.3748E+16  1.6812E+17  6.1160E+17  3.3462E+17  5.2102E+02 -5.7217E+00  8.0828E+18 -1.5384E+16  1.7126E+14 -1.7561E+13
     1.181640
  1.2038E+17  5.9967E+17  2.1815E+18  1.1936E+18 -5.0371E+02  1.5425E+01  2.8830E+19 -5.4874E+16  3.9243E+14 -2.7004E+13
     1.186800
  4.2938E+17  2.1390E+18  7.7811E+18  4.2573E+18  3.2874E+03  3.9605E+01  1.0284E+20 -1.9573E+17  1.8904E+14  4.8314E+13
     1.191960
  1.5315E+18  7.6295E+18  2.7754E+19  1.5185E+19 -2.9819E+04  6.1396E+01  3.6680E+20 -6.9816E+17 -3.1367E+15  5.1628E+14
     1.197120
  5.4629E+18  2.7214E+19  9.8997E+19  5.4165E+19 -5.9557E+04  6.6907E+02  1.3084E+21 -2.4903E+18 -1.7774E+16  2.0469E+15
     1.202280
  1.9486E+19  9.7069E+19  3.5311E+20  1.9320E+20  3.8932E+05 -7.9328E+02  4.6668E+21 -8.8826E+18 -5.7383E+16  4.7947E+15
     1.207440
  6.9504E+19  3.4624E+20  1.2595E+21  6.8913E+20 -1.2868E+05 -1.6099E+04  1.6646E+22 -3.1683E+19 -1.0902E+17  2.7567E+15
     1.212600
  2.4791E+20  1.2350E+21  4.4926E+21  2.4581E+21 -3.2221E+06  6.7456E+03  5.9375E+22 -1.1301E+20  1.8534E+16 -3.4731E+16
     1.217760
  8.8429E+20  4.4051E+21  1.6025E+22  8.7677E+21 -2.3238E+06  4.9647E+04  2.1178E+23 -4.0310E+20  1.0996E+18 -1.9566E+17
     1.222920
  3.1542E+21  1.5713E+22  5.7158E+22  3.1274E+22 -3.9355E+07  9.8396E+05  7.5542E+23 -1.4378E+21  4.9184E+18 -5.9653E+17
     1.228080
  1.1251E+22  5.6046E+22  2.0388E+23  1.1155E+23 -5.7192E+07 -3.7358E+06  2.6945E+24 -5.1286E+21  1.2300E+19 -9.1242E+17
     1.233240
  4.0130E+22  1.9991E+23  7.2722E+23  3.9789E+23 -4.6643E+08  3.6538E+06  9.6111E+24 -1.8293E+22  9.6317E+18  1.6032E+18
     1.238400
  1.4314E+23  7.1306E+23  2.5939E+24  1.4192E+24 -3.1872E+09  3.7663E+07  3.4282E+25 -6.5251E+22 -7.4761E+19  1.6920E+19
     1.243560
  5.1057E+23  2.5434E+24  9.2523E+24  5.0623E+24 -1.1660E+09  1.8678E+07  1.2228E+26 -2.3275E+23 -4.3877E+20  6.5258E+19
     1.248720
  1.8212E+24  9.0722E+24  3.3002E+25  1.8057E+25  1.1752E+10  3.7016E+07  4.3616E+26 -8.3018E+23 -1.2724E+21  1.4246E+20
     1.253880
  6.4960E+24  3.2360E+25  1.1772E+26  6.4407E+25  1.1871E+11  2.2751E+08  1.5558E+27 -2.9612E+24 -1.3537E+21  1.9462E+19
     1.259040
  2.3171E+25  1.1543E+26  4.1988E+26  2.2973E+26  2.1674E+11  2.5847E+09  5.5493E+27 -1.0562E+25  7.5378E+21 -1.3818E+21
     1.264200
  8.2648E+25  4.1171E+26  1.4977E+27  8.1944E+26  2.3042E+12  1.8453E+10  1.9794E+28 -3.7675E+25  5.3629E+22 -6.9783E+21
     1.269360
  2.9480E+26  1.4685E+27  5.3421E+27  2.9229E+27  3.1287E+12 -4.0093E+10  7.0603E+28 -1.3438E+26  1.9105E+23 -1.9946E+22
     1.274520
  1.0515E+27  5.2382E+27  1.9055E+28  1.0426E+28 -2.0267E+13 -3.9829E+10  2.5183E+29 -4.7933E+26  3.9189E+23 -2.5753E+22
     1.279680
  3.7507E+27  1.8684E+28  6.7967E+28  3.7188E+28  1.5422E+13  5.7792E+11  8.9827E+29 -1.7097E+27 -5.8899E+22  7.9848E+22
     1.284840
  1.3378E+28  6.6645E+28  2.4243E+29  1.3264E+29  7.7060E+13  4.8591E+11  3.2041E+30 -6.0985E+27 -4.4806E+24  6.6020E+23
     1.290000
  9.0013E-02  4.4840E-01  1.6311E+00  8.9247E-01  4.7188E-16  1.3201E-17  2.1558E+01 -4.1032E-02 -4.1861E-05  4.5894E-06
     1.295160
  3.2107E-01  1.5994E+00  5.8181E+00  3.1834E+00  1.4440E-15 -1.4145E-18  7.6895E+01 -1.4636E-01 -1.2475E-04  9.8397E-06
     1.300320
  1.1452E+00  5.7050E+00  2.0753E+01  1.1355E+01  5.5935E-16  4.3076E-16  2.7428E+02 -5.2205E-01 -2.0390E-04  1.6149E-06
     1.305480
  4.0849E+00  2.0349E+01  7.4024E+01  4.0501E+01 -3.0147E-14 -5.8736E-16  9.7832E+02 -1.8621E+00  2.1277E-04 -9.1436E-05
     1.310640
  1.4571E+01  7.2584E+01  2.6404E+02  1.4447E+02  5.5446E-15  1.5071E-15  3.4896E+03 -6.6420E+00  2.9569E-03 -4.6050E-04
     1.315800
  5.1972E+01  2.5890E+02  9.4180E+02  5.1530E+02 -7.8094E-14 -6.8881E-15  1.2447E+04 -2.3691E+01  1.1957E-02 -1.3128E-03
     1.320960
  1.8538E+02  9.2347E+02  3.3593E+03  1.8380E+03 -1.0376E-12 -4.3718E-15  4.4398E+04 -8.4505E+01  2.8046E-02 -1.7240E-03
     1.326120
  6.6123E+02  3.2940E+03  1.1982E+04  6.5561E+03  3.8489E-12  1.5786E-13  1.5836E+05 -3.0142E+02  1.7206E-02  4.8607E-03
     1.331280
  2.3586E+03  1.1749E+04  4.2740E+04  2.3385E+04  2.7426E-12  1.4571E-13  5.6487E+05 -1.0751E+03 -1.8676E-01  4.0740E-02
     1.336440
  8.4128E+03  4.1909E+04  1.5245E+05  8.3412E+04  1.8520E-10 -4.8081E-13  2.0148E+06 -3.8350E+03 -1.0190E+00  1.4708E-01
     1.341600
  3.0008E+04  1.4948E+05  5.4378E+05  2.9752E+05 -1.5560E-10  9.1964E-12  7.1867E+06 -1.3679E+04 -2.8214E+00  2.9541E-01
     1.346760
  1.0703E+05  5.3320E+05  1.9396E+06  1.0612E+06 -3.8337E-10 -1.1343E-11  2.5634E+07 -4.8792E+04 -2.6117E+00 -7.5744E-02
     1.351920
  3.8178E+05  1.9019E+06  6.9184E+06  3.7854E+06 -3.5146E-09  8.7631E-12  9.1436E+07 -1.7404E+05  1.8040E+01 -3.4128E+00
     1.357080
  1.3618E+06  6.7838E+06  2.4677E+07  1.3502E+07  5.4624E-09 -2.3640E-10  3.2614E+08 -6.2077E+05  1.1879E+02 -1.5884E+01
     1.362240
  4.8574E+06  2.4197E+07  8.8022E+07  4.8161E+07  3.6001E-09 -2.4250E-10  1.1633E+09 -2.2142E+06  3.9990E+02 -4.2429E+01
     1.367400
  1.7326E+07  8.6310E+07  3.1397E+08  1.7179E+08 -8.2620E-08  1.0052E-09  4.1495E+09 -7.8980E+06  7.2382E+02 -4.3523E+01
     1.372560
  6.1800E+07  3.0786E+08  1.1199E+09  6.1274E+08  6.3362E-07 -2.5116E-09  1.4801E+10 -2.8172E+07 -6.8050E+02  2.2621E+02
     1.377720
  2.2044E+08  1.0981E+09  3.9946E+09  2.1856E+09  3.5472E-06 -1.1200E-08  5.2794E+10 -1.0049E+08 -1.1326E+04  1.5664E+03
     1.382880
  7.8628E+08  3.9169E+09  1.4248E+10  7.7959E+09  1.2167E-05  2.7154E-08  1.8831E+11 -3.5842E+08 -5.0656E+04  5.3881E+03
     1.388040
  2.8046E+09  1.3971E+10  5.0823E+10  2.7807E+10  4.3681E-06 -7.1426E-07  6.7169E+11 -1.2785E+09 -1.3924E+05  1.0446E+04
     1.393200
  1.0004E+10  4.9834E+10  1.8128E+11  9.9186E+10  1.7486E-04 -7.6423E-07  2.3959E+12 -4.5602E+09 -1.8439E+05 -3.6989E+03
     1.398360
  3.5682E+10  1.7775E+11  6.4661E+11  3.5379E+11  1.2301E-04 -6.3083E-06  8.5458E+12 -1.6266E+10  4.6760E+05 -1.2410E+05
     1.403520
  1.2728E+11  6.3403E+11  2.3064E+12  1.2619E+12 -1.5033E-03  4.6583E-05  3.0482E+13 -5.8019E+10  4.0662E+06 -5.6771E+05
     1.408680
  4.5398E+11  2.2615E+12  8.2268E+12  4.5012E+12  1.2339E-03 -9.7537E-06  1.0873E+14 -2.0695E+11  1.5036E+07 -1.5095E+06
     1.413840
  1.6193E+12  8.0667E+12  2.9344E+13  1.6055E+13  8.6161E-03 -3.4615E-05  3.8782E+14 -7.3817E+11  3.2685E+07 -1.6102E+06
     1.419000
  5.7760E+12  2.8773E+13  1.0467E+14  5.7268E+13 -3.1294E-02 -2.9039E-05  1.3833E+15 -2.6330E+12  1.1254E+07  7.3696E+06
     1.424160
  2.0602E+13  1.0263E+14  3.7334E+14  2.0427E+14 -1.2277E-01 -2.6528E-03  4.9342E+15 -9.3916E+12 -2.5571E+08  5.1712E+07
     1.429320
  7.3487E+13  3.6608E+14  1.3317E+15  7.2862E+14  1.1987E+00  1.2688E-02  1.7600E+16 -3.3499E+13 -1.2793E+09  1.7492E+08
     1.434480
  2.6212E+14  1.3058E+15  4.7500E+15  2.5989E+15 -1.2236E+00 -6.3042E-02  6.2778E+16 -1.1949E+14 -3.3731E+09  3.1989E+08
     1.439640
  9.3497E+14  4.6576E+15  1.6943E+16  9.2702E+15 -1.4985E+01  1.5924E-03  2.2392E+17 -4.2621E+14 -2.7126E+09 -2.3564E+08
     1.444800
  3.3350E+15  1.6613E+16  6.0434E+16  3.3066E+16 -3.1193E+01 -2.9739E-01  7.9871E+17 -1.5202E+15  2.2628E+10 -4.4207E+09
     1.449960
  1.1896E+16  5.9258E+16  2.1556E+17  1.1794E+17  1.3027E+02 -2.2215E+00  2.8489E+18 -5.4226E+15  1.3963E+11 -1.9088E+10
     1.455120
  4.2430E+16  2.1137E+17  7.6889E+17  4.2069E+17  5.5790E+02  1.9253E+00  1.0162E+19 -1.9342E+16  4.4500E+11 -4.7516E+10
     1.460280
  1.5135E+17  7.5393E+17  2.7426E+18  1.5006E+18 -3.5985E+03  2.2073E+01  3.6247E+19 -6.8991E+16  6.9987E+11 -3.4968E+10
     1.465440
  5.3984E+17  2.6892E+18  9.7825E+18  5.3524E+18  3.8599E+03 -4.5192E+01  1.2929E+20 -2.4608E+17 -1.3448E+12  3.2124E+11
     1.470600
  1.9256E+18  9.5922E+18  3.4893E+19  1.9092E+19 -1.5843E+03  9.1266E+01  4.6116E+20 -8.7776E+17 -1.4522E+13  1.9441E+12
     1.475760
  6.8683E+18  3.4215E+19  1.2446E+20  6.8098E+19  7.3255E+04 -1.7186E+03  1.6449E+21 -3.1309E+18 -5.9775E+13  6.2554E+12
     1.480920
  2.4499E+19  1.2204E+20  4.4395E+20  2.4290E+20 -1.9509E+05  5.0329E+03  5.8673E+21 -1.1168E+19 -1.5091E+14  1.0778E+13
     1.486080
  8.7384E+19  4.3531E+20  1.5835E+21  8.6641E+20 -6.4826E+05  3.3991E+03  2.0928E+22 -3.9834E+19 -1.4405E+14 -1.1128E+13
     1.491240
  3.1169E+20  1.5527E+21  5.6483E+21  3.0904E+21  2.2513E+05 -7.8058E+04  7.4649E+22 -1.4209E+20  8.0628E+14 -1.6448E+14
     1.496400
  1.1118E+21  5.5384E+21  2.0147E+22  1.1023E+22  2.9102E+06 -2.5002E+05  2.6627E+23 -5.0681E+20  5.3995E+15 -6.9129E+14
     1.500000
  2.6999E+21  1.3449E+22  4.8925E+22  2.6769E+22  6.7776E+06  3.7230E+05  6.4661E+23 -1.2307E+21  1.3361E+16 -1.3811E+15
