     0.000000
  1.9831E-02  3.2468E-35  1.7738E-09  1.3532E-02  0.0000E+00  0.0000E+00  0.0000E+00  0.0000E+00  0.0000E+00  0.0000E+00
     0.006640
  1.3678E-02  1.5880E-03  2.5855E-01  7.1196E-02  2.0751E-18  3.3662E-19  1.0138E+00 -2.7098E-03  4.6967E-05  1.0737E-06
     0.013280
  7.4982E-03  1.2874E-02  4.1878E-01  1.1971E-01  3.1254E-18 -1.2808E-19  4.4221E-01 -2.5936E-03 -1.5850E-04  4.0474E-06
     0.019920
  1.3030E-02  2.4165E-02  3.1710E-01  1.5137E-01  1.1213E-17 -9.4371E-20  6.6356E-01 -2.9657E-03 -2.1697E-04  4.2603E-06
     0.026560
  2.1604E-02  4.9744E-02  4.4452E-01  2.7054E-01  4.3588E-17  7.0645E-19  1.8903E+00 -5.7653E-03 -9.7365E-05 -4.0045E-07
     0.033200
  3.7930E-02  9.4997E-02  9.2908E-01  4.8769E-01  1.2051E-17  3.3008E-18  4.2294E+00 -1.2374E-02 -1.3110E-04 -1.8710E-06
     0.039840
  7.8688E-02  1.9238E-01  1.9873E+00  9.4826E-01  3.8933E-17  1.5278E-18  9.3779E+00 -2.7441E-02 -3.8131E-04  1.2188E-06
     0.046480
  1.7527E-01  3.9804E-01  4.5334E+00  1.8856E+00  1.2670E-16 -6.7059E-18  2.1592E+01 -5.3880E-02 -7.7341E-04  3.8878E-06
     0.053120
  3.9697E-01  8.6162E-01  1.0692E+01  3.9431E+00 -1.6052E-15 -5.8368E-18  4.9980E+01 -1.0227E-01 -1.5721E-03  8.1744E-06
     0.059760
  9.1305E-01  1.9331E+00  2.5138E+01  8.5886E+00  1.9398E-15  1.1880E-18  1.1585E+02 -1.9590E-01 -3.2991E-03  1.8366E-05
     0.066400
  2.1194E+00  4.4404E+00  5.8820E+01  1.9334E+01  2.4102E-16  4.9897E-17  2.6968E+02 -3.9298E-01 -6.7887E-03  3.6913E-05
     0.073040
  4.9480E+00  1.0309E+01  1.3749E+02  4.4452E+01 -1.5765E-14 -1.3993E-16  6.2995E+02 -8.2356E-01 -1.3779E-02  6.9883E-05
     0.079680
  1.1595E+01  2.4020E+01  3.2183E+02  1.0331E+02 -3.1628E-15  2.9899E-16  1.4753E+03 -1.7795E+00 -2.7671E-02  1.2391E-04
     0.086320
  2.7232E+01  5.6002E+01  7.5507E+02  2.4115E+02  3.9495E-14 -3.5906E-16  3.4608E+03 -3.9146E+00 -5.4738E-02  1.9330E-04
     0.092960
  6.4021E+01  1.3055E+02  1.7754E+03  5.6370E+02 -3.1744E-13  8.7625E-16  8.1274E+03 -8.6785E+00 -1.0658E-01  2.2232E-04
     0.099600
  1.5056E+02  3.0440E+02  4.1805E+03  1.3185E+03  3.8966E-13 -6.1371E-15  1.9099E+04 -1.9319E+01 -2.0526E-01 -7.6415E-05
     0.106240
  3.5414E+02  7.1049E+02  9.8521E+03  3.0864E+03 -1.1668E-13 -7.8526E-15  4.4910E+04 -4.3243E+01 -3.9316E-01 -1.5369E-03
     0.112880
  8.3312E+02  1.6610E+03  2.3227E+04  7.2329E+03  2.4295E-12  7.3876E-15  1.0566E+05 -9.7533E+01 -7.6215E-01 -6.7177E-03
     0.119520
  1.9606E+03  3.8902E+03  5.4768E+04  1.6973E+04 -8.7366E-12 -4.0561E-15  2.4875E+05 -2.2196E+02 -1.5210E+00 -2.2330E-02
     0.126160
  4.6158E+03  9.1284E+03  1.2915E+05  3.9884E+04 -1.2021E-11  4.4155E-14  5.8594E+05 -5.0950E+02 -3.1894E+00 -6.4498E-02
     0.132800
  1.0872E+04  2.1455E+04  3.0454E+05  9.3832E+04 -2.1344E-11  5.2841E-13  1.3809E+06 -1.1779E+03 -7.0933E+00 -1.6913E-01
     0.139440
  2.5620E+04  5.0491E+04  7.1820E+05  2.2095E+05 -4.9865E-11 -8.5981E-13  3.2556E+06 -2.7380E+03 -1.6644E+01 -4.0475E-01
     0.146080
  6.0399E+04  1.1893E+05  1.6939E+06  5.2065E+05  5.8856E-10  2.9926E-13  7.6776E+06 -6.3880E+03 -4.0664E+01 -8.7789E-01
     0.152720
  1.4244E+05  2.8033E+05  3.9954E+06  1.2274E+06 -1.1414E-10  1.8564E-12  1.8110E+07 -1.4941E+04 -1.0176E+02 -1.6560E+00
     0.159360
  3.3598E+05  6.6101E+05  9.4250E+06  2.8943E+06  1.1734E-10 -4.4162E-12  4.2724E+07 -3.5001E+04 -2.5877E+02 -2.4032E+00
     0.166000
  7.9267E+05  1.5590E+06  2.2236E+07  6.8266E+06  2.7960E-09  6.9595E-12  1.0080E+08 -8.2091E+04 -6.6349E+02 -1.0900E+00
     0.172640
  1.8704E+06  3.6776E+06  5.2463E+07  1.6104E+07  6.0933E-10  5.5215E-11  2.3785E+08 -1.9271E+05 -1.7031E+03  9.7926E+00
     0.179280
  4.4137E+06  8.6759E+06  1.2379E+08  3.7991E+07  1.8425E-08  6.7824E-11  5.6126E+08 -4.5272E+05 -4.3361E+03  5.2999E+01
     0.185920
  1.0416E+07  2.0469E+07  2.9211E+08  8.9633E+07 -1.0613E-07  8.7329E-11  1.3245E+09 -1.0643E+06 -1.0836E+04  1.8919E+02
     0.192560
  2.4583E+07  4.8294E+07  6.8931E+08  2.1148E+08  8.7493E-08 -8.6581E-10  3.1254E+09 -2.5033E+06 -2.6306E+04  5.6362E+02
     0.199200
  5.8018E+07  1.1395E+08  1.6266E+09  4.9896E+08 -3.5993E-08 -9.1525E-11  7.3751E+09 -5.8913E+06 -6.1431E+04  1.4911E+03
     0.205840
  1.3692E+08  2.6886E+08  3.8382E+09  1.1772E+09 -2.8336E-07  3.0627E-09  1.7403E+10 -1.3870E+07 -1.3678E+05  3.5841E+03
     0.212480
  3.2313E+08  6.3436E+08  9.0565E+09  2.7774E+09 -2.4894E-07  4.4368E-09  4.1061E+10 -3.2665E+07 -2.8774E+05  7.8865E+03
     0.219120
  7.6249E+08  1.4967E+09  2.1368E+10  6.5523E+09 -5.1020E-06  1.3719E-08  9.6877E+10 -7.6949E+07 -5.6539E+05  1.5854E+04
     0.225760
  1.7991E+09  3.5311E+09  5.0415E+10  1.5457E+10 -6.2962E-07 -1.4160E-08  2.2855E+11 -1.8130E+08 -1.0198E+06  2.8745E+04
     0.232400
  4.2447E+09  8.3302E+09  1.1894E+11  3.6461E+10  2.0502E-05 -1.8677E-08  5.3913E+11 -4.2722E+08 -1.6343E+06  4.5490E+04
     0.239040
  1.0014E+10  1.9650E+10  2.8058E+11  8.6001E+10  3.6196E-05  3.3576E-07  1.2717E+12 -1.0068E+09 -2.1476E+06  5.7293E+04
     0.245680
  2.3621E+10  4.6349E+10  6.6186E+11  2.0284E+11  6.3814E-05 -2.3093E-07  2.9996E+12 -2.3730E+09 -1.6615E+06  3.6393E+04
     0.252320
  5.5717E+10  1.0932E+11  1.5612E+12  4.7842E+11 -1.2490E-04 -3.0781E-07  7.0749E+12 -5.5934E+09  2.1039E+06 -8.3948E+04
     0.258960
  1.3142E+11  2.5781E+11  3.6825E+12  1.1284E+12  1.3446E-04 -2.8826E-06  1.6687E+13 -1.3185E+10  1.4008E+07 -4.3927E+05
     0.265600
  3.0995E+11  6.0801E+11  8.6859E+12  2.6612E+12 -1.5995E-03 -1.2885E-06  3.9356E+13 -3.1084E+10  4.3021E+07 -1.2680E+06
     0.272240
  7.3103E+11  1.4339E+12  2.0487E+13  6.2765E+12  1.6280E-03  1.6746E-05  9.2825E+13 -7.3285E+10  1.0333E+08 -2.9299E+06
     0.278880
  1.7241E+12  3.3817E+12  4.8322E+13  1.4803E+13  4.0034E-03 -1.3960E-05  2.1893E+14 -1.7280E+11  2.1300E+08 -5.8688E+06
     0.285520
  4.0665E+12  7.9754E+12  1.1398E+14  3.4914E+13  1.2788E-02  9.9242E-05  5.1638E+14 -4.0746E+11  3.8607E+08 -1.0472E+07
     0.292160
  9.5910E+12  1.8810E+13  2.6883E+14  8.2349E+13 -2.7136E-02 -2.5911E-05  1.2180E+15 -9.6087E+11  6.1236E+08 -1.6849E+07
     0.298800
  2.2622E+13  4.4365E+13  6.3409E+14  1.9423E+14 -1.9013E-02  2.4780E-04  2.8728E+15 -2.2661E+12  8.2054E+08 -2.4877E+07
     0.305440
  5.3357E+13  1.0464E+14  1.4956E+15  4.5813E+14 -1.0617E-01 -1.0570E-03  6.7760E+15 -5.3444E+12  8.3474E+08 -3.5835E+07
     0.312080
  1.2585E+14  2.4682E+14  3.5277E+15  1.0806E+15 -2.5304E-01 -5.8343E-03  1.5983E+16 -1.2605E+13  3.8160E+08 -5.9413E+07
     0.318720
  2.9685E+14  5.8217E+14  8.3209E+15  2.5488E+15 -1.8991E+00  3.3073E-03  3.7699E+16 -2.9729E+13 -6.7588E+08 -1.3544E+08
     0.325360
  7.0018E+14  1.3732E+15  1.9627E+16  6.0118E+15 -5.1815E-01 -5.1810E-03  8.8921E+16 -7.0119E+13 -1.4396E+09 -3.9150E+08
     0.332000
  1.6515E+15  3.2390E+15  4.6294E+16  1.4180E+16  4.2472E+00 -1.7292E-02  2.0974E+17 -1.6538E+14  2.5495E+09 -1.1815E+09
     0.338640
  3.8955E+15  7.6399E+15  1.0919E+17  3.3447E+16  1.7851E+01  5.5100E-02  4.9471E+17 -3.9008E+14  2.5412E+10 -3.3988E+09
     0.345280
  9.1884E+15  1.8020E+16  2.5756E+17  7.8891E+16 -5.2948E+01 -3.2199E-01  1.1669E+18 -9.2006E+14  1.0437E+11 -9.1590E+09
     0.351920
  2.1673E+16  4.2505E+16  6.0750E+17  1.8608E+17 -1.9281E+01  1.9843E-01  2.7524E+18 -2.1701E+15  3.2783E+11 -2.3268E+10
     0.358560
  5.1120E+16  1.0026E+17  1.4329E+18  4.3891E+17 -4.6130E+00  1.5353E+00  6.4920E+18 -5.1185E+15  8.9265E+11 -5.6400E+10
     0.365200
  1.2058E+17  2.3647E+17  3.3799E+18  1.0353E+18  1.3815E+02  3.6671E+00  1.5313E+19 -1.2073E+16  2.2227E+12 -1.3216E+11
     0.371840
  2.8441E+17  5.5777E+17  7.9721E+18  2.4419E+18  3.1954E+02 -1.3061E+01  3.6118E+19 -2.8476E+16  5.2238E+12 -3.0321E+11
     0.378480
  6.7083E+17  1.3156E+18  1.8804E+19  5.7597E+18 -6.1934E+03 -5.4268E+00  8.5193E+19 -6.7165E+16  1.1864E+13 -6.8921E+11
     0.385120
  1.5823E+18  3.1032E+18  4.4353E+19  1.3585E+19 -4.3809E+03 -1.4522E+01  2.0094E+20 -1.5842E+17  2.6559E+13 -1.5676E+12
     0.391760
  3.7322E+18  7.3194E+18  1.0462E+20  3.2044E+19 -5.2841E+03  9.7398E+01  4.7397E+20 -3.7367E+17  5.9568E+13 -3.5924E+12
     0.398400
  8.8031E+18  1.7264E+19  2.4676E+20  7.5583E+19  3.2892E+04  8.3099E+01  1.1180E+21 -8.8137E+17  1.3541E+14 -8.3229E+12
     0.405040
  2.0764E+19  4.0722E+19  5.8203E+20  1.7828E+20 -2.4819E+04 -5.3209E+02  2.6370E+21 -2.0789E+18  3.1357E+14 -1.9491E+13
     0.411680
  4.8977E+19  9.6051E+19  1.3729E+21  4.2051E+20 -1.7214E+05 -9.6259E+01  6.2198E+21 -4.9035E+18  7.3894E+14 -4.6022E+13
     0.418320
  1.1552E+20  2.2656E+20  3.2382E+21  9.9185E+20 -1.5961E+04  5.9249E+02  1.4671E+22 -1.1566E+19  1.7630E+15 -1.0920E+14
     0.424960
  2.7248E+20  5.3438E+20  7.6379E+21  2.3395E+21  1.9464E+05 -8.4046E+03  3.4604E+22 -2.7280E+19  4.2316E+15 -2.5959E+14
     0.431600
  6.4271E+20  1.2605E+21  1.8016E+22  5.5182E+21 -1.1877E+06  2.9837E+03  8.1621E+22 -6.4347E+19  1.0164E+16 -6.1683E+14
     0.438240
  1.5160E+21  2.9731E+21  4.2494E+22  1.3016E+22  4.5465E+06 -6.8426E+03  1.9252E+23 -1.5177E+20  2.4349E+16 -1.4634E+15
     0.444880
  3.5757E+21  7.0126E+21  1.0023E+23  3.0701E+22 -1.5958E+07  8.0911E+04  4.5410E+23 -3.5799E+20  5.8089E+16 -3.4657E+15
     0.451520
  8.4341E+21  1.6541E+22  2.3642E+23  7.2414E+22  9.0703E+06 -2.7551E+05  1.0711E+24 -8.4440E+20  1.3801E+17 -8.1959E+15
     0.458160
  1.9894E+22  3.9015E+22  5.5764E+23  1.7080E+23 -4.9135E+07  3.9712E+05  2.5264E+24 -1.9917E+21  3.2681E+17 -1.9366E+16
     0.464800
  4.6924E+22  9.2025E+22  1.3153E+24  4.0288E+23  5.6203E+06  4.5438E+05  5.9591E+24 -4.6979E+21  7.7235E+17 -4.5749E+16
     0.471440
  1.1068E+23  2.1706E+23  3.1024E+24  9.5028E+23 -1.6590E+08 -8.0875E+05  1.4056E+25 -1.1081E+22  1.8237E+18 -1.0809E+17
     0.478080
  2.6106E+23  5.1198E+23  7.3178E+24  2.2414E+24 -4.4394E+08  7.9542E+05  3.3154E+25 -2.6137E+22  4.3059E+18 -2.5550E+17
     0.484720
  6.1577E+23  1.2076E+24  1.7261E+25  5.2869E+24  9.0308E+08  5.7438E+05  7.8200E+25 -6.1649E+22  1.0170E+19 -6.0414E+17
     0.491360
  1.4524E+24  2.8484E+24  4.0713E+25  1.2470E+25 -2.8609E+09  3.9178E+07  1.8445E+26 -1.4541E+23  2.4030E+19 -1.4287E+18
     0.498000
  3.4259E+24  6.7187E+24  9.6030E+25  2.9414E+25  1.3121E+10 -3.6314E+07  4.3507E+26 -3.4299E+23  5.6782E+19 -3.3781E+18
     0.504640
  8.0806E+24  1.5847E+25  2.2651E+26  6.9379E+25  9.6202E+09  6.1011E+07  1.0262E+27 -8.0901E+23  1.3415E+20 -7.9844E+18
     0.511280
  1.9060E+25  3.7380E+25  5.3427E+26  1.6365E+26 -1.6424E+10 -5.5302E+08  2.4205E+27 -1.9082E+24  3.1674E+20 -1.8861E+19
     0.517920
  4.4957E+25  8.8168E+25  1.2602E+27  3.8599E+26  1.5848E+11 -1.7072E+09  5.7093E+27 -4.5010E+24  7.4730E+20 -4.4527E+19
     0.524560
  1.0604E+26  2.0796E+26  2.9724E+27  9.1045E+26  4.6478E+11  2.7502E+09  1.3467E+28 -1.0616E+25  1.7617E+21 -1.0506E+20
     0.531200
  2.5012E+26  4.9053E+26  7.0111E+27  2.1475E+27  2.6832E+11  1.6555E+09  3.1764E+28 -2.5041E+25  4.1503E+21 -2.4774E+20
     0.537840
  5.8996E+26  1.1570E+27  1.6537E+28  5.0653E+27  2.3600E+11  1.4856E+09  7.4923E+28 -5.9065E+25  9.7721E+21 -5.8404E+20
     0.544480
  1.3916E+27  2.7291E+27  3.9006E+28  1.1948E+28  1.6158E+12 -4.0090E+10  1.7672E+29 -1.3932E+26  2.3003E+22 -1.3766E+21
     0.551120
  3.2823E+27  6.4371E+27  9.2005E+28  2.8181E+28 -1.0005E+13  3.3105E+10  4.1684E+29 -3.2861E+26  5.4146E+22 -3.2447E+21
     0.557760
  7.7420E+27  1.5183E+28  2.1701E+29  6.6471E+28  8.2734E+12 -5.1520E+10  9.8320E+29 -7.7510E+26  1.2748E+23 -7.6483E+21
     0.564400
  1.8261E+28  3.5813E+28  5.1187E+29  1.5679E+29 -6.9911E+13 -1.5897E+12  2.3191E+30 -1.8282E+27  3.0021E+23 -1.8031E+22
     0.571040
  1.0106E-01  1.9820E-01  2.8328E+00  8.6770E-01 -3.7911E-16 -1.9050E-19  1.2834E+01 -1.0118E-02  1.6594E-06 -9.9754E-08
     0.577680
  2.3838E-01  4.6749E-01  6.6819E+00  2.0467E+00 -8.1348E-16 -5.1252E-18  3.0273E+01 -2.3865E-02  3.9107E-06 -2.3524E-07
     0.584320
  5.6226E-01  1.1027E+00  1.5761E+01  4.8275E+00 -1.0863E-15 -2.1366E-17  7.1405E+01 -5.6292E-02  9.2188E-06 -5.5482E-07
     0.590960
  1.3262E+00  2.6009E+00  3.7175E+01  1.1387E+01  3.1541E-15 -2.7879E-17  1.6842E+02 -1.3278E-01  2.1736E-05 -1.3086E-06
     0.597600
  3.1282E+00  6.1348E+00  8.7685E+01  2.6858E+01  6.4932E-16  4.7298E-17  3.9726E+02 -3.1318E-01  5.1256E-05 -3.0866E-06
     0.604240
  7.3784E+00  1.4470E+01  2.0682E+02  6.3350E+01  3.9542E-15  1.8780E-16  9.3703E+02 -7.3871E-01  1.2087E-04 -7.2801E-06
     0.610880
  1.7404E+01  3.4131E+01  4.8784E+02  1.4943E+02 -2.7267E-14 -3.3357E-18  2.2102E+03 -1.7424E+00  2.8504E-04 -1.7171E-05
     0.617520
  4.1050E+01  8.0506E+01  1.1507E+03  3.5245E+02  1.1065E-13  4.3894E-16  5.2132E+03 -4.1098E+00  6.7214E-04 -4.0497E-05
     0.624160
  9.6826E+01  1.8989E+02  2.7141E+03  8.3133E+02 -7.4568E-14 -3.6805E-15  1.2296E+04 -9.6939E+00  1.5849E-03 -9.5507E-05
     0.630800
  2.2838E+02  4.4790E+02  6.4018E+03  1.9609E+03  9.6652E-14  3.3641E-15  2.9004E+04 -2.2865E+01  3.7370E-03 -2.2524E-04
     0.637440
  5.3869E+02  1.0565E+03  1.5100E+04  4.6252E+03  1.1210E-12 -1.7597E-14  6.8412E+04 -5.3932E+01  8.8114E-03 -5.3119E-04
     0.644080
  1.2706E+03  2.4919E+03  3.5617E+04  1.0909E+04 -3.1791E-13 -1.9960E-14  1.6136E+05 -1.2721E+02  2.0776E-02 -1.2527E-03
     0.650720
  2.9970E+03  5.8777E+03  8.4010E+04  2.5732E+04  8.7462E-12  4.2214E-14  3.8061E+05 -3.0006E+02  4.8989E-02 -2.9543E-03
     0.657360
  7.0692E+03  1.3864E+04  1.9815E+05  6.0695E+04  4.7241E-12  2.9621E-14  8.9776E+05 -7.0774E+02  1.1552E-01 -6.9674E-03
     0.664000
  1.6674E+04  3.2701E+04  4.6739E+05  1.4316E+05  1.2827E-11 -8.8091E-13  2.1176E+06 -1.6694E+03  2.7240E-01 -1.6432E-02
     0.670640
  3.9330E+04  7.7132E+04  1.1024E+06  3.3768E+05 -1.1934E-10  9.2974E-13  4.9947E+06 -3.9376E+03  6.4240E-01 -3.8755E-02
     0.677280
  9.2768E+04  1.8193E+05  2.6003E+06  7.9649E+05  5.8098E-10  2.8126E-12  1.1781E+07 -9.2876E+03  1.5150E+00 -9.1406E-02
     0.683920
  2.1881E+05  4.2913E+05  6.1335E+06  1.8787E+06 -2.3018E-10 -5.7413E-12  2.7788E+07 -2.1907E+04  3.5730E+00 -2.1559E-01
     0.690560
  5.1612E+05  1.0122E+06  1.4467E+07  4.4313E+06 -2.9185E-09  8.2416E-13  6.5545E+07 -5.1672E+04  8.4270E+00 -5.0848E-01
     0.697200
  1.2174E+06  2.3875E+06  3.4124E+07  1.0452E+07  7.3648E-09  6.6695E-11  1.5460E+08 -1.2188E+05  1.9876E+01 -1.1993E+00
     0.703840
  2.8714E+06  5.6313E+06  8.0489E+07  2.4654E+07 -8.3120E-09  7.0445E-11  3.6466E+08 -2.8748E+05  4.6879E+01 -2.8287E+00
     0.710480
  6.7729E+06  1.3283E+07  1.8985E+08  5.8151E+07  8.7400E-09 -2.0579E-11  8.6013E+08 -6.7808E+05  1.1057E+02 -6.6720E+00
     0.717120
  1.5975E+07  3.1330E+07  4.4780E+08  1.3716E+08 -1.9578E-09  1.4653E-10  2.0288E+09 -1.5994E+06  2.6079E+02 -1.5737E+01
     0.723760
  3.7681E+07  7.3899E+07  1.0562E+09  3.2353E+08  1.1284E-07 -6.6599E-10  4.7854E+09 -3.7725E+06  6.1513E+02 -3.7118E+01
     0.730400
  8.8879E+07  1.7431E+08  2.4914E+09  7.6311E+08 -5.5866E-08  8.7183E-10  1.1287E+10 -8.8983E+06  1.4509E+03 -8.7548E+01
     0.737040
  2.0964E+08  4.1114E+08  5.8764E+09  1.7999E+09 -1.2630E-07 -4.4606E-10  2.6624E+10 -2.0989E+07  3.4222E+03 -2.0650E+02
     0.743680
  4.9448E+08  9.6976E+08  1.3861E+10  4.2456E+09 -9.3222E-07  1.2514E-08  6.2797E+10 -4.9506E+07  8.0719E+03 -4.8706E+02
     0.750320
  1.1663E+09  2.2874E+09  3.2694E+10  1.0014E+10 -4.6496E-06  2.4181E-08  1.4812E+11 -1.1677E+08  1.9039E+04 -1.1488E+03
     0.756960
  2.7511E+09  5.3953E+09  7.7115E+10  2.3620E+10  1.3761E-06 -1.3764E-07  3.4938E+11 -2.7543E+08  4.4909E+04 -2.7098E+03
     0.763600
  6.4890E+09  1.2726E+10  1.8189E+11  5.5714E+10 -2.5267E-05  1.3872E-07  8.2408E+11 -6.4966E+08  1.0593E+05 -6.3915E+03
     0.770240
  1.5306E+10  3.0017E+10  4.2903E+11  1.3141E+11 -8.9801E-05 -4.4290E-08  1.9438E+12 -1.5324E+09  2.4986E+05 -1.5076E+04
     0.776880
  3.6102E+10  7.0802E+10  1.0120E+12  3.0997E+11 -1.7523E-04 -4.7783E-07  4.5848E+12 -3.6144E+09  5.8936E+05 -3.5559E+04
     0.783520
  8.5154E+10  1.6700E+11  2.3869E+12  7.3112E+11  2.6811E-04 -2.4856E-06  1.0814E+13 -8.5253E+09  1.3902E+06 -8.3875E+04
     0.790160
  2.0085E+11  3.9391E+11  5.6301E+12  1.7245E+12  2.6534E-04  2.9605E-06  2.5508E+13 -2.0109E+10  3.2791E+06 -1.9784E+05
     0.796800
  4.7376E+11  9.2912E+11  1.3280E+13  4.0676E+12  5.2558E-04  6.8053E-07  6.0165E+13 -4.7431E+10  7.7346E+06 -4.6665E+05
     0.803440
  1.1175E+12  2.1915E+12  3.1323E+13  9.5943E+12  4.5486E-03  1.3850E-05  1.4191E+14 -1.1188E+11  1.8244E+07 -1.1007E+06
     0.810080
  2.6358E+12  5.1692E+12  7.3883E+13  2.2630E+13  1.0891E-02  5.3828E-05  3.3473E+14 -2.6388E+11  4.3034E+07 -2.5963E+06
     0.816720
  6.2170E+12  1.2193E+13  1.7427E+14  5.3379E+13  1.4584E-02 -7.5194E-05  7.8954E+14 -6.2243E+11  1.0151E+08 -6.1239E+06
     0.823360
  1.4664E+13  2.8759E+13  4.1105E+14  1.2590E+14 -2.7063E-02 -6.7464E-05  1.8623E+15 -1.4681E+12  2.3943E+08 -1.4445E+07
     0.830000
  3.4589E+13  6.7834E+13  9.6955E+14  2.9697E+14  9.1927E-02  1.1865E-03  4.3926E+15 -3.4629E+12  5.6476E+08 -3.4071E+07
     0.836640
  8.1585E+13  1.6000E+14  2.2869E+15  7.0048E+14 -2.8769E-01  3.7597E-04  1.0361E+16 -8.1680E+12  1.3321E+09 -8.0365E+07
     0.843280
  1.9244E+14  3.7740E+14  5.3941E+15  1.6522E+15  4.6886E-01 -1.6558E-03  2.4438E+16 -1.9266E+13  3.1422E+09 -1.8956E+08
     0.849920
  4.5390E+14  8.9017E+14  1.2723E+16  3.8971E+15  3.6124E-01 -4.9030E-03  5.7643E+16 -4.5443E+13  7.4116E+09 -4.4712E+08
     0.856560
  1.0706E+15  2.0997E+15  3.0010E+16  9.1922E+15 -3.8927E+00  9.6635E-03  1.3596E+17 -1.0719E+14  1.7482E+10 -1.0546E+09
     0.863200
  2.5253E+15  4.9525E+15  7.0786E+16  2.1682E+16  2.2443E+00  5.8318E-02  3.2070E+17 -2.5282E+14  4.1236E+10 -2.4876E+09
     0.869840
  5.9564E+15  1.1682E+16  1.6696E+17  5.1141E+16  5.5524E+00 -1.3217E-01  7.5644E+17 -5.9634E+14  9.7266E+10 -5.8676E+09
     0.876480
  1.4050E+16  2.7553E+16  3.9382E+17  1.2063E+17  2.5644E+01  1.0853E-01  1.7842E+18 -1.4066E+15  2.2943E+11 -1.3840E+10
     0.883120
  3.3139E+16  6.4991E+16  9.2891E+17  2.8453E+17  5.1926E+00  9.6982E-01  4.2085E+18 -3.3178E+15  5.4116E+11 -3.2645E+10
     0.889760
  7.8165E+16  1.5329E+17  2.1910E+18  6.7112E+17  1.5676E+02  2.5243E-01  9.9267E+18 -7.8257E+15  1.2765E+12 -7.7002E+10
     0.896400
  1.8437E+17  3.6158E+17  5.1680E+18  1.5830E+18 -2.5783E+02 -4.6764E+00  2.3414E+19 -1.8458E+16  3.0108E+12 -1.8163E+11
     0.903040
  4.3488E+17  8.5286E+17  1.2190E+19  3.7338E+18  5.5302E+01 -6.4454E+00  5.5227E+19 -4.3538E+16  7.1018E+12 -4.2841E+11
     0.909680
  1.0257E+18  2.0117E+18  2.8753E+19  8.8069E+18  2.4471E+03 -1.1908E+01  1.3027E+20 -1.0269E+17  1.6751E+13 -1.0105E+12
     0.916320
  2.4194E+18  4.7449E+18  6.7819E+19  2.0773E+19  5.4057E+02  7.6441E+01  3.0726E+20 -2.4223E+17  3.9512E+13 -2.3835E+12
     0.922960
  5.7068E+18  1.1192E+19  1.5997E+20  4.8998E+19  2.6868E+03 -7.8952E+01  7.2474E+20 -5.7134E+17  9.3198E+13 -5.6221E+12
     0.929600
  1.3461E+19  2.6399E+19  3.7731E+20  1.1557E+20  4.1209E+04  1.8478E+02  1.7095E+21 -1.3476E+18  2.1983E+14 -1.3261E+13
     0.936240
  3.1750E+19  6.2267E+19  8.8998E+20  2.7260E+20  8.8452E+04  4.6388E+02  4.0321E+21 -3.1787E+18  5.1852E+14 -3.1279E+13
     0.942880
  7.4889E+19  1.4687E+20  2.0992E+21  6.4299E+20 -1.0515E+05 -4.2779E+02  9.5106E+21 -7.4976E+18  1.2231E+15 -7.3779E+13
     0.949520
  1.7664E+20  3.4642E+20  4.9514E+21  1.5166E+21 -7.0956E+05 -9.7395E+02  2.2433E+22 -1.7685E+19  2.8849E+15 -1.7402E+14
     0.956160
  4.1665E+20  8.1711E+20  1.1679E+22  3.5773E+21 -8.2423E+05 -5.1201E+03  5.2913E+22 -4.1713E+19  6.8046E+15 -4.1048E+14
     0.962800
  9.8275E+20  1.9273E+21  2.7547E+22  8.4378E+21  1.1564E+05 -1.8794E+04  1.2481E+23 -9.8390E+19  1.6050E+16 -9.6820E+14
     0.969440
  2.3180E+21  4.5460E+21  6.4976E+22  1.9902E+22  1.4637E+06  1.1601E+05  2.9438E+23 -2.3207E+20  3.7858E+16 -2.2837E+15
     0.976080
  5.4676E+21  1.0723E+22  1.5326E+23  4.6944E+22 -1.7315E+07  1.2413E+05  6.9436E+23 -5.4740E+20  8.9297E+16 -5.3867E+15
     0.982720
  1.2896E+22  2.5292E+22  3.6150E+23  1.1073E+23 -5.5593E+07 -3.2757E+03  1.6378E+24 -1.2912E+21  2.1063E+17 -1.2706E+16
     0.989360
  3.0419E+22  5.9657E+22  8.5267E+23  2.6117E+23  2.2686E+07 -2.8907E+05  3.8631E+24 -3.0455E+21  4.9681E+17 -2.9969E+16
