     0.000000
  1.1228E-01  9.9652E-35  8.4786E-09  1.1004E-02  0.0000E+00  0.0000E+00  0.0000E+00  0.0000E+00  0.0000E+00  0.0000E+00
     0.008220
  9.4789E-02  1.7196E-03  7.2963E-01  4.4857E-01  1.1998E-18 -6.7529E-20  2.5074E+00 -7.2526E-03  2.7933E-04  1.9723E-05
     0.016440
  6.6752E-02  1.3550E-02  1.9748E+00  1.1697E+00  2.1999E-17 -1.9523E-19  2.2658E+00 -9.9382E-03  4.9048E-04  5.6211E-05
     0.024660
  5.8922E-02  4.9735E-02  2.4086E+00  1.3756E+00  1.1062E-17  3.4680E-19  6.8664E-01 -8.1637E-03  4.0815E-04  3.8846E-05
     0.032880
  6.4822E-02  1.1205E-01  2.1337E+00  1.2277E+00 -2.4723E-17 -5.8201E-20  4.2284E-01 -6.1030E-03  1.7762E-04  2.6536E-06
     0.041100
  6.3579E-02  1.8185E-01  2.0236E+00  1.2988E+00 -2.2531E-17 -4.1177E-19  1.2901E+00 -7.0019E-03  3.6421E-04  3.6692E-05
     0.049320
  5.7620E-02  2.3544E-01  2.2709E+00  1.5924E+00 -2.4887E-17  1.8297E-19  1.7594E+00 -1.0617E-02  1.1652E-03  7.9472E-05
     0.057540
  6.2334E-02  2.6860E-01  2.5419E+00  1.8642E+00 -3.2008E-17  4.8526E-19  2.0488E+00 -1.3976E-02  2.3474E-03  5.0765E-05
     0.065760
  7.7445E-02  3.1034E-01  2.8582E+00  2.2774E+00 -4.5341E-17  4.6356E-19  3.0707E+00 -1.5191E-02  4.0268E-03  5.5111E-05
     0.073980
  9.3077E-02  4.0409E-01  3.4307E+00  3.0041E+00 -6.3489E-17 -3.2192E-19  4.3125E+00 -1.7246E-02  6.4330E-03  1.6505E-04
     0.082200
  1.1348E-01  5.6113E-01  4.1741E+00  3.7674E+00  1.0758E-16  1.4855E-18  5.3457E+00 -2.3750E-02  9.4457E-03  2.4196E-04
     0.090420
  1.5263E-01  7.5482E-01  5.1550E+00  4.5192E+00  4.1682E-16  2.0865E-18  7.6692E+00 -3.1902E-02  1.3530E-02  2.3929E-04
     0.098640
  2.1361E-01  9.8945E-01  6.9880E+00  5.9943E+00 -1.5106E-16  5.8291E-19  1.2597E+01 -3.7514E-02  2.0094E-02  3.5052E-04
     0.106860
  2.9442E-01  1.3476E+00  1.0139E+01  8.8522E+00  1.7009E-16 -1.7715E-18  1.9106E+01 -4.4367E-02  3.0270E-02  6.5256E-04
     0.115080
  4.1168E-01  1.9307E+00  1.4457E+01  1.2878E+01 -5.4440E-17  1.3520E-17  2.6374E+01 -5.8606E-02  4.4978E-02  1.0079E-03
     0.123300
  6.0005E-01  2.7940E+00  2.0083E+01  1.7876E+01 -6.4958E-17  1.0676E-18  3.6886E+01 -7.8671E-02  6.6842E-02  1.4594E-03
     0.131520
  8.9292E-01  4.0107E+00  2.8278E+01  2.4871E+01 -7.3719E-16  9.4649E-18  5.4604E+01 -1.0144E-01  1.0070E-01  2.3041E-03
     0.139740
  1.3293E+00  5.7795E+00  4.0880E+01  3.5674E+01 -8.2918E-16  3.0820E-17  8.1967E+01 -1.3275E-01  1.5265E-01  3.7211E-03
     0.147960
  1.9844E+00  8.4354E+00  5.9741E+01  5.1944E+01  3.6330E-15 -5.5221E-17  1.2170E+02 -1.8300E-01  2.3148E-01  5.8011E-03
     0.156180
  2.9804E+00  1.2431E+01  8.7557E+01  7.5747E+01  1.4641E-15  3.2703E-19  1.8052E+02 -2.5947E-01  3.5235E-01  9.0081E-03
     0.164400
  4.4827E+00  1.8426E+01  1.2899E+02  1.1084E+02 -2.1534E-15 -2.1243E-17  2.6917E+02 -3.7113E-01  5.3832E-01  1.4218E-02
     0.172620
  6.7253E+00  2.7452E+01  1.9089E+02  1.6303E+02 -8.0780E-15 -5.3267E-17  4.0138E+02 -5.3615E-01  8.2064E-01  2.2348E-02
     0.180840
  1.0066E+01  4.1044E+01  2.8282E+02  2.4026E+02  4.3170E-15  1.3350E-17  5.9698E+02 -7.8212E-01  1.2444E+00  3.4544E-02
     0.189060
  1.5038E+01  6.1430E+01  4.1911E+02  3.5414E+02  3.4436E-14  3.3872E-16  8.8701E+02 -1.1475E+00  1.8800E+00  5.2944E-02
     0.197280
  2.2407E+01  9.1907E+01  6.2137E+02  5.2222E+02 -4.2329E-14  6.5198E-17  1.3166E+03 -1.6899E+00  2.8317E+00  8.0978E-02
     0.205500
  3.3271E+01  1.3741E+02  9.2093E+02  7.7008E+02  3.3295E-14 -2.3543E-16  1.9491E+03 -2.4963E+00  4.2451E+00  1.2314E-01
     0.213720
  4.9229E+01  2.0519E+02  1.3629E+03  1.1341E+03 -5.0464E-14 -9.2040E-16  2.8762E+03 -3.6949E+00  6.3265E+00  1.8547E-01
     0.221940
  7.2589E+01  3.0569E+02  2.0133E+03  1.6667E+03 -6.5008E-15  1.0915E-15  4.2326E+03 -5.4706E+00  9.3774E+00  2.7721E-01
     0.230160
  1.0666E+02  4.5398E+02  2.9692E+03  2.4448E+03  1.3528E-13 -2.8345E-16  6.2128E+03 -8.0873E+00  1.3834E+01  4.1214E-01
     0.238380
  1.5619E+02  6.7196E+02  4.3707E+03  3.5791E+03 -1.8801E-13  3.0394E-15  9.0929E+03 -1.1924E+01  2.0315E+01  6.0956E-01
     0.246600
  2.2796E+02  9.9119E+02  6.4197E+03  5.2281E+03  3.5361E-13 -3.2899E-15  1.3268E+04 -1.7532E+01  2.9694E+01  8.9615E-01
     0.254820
  3.3166E+02  1.4568E+03  9.4088E+03  7.6182E+03 -8.5564E-13  6.1988E-16  1.9304E+04 -2.5707E+01  4.3219E+01  1.3104E+00
     0.263040
  4.8111E+02  2.1332E+03  1.3760E+04  1.1074E+04  4.1019E-14  9.0733E-15  2.8012E+04 -3.7566E+01  6.2676E+01  1.9080E+00
     0.271260
  6.9592E+02  3.1122E+03  2.0082E+04  1.6060E+04 -6.5639E-13  4.0008E-15  4.0542E+04 -5.4681E+01  9.0595E+01  2.7673E+00
     0.279480
  1.0040E+03  4.5248E+03  2.9247E+04  2.3237E+04 -2.4955E-13 -5.5935E-15  5.8530E+04 -7.9298E+01  1.3057E+02  3.9980E+00
     0.287700
  1.4448E+03  6.5566E+03  4.2505E+04  3.3545E+04 -3.6566E-12 -2.3889E-14  8.4303E+04 -1.1460E+02  1.8768E+02  5.7556E+00
     0.295920
  2.0745E+03  9.4708E+03  6.1653E+04  4.8323E+04 -2.1385E-12 -5.2512E-15  1.2117E+05 -1.6506E+02  2.6919E+02  8.2606E+00
     0.304140
  2.9724E+03  1.3640E+04  8.9259E+04  6.9472E+04 -5.3895E-12 -2.5557E-16  1.7382E+05 -2.3699E+02  3.8537E+02  1.1823E+01
     0.312360
  4.2508E+03  1.9591E+04  1.2900E+05  9.9692E+04 -5.6138E-12  2.3310E-14  2.4890E+05 -3.3925E+02  5.5080E+02  1.6879E+01
     0.320580
  6.0684E+03  2.8067E+04  1.8611E+05  1.4282E+05 -6.5818E-12 -3.5098E-14  3.5584E+05 -4.8434E+02  7.8616E+02  2.4040E+01
     0.328800
  8.6497E+03  4.0121E+04  2.6809E+05  2.0428E+05  1.4721E-11  1.7546E-14  5.0802E+05 -6.8984E+02  1.1208E+03  3.4168E+01
     0.337020
  1.2312E+04  5.7235E+04  3.8563E+05  2.9181E+05 -1.5248E-11 -1.7416E-13  7.2441E+05 -9.8045E+02  1.5964E+03  4.8471E+01
     0.345240
  1.7504E+04  8.1502E+04  5.5396E+05  4.1634E+05  4.7002E-12  3.1526E-14  1.0319E+06 -1.3910E+03  2.2721E+03  6.8648E+01
     0.353460
  2.4859E+04  1.1588E+05  7.9481E+05  5.9344E+05 -2.7328E-12  3.1726E-13  1.4686E+06 -1.9703E+03  3.2318E+03  9.7080E+01
     0.361680
  3.5276E+04  1.6452E+05  1.1392E+06  8.4517E+05  6.2374E-11 -5.3819E-13  2.0888E+06 -2.7876E+03  4.5948E+03  1.3711E+02
     0.369900
  5.0025E+04  2.3333E+05  1.6312E+06  1.2029E+06  8.0198E-11 -2.9175E-13  2.9694E+06 -3.9398E+03  6.5304E+03  1.9345E+02
     0.378120
  7.0909E+04  3.3060E+05  2.3337E+06  1.7113E+06 -4.5191E-11 -3.6406E-13  4.2199E+06 -5.5641E+03  9.2798E+03  2.7269E+02
     0.386340
  1.0049E+05  4.6809E+05  3.3367E+06  2.4340E+06 -4.1430E-11  9.4043E-13  5.9964E+06 -7.8543E+03  1.3186E+04  3.8416E+02
     0.394560
  1.4239E+05  6.6242E+05  4.7681E+06  3.4614E+06 -1.3270E-10 -1.1059E-12  8.5211E+06 -1.1084E+04  1.8739E+04  5.4096E+02
     0.402780
  2.0181E+05  9.3715E+05  6.8109E+06  4.9229E+06 -2.4864E-10 -5.4003E-12  1.2112E+07 -1.5642E+04  2.6636E+04  7.6167E+02
     0.411000
  2.8614E+05  1.3257E+06  9.7265E+06  7.0032E+06 -3.8107E-11 -1.4832E-12  1.7222E+07 -2.2077E+04  3.7876E+04  1.0725E+03
     0.419220
  4.0594E+05  1.8756E+06  1.3889E+07  9.9668E+06  6.7207E-11  3.4616E-12  2.4504E+07 -3.1174E+04  5.3890E+04  1.5109E+03
     0.427440
  5.7635E+05  2.6545E+06  1.9832E+07  1.4193E+07 -1.1542E-09 -2.0141E-12  3.4890E+07 -4.4045E+04  7.6729E+04  2.1299E+03
     0.435660
  8.1913E+05  3.7590E+06  2.8324E+07  2.0226E+07  1.5308E-10 -1.5407E-13  4.9723E+07 -6.2284E+04  1.0934E+05  3.0054E+03
     0.443880
  1.1656E+06  5.3271E+06  4.0465E+07  2.8848E+07  3.5503E-10  1.4867E-11  7.0938E+07 -8.8168E+04  1.5599E+05  4.2462E+03
     0.452100
  1.6608E+06  7.5568E+06  5.7835E+07  4.1187E+07 -1.9138E-10  8.6386E-12  1.0132E+08 -1.2496E+05  2.2279E+05  6.0088E+03
     0.460320
  2.3699E+06  1.0732E+07  8.2708E+07  5.8871E+07  3.4260E-09 -1.7791E-11  1.4491E+08 -1.7737E+05  3.1862E+05  8.5186E+03
     0.468540
  3.3874E+06  1.5263E+07  1.1836E+08  8.4252E+07  8.4429E-10 -8.8811E-11  2.0755E+08 -2.5218E+05  4.5633E+05  1.2102E+04
     0.476760
  4.8502E+06  2.1741E+07  1.6950E+08  1.2073E+08 -1.1806E-08  2.1810E-11  2.9769E+08 -3.5917E+05  6.5456E+05  1.7232E+04
     0.484980
  6.9572E+06  3.1019E+07  2.4297E+08  1.7325E+08 -3.1755E-09  1.6005E-10  4.2762E+08 -5.1256E+05  9.4041E+05  2.4598E+04
     0.493200
  9.9977E+06  4.4338E+07  3.4859E+08  2.4895E+08 -4.5757E-09  9.6854E-11  6.1520E+08 -7.3296E+05  1.3533E+06  3.5202E+04
     0.501420
  1.4393E+07  6.3496E+07  5.0065E+08  3.5826E+08 -7.1449E-09 -4.7340E-12  8.8644E+08 -1.0504E+06  1.9506E+06  5.0512E+04
     0.509640
  2.0759E+07  9.1112E+07  7.1978E+08  5.1629E+08  2.5805E-08  1.8162E-10  1.2792E+09 -1.5085E+06  2.8162E+06  7.2673E+04
     0.517860
  2.9992E+07  1.3100E+08  1.0359E+09  7.4506E+08 -7.9158E-09  2.1036E-10  1.8486E+09 -2.1713E+06  4.0721E+06  1.0483E+05
     0.526080
  4.3403E+07  1.8872E+08  1.4926E+09  1.0767E+09  1.0648E-08  9.2736E-11  2.6752E+09 -3.1319E+06  5.8970E+06  1.5160E+05
     0.534300
  6.2909E+07  2.7240E+08  2.1528E+09  1.5579E+09 -1.1721E-07 -7.7170E-10  3.8764E+09 -4.5270E+06  8.5515E+06  2.1976E+05
     0.542520
  9.1309E+07  3.9393E+08  3.1084E+09  2.2568E+09 -2.0764E-07  4.2493E-09  5.6236E+09 -6.5564E+06  1.2416E+07  3.1926E+05
     0.550740
  1.3270E+08  5.7066E+08  4.4928E+09  3.2730E+09 -1.7914E-07 -3.9457E-09  8.1670E+09 -9.5130E+06  1.8049E+07  4.6474E+05
     0.558960
  1.9306E+08  8.2804E+08  6.4999E+09  4.7514E+09  1.4651E-07  1.1525E-10  1.1872E+10 -1.3826E+07  2.6261E+07  6.7770E+05
     0.567180
  2.8116E+08  1.2033E+09  9.4123E+09  6.9037E+09 -8.3252E-07  4.2609E-09  1.7271E+10 -2.0124E+07  3.8243E+07  9.8974E+05
     0.575400
  4.0977E+08  1.7508E+09  1.3641E+10  1.0039E+10  7.4523E-07  1.3958E-09  2.5143E+10 -2.9329E+07  5.5728E+07  1.4473E+06
     0.583620
  5.9759E+08  2.5503E+09  1.9784E+10  1.4606E+10  5.0606E-07  2.9952E-09  3.6621E+10 -4.2790E+07  8.1251E+07  2.1184E+06
     0.591840
  8.7190E+08  3.7185E+09  2.8714E+10  2.1263E+10 -5.9697E-07  8.8124E-09  5.3362E+10 -6.2483E+07  1.1851E+08  3.1031E+06
     0.600060
  1.2725E+09  5.4259E+09  4.1697E+10  3.0965E+10 -1.7515E-07  2.4294E-08  7.7776E+10 -9.1302E+07  1.7289E+08  4.5478E+06
     0.608280
  1.8575E+09  7.9219E+09  6.0581E+10  4.5105E+10  2.6540E-06  3.0277E-08  1.1338E+11 -1.3347E+08  2.5225E+08  6.6671E+06
     0.616500
  2.7116E+09  1.1571E+10  8.8053E+10  6.5714E+10  1.2602E-06 -2.9889E-08  1.6528E+11 -1.9518E+08  3.6805E+08  9.7748E+06
     0.624720
  3.9580E+09  1.6905E+10  1.2802E+11  9.5742E+10  8.1171E-09 -7.7279E-08  2.4093E+11 -2.8545E+08  5.3692E+08  1.4330E+07
     0.632940
  5.7762E+09  2.4699E+10  1.8617E+11  1.3949E+11  9.9027E-06 -1.0867E-08  3.5115E+11 -4.1743E+08  7.8311E+08  2.1002E+07
     0.641160
  8.4271E+09  3.6086E+10  2.7077E+11  2.0319E+11  1.6827E-06  1.2158E-07  5.1166E+11 -6.1033E+08  1.1418E+09  3.0768E+07
     0.649380
  1.2290E+10  5.2713E+10  3.9384E+11  2.9591E+11 -3.4060E-06 -2.3614E-07  7.4530E+11 -8.9208E+08  1.6642E+09  4.5052E+07
     0.657600
  1.7915E+10  7.6978E+10  5.7283E+11  4.3082E+11 -5.2098E-06 -8.0730E-08  1.0852E+12 -1.3033E+09  2.4245E+09  6.5924E+07
     0.665820
  2.6102E+10  1.1237E+11  8.3309E+11  6.2702E+11  1.0208E-05 -4.7294E-07  1.5795E+12 -1.9031E+09  3.5303E+09  9.6395E+07
     0.674040
  3.8007E+10  1.6395E+11  1.2114E+12  9.1219E+11 -3.0015E-05  2.2008E-07  2.2977E+12 -2.7773E+09  5.1377E+09  1.4084E+08
     0.682260
  5.5310E+10  2.3908E+11  1.7612E+12  1.3265E+12  7.5188E-05 -4.9024E-07  3.3407E+12 -4.0502E+09  7.4726E+09  2.0559E+08
     0.690480
  8.0437E+10  3.4843E+11  2.5598E+12  1.9280E+12 -8.7643E-05  5.1387E-07  4.8545E+12 -5.9023E+09  1.0862E+10  2.9984E+08
     0.698700
  1.1690E+11  5.0745E+11  3.7194E+12  2.8007E+12 -8.0472E-05 -6.1447E-07  7.0504E+12 -8.5948E+09  1.5779E+10  4.3690E+08
     0.706920
  1.6978E+11  7.3853E+11  5.4026E+12  4.0665E+12  1.2180E-04  2.3674E-07  1.0233E+13 -1.2505E+10  2.2907E+10  6.3599E+08
     0.715140
  2.4641E+11  1.0741E+12  7.8446E+12  5.9010E+12 -1.5260E-04 -2.7120E-06  1.4845E+13 -1.8181E+10  3.3234E+10  9.2492E+08
     0.723360
  3.5738E+11  1.5609E+12  1.1386E+13  8.5584E+12 -1.7065E-04  2.6081E-06  2.1522E+13 -2.6410E+10  4.8187E+10  1.3438E+09
     0.731580
  5.1799E+11  2.2667E+12  1.6519E+13  1.2406E+13 -8.5437E-04  1.7737E-05  3.1184E+13 -3.8334E+10  6.9823E+10  1.9506E+09
     0.739800
  7.5028E+11  3.2892E+12  2.3957E+13  1.7973E+13 -8.4362E-04  1.8296E-06  4.5158E+13 -5.5596E+10  1.0111E+11  2.8286E+09
     0.748020
  1.0860E+12  4.7694E+12  3.4730E+13  2.6025E+13 -1.5655E-03  4.1204E-06  6.5359E+13 -8.0568E+10  1.4634E+11  4.0983E+09
     0.756240
  1.5711E+12  6.9108E+12  5.0324E+13  3.7664E+13 -1.0498E-03 -4.4638E-05  9.4547E+13 -1.1667E+11  2.1168E+11  5.9327E+09
     0.764460
  2.2715E+12  1.0007E+13  7.2890E+13  5.4483E+13 -3.3532E-03 -1.9135E-05  1.3670E+14 -1.6882E+11  3.0604E+11  8.5811E+09
     0.772680
  3.2825E+12  1.4479E+13  1.0553E+14  7.8776E+13  4.3899E-03 -6.0376E-06  1.9756E+14 -2.4411E+11  4.4223E+11  1.2402E+10
     0.780900
  4.7409E+12  2.0938E+13  1.5273E+14  1.1385E+14  2.1833E-03 -6.5182E-05  2.8540E+14 -3.5276E+11  6.3875E+11  1.7912E+10
     0.789120
  6.8443E+12  3.0260E+13  2.2096E+14  1.6448E+14 -6.6537E-03  1.1972E-05  4.1212E+14 -5.0946E+11  9.2222E+11  2.5851E+10
     0.797340
  9.8767E+12  4.3708E+13  3.1954E+14  2.3753E+14  5.4527E-03 -2.5954E-04  5.9489E+14 -7.3535E+11  1.3310E+12  3.7287E+10
     0.805560
  1.4248E+13  6.3100E+13  4.6195E+14  3.4292E+14 -1.7888E-02  2.9596E-05  8.5847E+14 -1.0609E+12  1.9204E+12  5.3753E+10
     0.813780
  2.0546E+13  9.1052E+13  6.6761E+14  4.9491E+14 -1.0868E-02 -7.2361E-05  1.2385E+15 -1.5298E+12  2.7699E+12  7.7452E+10
     0.822000
  2.9622E+13  1.3133E+14  9.6456E+14  7.1411E+14 -7.3893E-02  1.1167E-03  1.7864E+15 -2.2051E+12  3.9943E+12  1.1155E+11
     0.830220
  4.2697E+13  1.8937E+14  1.3932E+15  1.0302E+15  4.1049E-02 -3.4462E-04  2.5761E+15 -3.1775E+12  5.7590E+12  1.6061E+11
     0.838440
  6.1534E+13  2.7296E+14  2.0119E+15  1.4859E+15  1.6016E-01 -1.2283E-05  3.7145E+15 -4.5774E+12  8.3021E+12  2.3118E+11
     0.846660
  8.8671E+13  3.9335E+14  2.9048E+15  2.1429E+15  5.7335E-02  2.6238E-03  5.3555E+15 -6.5927E+12  1.1967E+13  3.3270E+11
     0.854880
  1.2777E+14  5.6674E+14  4.1933E+15  3.0901E+15  5.6143E-02  3.3686E-04  7.7211E+15 -9.4938E+12  1.7249E+13  4.7871E+11
     0.863100
  1.8410E+14  8.1643E+14  6.0523E+15  4.4559E+15 -3.4670E-01 -2.0768E-03  1.1131E+16 -1.3670E+13  2.4863E+13  6.8877E+11
     0.871320
  2.6528E+14  1.1760E+15  8.7348E+15  6.4253E+15 -2.7642E-02  3.2192E-03  1.6048E+16 -1.9683E+13  3.5839E+13  9.9099E+11
     0.879540
  3.8228E+14  1.6939E+15  1.2605E+16  9.2654E+15  2.1925E-01 -2.9670E-03  2.3139E+16 -2.8341E+13  5.1664E+13  1.4259E+12
     0.887760
  5.5095E+14  2.4400E+15  1.8190E+16  1.3362E+16  3.8863E-02  4.5331E-03  3.3366E+16 -4.0809E+13  7.4485E+13  2.0519E+12
     0.895980
  7.9416E+14  3.5148E+15  2.6248E+16  1.9271E+16  2.9590E-01  1.1574E-03  4.8119E+16 -5.8771E+13  1.0740E+14  2.9533E+12
     0.904200
  1.1449E+15  5.0637E+15  3.7877E+16  2.7797E+16  2.5273E-01 -1.0178E-02  6.9407E+16 -8.4651E+13  1.5490E+14  4.2515E+12
     0.912420
  1.6510E+15  7.2962E+15  5.4661E+16  4.0101E+16 -4.9231E+00 -2.1728E-02  1.0013E+17 -1.2195E+14  2.2343E+14  6.1221E+12
     0.920640
  2.3813E+15  1.0515E+16  7.8886E+16  5.7861E+16  9.5682E-01  1.6136E-02  1.4449E+17 -1.7573E+14  3.2237E+14  8.8185E+12
     0.928860
  3.4356E+15  1.5157E+16  1.1386E+17  8.3503E+16 -5.7895E+00 -2.9009E-02  2.0853E+17 -2.5330E+14  4.6524E+14  1.2707E+13
     0.937080
  4.9581E+15  2.1854E+16  1.6435E+17  1.2053E+17  4.5892E+00 -1.0256E-01  3.0104E+17 -3.6522E+14  6.7159E+14  1.8316E+13
     0.945300
  7.1572E+15  3.1518E+16  2.3728E+17  1.7403E+17  1.4893E+01  2.0410E-01  4.3470E+17 -5.2676E+14  9.6972E+14  2.6413E+13
     0.953520
  1.0335E+16  4.5470E+16  3.4260E+17  2.5132E+17 -8.0504E+00  8.7797E-02  6.2786E+17 -7.6000E+14  1.4006E+15  3.8104E+13
     0.961740
  1.4928E+16  6.5619E+16  4.9475E+17  3.6302E+17  2.2164E+01 -2.0777E-02  9.0709E+17 -1.0969E+15  2.0235E+15  5.4993E+13
     0.969960
  2.1569E+16  9.4726E+16  7.1460E+17  5.2450E+17  7.8861E+00 -7.0306E-02  1.3108E+18 -1.5837E+15  2.9241E+15  7.9403E+13
     0.978180
  3.1173E+16  1.3679E+17  1.0323E+18  7.5800E+17  2.6509E+01 -9.5937E-01  1.8948E+18 -2.2875E+15  4.2269E+15  1.1469E+14
     0.986400
  4.5066E+16  1.9760E+17  1.4916E+18  1.0957E+18  6.9956E+01 -6.9676E-01  2.7395E+18 -3.3051E+15  6.1116E+15  1.6574E+14
     0.994620
  6.5171E+16  2.8553E+17  2.1555E+18  1.5842E+18 -7.2485E+01 -9.3695E-01  3.9617E+18 -4.7771E+15  8.8389E+15  2.3961E+14
     1.002840
  9.4268E+16  4.1272E+17  3.1156E+18  2.2910E+18  5.0457E+01 -1.3758E+00  5.7306E+18 -6.9070E+15  1.2786E+16  3.4653E+14
     1.011060
  1.3639E+17  5.9676E+17  4.5041E+18  3.3139E+18 -5.3275E+01  3.1029E+00  8.2910E+18 -9.9899E+15  1.8501E+16  5.0134E+14
     1.019280
  1.9738E+17  8.6312E+17  6.5126E+18  4.7944E+18  1.3831E+02  7.1365E-01  1.1998E+19 -1.4453E+16  2.6775E+16  7.2556E+14
     1.027500
  2.8571E+17  1.2487E+18  9.4183E+18  6.9376E+18  3.4659E+01 -8.4467E+00  1.7365E+19 -2.0916E+16  3.8756E+16  1.0504E+15
     1.035720
  4.1364E+17  1.8071E+18  1.3623E+19  1.0041E+19 -6.3261E+02 -6.7389E+00  2.5136E+19 -3.0278E+16  5.6108E+16  1.5211E+15
     1.043940
  5.9895E+17  2.6157E+18  1.9707E+19  1.4534E+19 -1.1469E+03  2.1794E+00  3.6392E+19 -4.3840E+16  8.1241E+16  2.2033E+15
     1.052160
  8.6739E+17  3.7869E+18  2.8513E+19  2.1040E+19 -8.2516E+02  6.3308E+00  5.2693E+19 -6.3489E+16  1.1765E+17  3.1921E+15
     1.060380
  1.2563E+18  5.4836E+18  4.1258E+19  3.0462E+19 -9.4477E+02 -7.4180E+00  7.6303E+19 -9.1961E+16  1.7038E+17  4.6256E+15
     1.068600
  1.8198E+18  7.9419E+18  5.9708E+19  4.4108E+19  7.3239E+02  9.0643E+00  1.1050E+20 -1.3322E+17  2.4678E+17  6.7038E+15
     1.076820
  2.6361E+18  1.1504E+19  8.6417E+19  6.3871E+19 -2.6091E+02  1.0827E+00  1.6004E+20 -1.9302E+17  3.5744E+17  9.7169E+15
     1.085040
  3.8188E+18  1.6665E+19  1.2509E+20  9.2495E+19 -1.0695E+03 -1.3996E+01  2.3179E+20 -2.7969E+17  5.1776E+17  1.4085E+16
     1.093260
  5.5323E+18  2.4144E+19  1.8107E+20  1.3395E+20 -7.0533E+03  3.4117E+01  3.3571E+20 -4.0529E+17  7.4999E+17  2.0419E+16
     1.101480
  8.0147E+18  3.4981E+19  2.6213E+20  1.9399E+20  6.2404E+03 -2.5268E+01  4.8623E+20 -5.8732E+17  1.0864E+18  2.9601E+16
     1.109700
  1.1611E+19  5.0684E+19  3.7949E+20  2.8094E+20  8.7626E+02  1.3835E+02  7.0423E+20 -8.5112E+17  1.5736E+18  4.2911E+16
     1.117920
  1.6820E+19  7.3437E+19  5.4941E+20  4.0687E+20  3.8456E+04 -2.4157E+02  1.0199E+21 -1.2334E+18  2.2793E+18  6.2205E+16
     1.126140
  2.4364E+19  1.0640E+20  7.9543E+20  5.8921E+20 -5.5286E+03  3.5688E+02  1.4771E+21 -1.7873E+18  3.3012E+18  9.0167E+16
     1.134360
  3.5290E+19  1.5416E+20  1.1516E+21  8.5324E+20  6.1726E+04 -6.7259E+02  2.1390E+21 -2.5898E+18  4.7810E+18  1.3069E+17
     1.142580
  5.1112E+19  2.2335E+20  1.6673E+21  1.2355E+21  8.5658E+04 -3.0228E+02  3.0974E+21 -3.7523E+18  6.9236E+18  1.8940E+17
     1.150800
  7.4021E+19  3.2356E+20  2.4139E+21  1.7889E+21  1.4246E+05 -8.4926E+01  4.4848E+21 -5.4362E+18  1.0026E+19  2.7445E+17
     1.159020
  1.0719E+20  4.6870E+20  3.4946E+21  2.5901E+21  1.1564E+05 -2.2889E+03  6.4932E+21 -7.8749E+18  1.4516E+19  3.9765E+17
     1.167240
  1.5519E+20  6.7887E+20  5.0590E+21  3.7497E+21 -1.5280E+05 -1.7023E+03  9.3999E+21 -1.1406E+19  2.1015E+19  5.7606E+17
     1.175460
  2.2468E+20  9.8319E+20  7.3233E+21  5.4280E+21  1.2611E+05  4.4105E+02  1.3607E+22 -1.6519E+19  3.0421E+19  8.3438E+17
     1.183680
  3.2523E+20  1.4238E+21  1.0601E+22  7.8567E+21  1.0727E+05 -3.2790E+03  1.9694E+22 -2.3921E+19  4.4032E+19  1.2083E+18
     1.191900
  4.7073E+20  2.0615E+21  1.5343E+22  1.1371E+22  8.0876E+04 -1.9817E+02  2.8501E+22 -3.4633E+19  6.3725E+19  1.7496E+18
     1.200120
  6.8123E+20  2.9844E+21  2.2207E+22  1.6456E+22  1.6888E+06  2.7331E+03  4.1243E+22 -5.0136E+19  9.2215E+19  2.5328E+18
     1.208340
  9.8575E+20  4.3201E+21  3.2139E+22  2.3812E+22 -7.9770E+05 -1.8461E+04  5.9675E+22 -7.2568E+19  1.3343E+20  3.6661E+18
     1.216560
  1.4262E+21  6.2526E+21  4.6508E+22  3.4453E+22 -8.9166E+05  1.3940E+04  8.6335E+22 -1.0502E+20  1.9304E+20  5.3055E+18
     1.224780
  2.0633E+21  9.0484E+21  6.7298E+22  4.9844E+22 -7.0577E+05 -1.1037E+04  1.2489E+23 -1.5197E+20  2.7925E+20  7.6767E+18
     1.233000
  2.9845E+21  1.3092E+22  9.7373E+22  7.2103E+22 -4.6673E+05 -1.2058E+05  1.8065E+23 -2.1986E+20  4.0391E+20  1.1106E+19
     1.241220
  4.3166E+21  1.8942E+22  1.4088E+23  1.0429E+23  1.2845E+07  6.6234E+04  2.6129E+23 -3.1805E+20  5.8418E+20  1.6064E+19
     1.249440
  6.2426E+21  2.7400E+22  2.0381E+23  1.5085E+23 -8.3791E+06 -5.4453E+04  3.7788E+23 -4.6002E+20  8.4483E+20  2.3233E+19
     1.257660
  9.0271E+21  3.9632E+22  2.9482E+23  2.1816E+23  8.7501E+05  7.4331E+04  5.4644E+23 -6.6529E+20  1.2217E+21  3.3595E+19
     1.265880
  1.3052E+22  5.7316E+22  4.2645E+23  3.1548E+23 -8.3532E+06 -1.8907E+05  7.9015E+23 -9.6204E+20  1.7664E+21  4.8574E+19
     1.274100
  1.8871E+22  8.2884E+22  6.1680E+23  4.5618E+23  2.4063E+07  8.1909E+05  1.1425E+24 -1.3910E+21  2.5540E+21  7.0223E+19
     1.282320
  2.7283E+22  1.1984E+23  8.9207E+23  6.5960E+23 -2.2929E+07  2.9468E+05  1.6518E+24 -2.0110E+21  3.6924E+21  1.0151E+20
     1.290540
  3.9441E+22  1.7327E+23  1.2901E+24  9.5367E+23  4.5027E+07  1.0286E+06  2.3880E+24 -2.9072E+21  5.3379E+21  1.4672E+20
     1.298760
  5.7013E+22  2.5050E+23  1.8656E+24  1.3788E+24 -6.3714E+07  2.5382E+05  3.4523E+24 -4.2024E+21  7.7166E+21  2.1205E+20
     1.306980
  8.2412E+22  3.6211E+23  2.6978E+24  1.9933E+24 -1.2177E+08  2.0911E+06  4.9907E+24 -6.0743E+21  1.1155E+22  3.0646E+20
     1.315200
  1.1912E+23  5.2344E+23  3.9010E+24  2.8817E+24 -1.5529E+08 -1.2138E+06  7.2145E+24 -8.7794E+21  1.6124E+22  4.4287E+20
     1.323420
  1.7218E+23  7.5659E+23  5.6405E+24  4.1659E+24  1.6326E+08 -6.5922E+05  1.0429E+25 -1.2689E+22  2.3307E+22  6.3997E+20
     1.331640
  2.4887E+23  1.0936E+24  8.1555E+24  6.0222E+24  9.6986E+07  4.2560E+05  1.5075E+25 -1.8338E+22  3.3690E+22  9.2476E+20
     1.339860
  3.5972E+23  1.5806E+24  1.1792E+25  8.7056E+24  1.7220E+08  2.5010E+06  2.1792E+25 -2.6503E+22  4.8699E+22  1.3363E+21
     1.348080
  5.1994E+23  2.2844E+24  1.7048E+25  1.2585E+25 -2.8849E+08 -6.1758E+06  3.1501E+25 -3.8302E+22  7.0393E+22  1.9309E+21
     1.356300
  7.5152E+23  3.3017E+24  2.4648E+25  1.8192E+25  6.9566E+08 -1.3448E+07  4.5537E+25 -5.5355E+22  1.0175E+23  2.7902E+21
     1.364520
  1.0863E+24  4.7719E+24  3.5636E+25  2.6299E+25 -4.1933E+08 -1.7072E+07  6.5827E+25 -8.0000E+22  1.4709E+23  4.0320E+21
     1.372740
  1.5702E+24  6.8970E+24  5.1522E+25  3.8019E+25  1.4919E+09 -1.2084E+07  9.5160E+25 -1.1562E+23  2.1263E+23  5.8266E+21
     1.380960
  2.2698E+24  9.9685E+24  7.4489E+25  5.4962E+25  5.5059E+09 -1.1149E+07  1.3757E+26 -1.6710E+23  3.0737E+23  8.4202E+21
     1.389180
  3.2812E+24  1.4408E+25  1.0769E+26  7.9459E+25 -2.9266E+09 -6.4565E+07  1.9888E+26 -2.4152E+23  4.4436E+23  1.2169E+22
     1.397400
  4.7434E+24  2.0826E+25  1.5570E+26  1.1488E+26 -9.2344E+09  1.4884E+07  2.8754E+26 -3.4910E+23  6.4242E+23  1.7588E+22
     1.405620
  6.8576E+24  3.0104E+25  2.2512E+26  1.6609E+26  4.9362E+09 -3.8427E+07  4.1572E+26 -5.0462E+23  9.2880E+23  2.5421E+22
     1.413840
  9.9145E+24  4.3517E+25  3.2549E+26  2.4014E+26 -3.0095E+09 -1.1441E+08  6.0108E+26 -7.2945E+23  1.3429E+24  3.6746E+22
     1.422060
  1.4335E+25  6.2909E+25  4.7062E+26  3.4721E+26 -2.0448E+10  3.4590E+08  8.6912E+26 -1.0545E+24  1.9417E+24  5.3119E+22
     1.430280
  2.0727E+25  9.0948E+25  6.8048E+26  5.0206E+26  4.3538E+10  1.0141E+08  1.2567E+27 -1.5245E+24  2.8077E+24  7.6793E+22
     1.438500
  2.9972E+25  1.3149E+26  9.8395E+26  7.2599E+26  3.5276E+09  4.1435E+08  1.8173E+27 -2.2042E+24  4.0601E+24  1.1103E+23
     1.446720
  4.3342E+25  1.9012E+26  1.4228E+27  1.0498E+27 -3.6232E+10 -5.1874E+08  2.6281E+27 -3.1870E+24  5.8714E+24  1.6053E+23
     1.454940
  6.2679E+25  2.7490E+26  2.0574E+27  1.5182E+27  1.2187E+11 -9.3115E+08  3.8007E+27 -4.6084E+24  8.4913E+24  2.3213E+23
     1.463160
  9.0648E+25  3.9751E+26  2.9752E+27  2.1956E+27 -9.4912E+10  3.8883E+08  5.4968E+27 -6.6642E+24  1.2281E+25  3.3569E+23
     1.471380
  1.3110E+26  5.7484E+26  4.3026E+27  3.1755E+27 -1.6091E+10 -3.1314E+08  7.9501E+27 -9.6375E+24  1.7762E+25  4.8547E+23
     1.479600
  1.8963E+26  8.3132E+26  6.2223E+27  4.5927E+27  2.6788E+10 -3.4371E+09  1.1499E+28 -1.3938E+25  2.5690E+25  7.0215E+23
     1.487820
  2.7428E+26  1.2023E+27  8.9989E+27  6.6428E+27  1.8340E+11 -8.1376E+08  1.6632E+28 -2.0160E+25  3.7160E+25  1.0156E+24
     1.496040
  3.9675E+26  1.7390E+27  1.3015E+28  9.6082E+27  3.6695E+11 -1.6570E+09  2.4058E+28 -2.9159E+25  5.3752E+25  1.4690E+24
     1.500000
  4.7397E+26  2.0773E+27  1.5547E+28  1.1478E+28  3.2102E+11 -6.9499E+09  2.8741E+28 -3.4834E+25  6.4214E+25  1.7550E+24
