     0.000000
  1.2373E-02  2.6526E-35  1.0961E-09  1.0820E-02  0.0000E+00  0.0000E+00  0.0000E+00  0.0000E+00  0.0000E+00  0.0000E+00
     0.006040
  7.8704E-03  2.5630E-03  1.5652E-01  4.2959E-02 -7.6867E-18  2.5734E-19  7.0001E-01 -1.9676E-03  1.1964E-05  2.7145E-06
     0.012080
  5.9109E-03  1.2989E-02  2.2123E-01  8.5382E-02  1.3111E-17 -2.4126E-19  4.3086E-01 -2.5964E-03  2.3966E-04  1.9481E-05
     0.018120
  9.8825E-03  2.6719E-02  2.2205E-01  1.4330E-01  1.0988E-17  1.3684E-19  9.7915E-01 -3.8026E-03 -2.8750E-04  5.6251E-05
     0.024160
  1.5724E-02  5.5914E-02  4.1500E-01  2.9768E-01 -7.9614E-17 -2.6874E-18  2.2688E+00 -8.5258E-03 -7.8704E-04  9.0879E-05
     0.030200
  3.0478E-02  1.0887E-01  8.1074E-01  5.7482E-01 -7.5296E-17  2.6023E-18  4.6358E+00 -1.6147E-02 -1.8130E-03  4.4207E-05
     0.036240
  6.5815E-02  1.9389E-01  1.8413E+00  1.0365E+00 -3.5105E-16  3.0621E-19  1.0140E+01 -2.3787E-02 -4.6600E-03 -1.2427E-04
     0.042280
  1.4836E-01  3.5820E-01  4.3828E+00  1.8494E+00 -1.0769E-15 -2.0582E-19  2.2094E+01 -3.0378E-02 -1.0095E-02 -3.8646E-04
     0.048320
  3.4387E-01  7.6299E-01  9.9803E+00  3.5528E+00  9.2761E-16 -1.1069E-17  4.9009E+01 -5.1896E-02 -2.0159E-02 -4.8617E-04
     0.054360
  8.0389E-01  1.8718E+00  2.1730E+01  7.8362E+00 -6.1666E-15  1.2154E-17  1.1206E+02 -1.5504E-01 -4.0520E-02  4.0930E-05
     0.060400
  1.8853E+00  4.7500E+00  4.6824E+01  1.8879E+01 -9.1560E-16  1.6617E-16  2.6237E+02 -4.9597E-01 -8.7872E-02  1.2857E-03
     0.066440
  4.4302E+00  1.1459E+01  1.0465E+02  4.5343E+01  1.0091E-14  5.0767E-19  6.2010E+02 -1.3237E+00 -2.0181E-01  1.5474E-03
     0.072480
  1.0425E+01  2.5693E+01  2.4779E+02  1.0344E+02  3.9629E-16  4.0022E-16  1.4604E+03 -2.9024E+00 -4.3342E-01 -4.7949E-03
     0.078520
  2.4566E+01  5.4708E+01  6.0962E+02  2.2439E+02  2.4562E-14 -7.8162E-16  3.4151E+03 -5.4336E+00 -7.4295E-01 -2.9778E-02
     0.084560
  5.7970E+01  1.1617E+02  1.5055E+03  4.7915E+02 -3.9152E-13 -1.2504E-15  7.9748E+03 -9.4651E+00 -6.6819E-01 -9.7534E-02
     0.090600
  1.3704E+02  2.5851E+02  3.6554E+03  1.0552E+03  6.4841E-14 -9.6937E-15  1.8755E+04 -1.8005E+01  1.4596E+00 -2.7113E-01
     0.096640
  3.2485E+02  6.1146E+02  8.7171E+03  2.4596E+03 -2.7054E-12  3.1793E-15  4.4653E+04 -4.2271E+01  1.0159E+01 -7.5795E-01
     0.102680
  7.7302E+02  1.4965E+03  2.0660E+04  5.9888E+03 -2.5215E-12  2.3672E-14  1.0756E+05 -1.1266E+02  3.6430E+01 -2.2129E+00
     0.108720
  1.8485E+03  3.6603E+03  4.9343E+04  1.4752E+04 -1.9196E-11 -8.0135E-14  2.6103E+05 -2.9541E+02  1.0682E+02 -6.4102E+00
     0.114760
  4.4442E+03  8.8010E+03  1.1958E+05  3.5951E+04  1.4238E-11 -1.9311E-14  6.3536E+05 -7.1864E+02  2.8717E+02 -1.7418E+01
     0.120800
  1.0740E+04  2.0885E+04  2.9332E+05  8.6373E+04  4.3451E-12 -3.2319E-13  1.5478E+06 -1.6393E+03  7.4348E+02 -4.3245E+01
     0.126840
  2.6065E+04  4.9633E+04  7.2276E+05  2.0655E+05  2.1434E-10 -1.8033E-13  3.7739E+06 -3.6738E+03  1.8870E+03 -9.8057E+01
     0.132880
  6.3453E+04  1.1963E+05  1.7774E+06  4.9772E+05  1.7993E-11  3.3009E-12  9.2171E+06 -8.5301E+03  4.6979E+03 -2.0701E+02
     0.138920
  1.5480E+05  2.9318E+05  4.3525E+06  1.2154E+06  1.9432E-10  2.1896E-11  2.2561E+07 -2.0971E+04  1.1427E+04 -4.2329E+02
     0.144960
  3.7814E+05  7.2517E+05  1.0630E+07  2.9980E+06  8.3399E-10  5.8579E-12  5.5317E+07 -5.3400E+04  2.7135E+04 -8.8752E+02
     0.151000
  9.2455E+05  1.7925E+06  2.5969E+07  7.4123E+06 -1.8939E-09  3.9593E-11  1.3572E+08 -1.3572E+05  6.3289E+04 -2.0059E+03
     0.157040
  2.2620E+06  4.4001E+06  6.3590E+07  1.8250E+07  2.5042E-09  8.1776E-11  3.3283E+08 -3.3638E+05  1.4668E+05 -4.9230E+03
     0.163080
  5.5368E+06  1.0720E+07  1.5610E+08  4.4655E+07 -4.9930E-09 -1.8562E-10  8.1545E+08 -8.1023E+05  3.4233E+05 -1.2695E+04
     0.169120
  1.3555E+07  2.6005E+07  3.8369E+08  1.0876E+08  2.5648E-08  5.3363E-10  1.9961E+09 -1.9149E+06  8.1297E+05 -3.3168E+04
     0.175160
  3.3187E+07  6.3046E+07  9.4282E+08  2.6457E+08  7.5707E-09 -1.3848E-10  4.8834E+09 -4.5011E+06  1.9728E+06 -8.6190E+04
     0.181200
  8.1235E+07  1.5312E+08  2.3143E+09  6.4433E+08 -5.2811E-07 -4.2372E-09  1.1946E+10 -1.0621E+07  4.8850E+06 -2.2222E+05
     0.187240
  1.9879E+08  3.7254E+08  5.6752E+09  1.5719E+09  7.8450E-08  5.2107E-09  2.9222E+10 -2.5192E+07  1.2292E+07 -5.7087E+05
     0.193280
  4.8630E+08  9.0693E+08  1.3911E+10  3.8382E+09 -3.5266E-06  4.1921E-08  7.1485E+10 -5.9803E+07  3.1297E+07 -1.4666E+06
     0.199320
  1.1893E+09  2.2067E+09  3.4103E+10  9.3684E+09  2.3305E-07 -4.2789E-09  1.7486E+11 -1.4141E+08  8.0364E+07 -3.7694E+06
     0.205360
  2.9083E+09  5.3658E+09  8.3635E+10  2.2847E+10 -3.1878E-05 -1.0251E-08  4.2772E+11 -3.3274E+08  2.0745E+08 -9.6698E+06
     0.211400
  7.1115E+09  1.3051E+10  2.0516E+11  5.5692E+10  3.0348E-05 -6.5168E-07  1.0464E+12 -7.8186E+08  5.3646E+08 -2.4684E+07
     0.217440
  1.7392E+10  3.1790E+10  5.0324E+11  1.3583E+11 -3.9049E-05 -5.1171E-08  2.5607E+12 -1.8461E+09  1.3845E+09 -6.2544E+07
     0.223480
  4.2545E+10  7.7627E+10  1.2342E+12  3.3176E+11  4.4401E-04 -1.4453E-07  6.2705E+12 -4.4056E+09  3.5533E+09 -1.5705E+08
     0.229520
  1.0412E+11  1.9010E+11  3.0264E+12  8.1202E+11  7.0823E-05 -7.3237E-07  1.5368E+13 -1.0657E+10  9.0436E+09 -3.9037E+08
     0.235560
  2.5496E+11  4.6677E+11  7.4215E+12  1.9917E+12  5.7256E-04  4.2343E-06  3.7697E+13 -2.6124E+10  2.2786E+10 -9.5972E+08
     0.241600
  6.2476E+11  1.1487E+12  1.8203E+13  4.8942E+12  1.5776E-03 -2.1697E-05  9.2555E+13 -6.4729E+10  5.6796E+10 -2.3323E+09
     0.247640
  1.5320E+12  2.8315E+12  4.4665E+13  1.2044E+13 -1.2169E-02 -3.4515E-05  2.2742E+14 -1.6165E+11  1.4006E+11 -5.6030E+09
     0.253680
  3.7596E+12  6.9893E+12  1.0963E+14  2.9673E+13 -3.6620E-02 -1.2387E-04  5.5917E+14 -4.0583E+11  3.4195E+11 -1.3321E+10
     0.259720
  9.2320E+12  1.7269E+13  2.6920E+14  7.3164E+13 -4.1117E-02  4.2653E-04  1.3755E+15 -1.0221E+12  8.2744E+11 -3.1420E+10
     0.265760
  2.2683E+13  4.2692E+13  6.6118E+14  1.8050E+14 -5.3312E-02 -3.2444E-04  3.3845E+15 -2.5772E+12  1.9875E+12 -7.3800E+10
     0.271800
  5.5753E+13  1.0555E+14  1.6242E+15  4.4536E+14  3.8985E-01  4.6702E-04  8.3284E+15 -6.4911E+12  4.7483E+12 -1.7344E+11
     0.277840
  1.3707E+14  2.6083E+14  3.9903E+15  1.0986E+15 -3.9575E-01  1.8399E-03  2.0492E+16 -1.6297E+13  1.1309E+13 -4.0981E+11
     0.283880
  3.3701E+14  6.4400E+14  9.8043E+15  2.7085E+15 -1.7237E+00 -8.6613E-03  5.0406E+16 -4.0716E+13  2.6923E+13 -9.7769E+11
     0.289920
  8.2855E+14  1.5881E+15  2.4090E+16  6.6715E+15  1.8837E+00  2.9789E-02  1.2394E+17 -1.0112E+14  6.4252E+13 -2.3614E+12
     0.295960
  2.0366E+15  3.9112E+15  5.9191E+16  1.6416E+16  7.8312E+00 -6.7893E-02  3.0461E+17 -2.4960E+14  1.5411E+14 -5.7791E+12
     0.302000
  5.0043E+15  9.6206E+15  1.4542E+17  4.0352E+16 -1.9253E+01 -3.0322E-01  7.4829E+17 -6.1251E+14  3.7230E+14 -1.4317E+13
     0.308040
  1.2293E+16  2.3640E+16  3.5724E+17  9.9097E+16  2.9895E+01  1.0385E-01  1.8374E+18 -1.4957E+15  9.0701E+14 -3.5821E+13
     0.314080
  3.0184E+16  5.8046E+16  8.7743E+17  2.4320E+17 -5.9220E+01 -6.4193E-01  4.5102E+18 -3.6389E+15  2.2291E+15 -9.0235E+13
     0.320120
  7.4091E+16  1.4247E+17  2.1547E+18  5.9655E+17  7.1131E+02  1.6439E+00  1.1068E+19 -8.8335E+15  5.5223E+15 -2.2810E+14
     0.326160
  1.8182E+17  3.4970E+17  5.2908E+18  1.4631E+18 -5.8129E+02  1.0832E+00  2.7160E+19 -2.1430E+16  1.3769E+16 -5.7678E+14
     0.332200
  4.4610E+17  8.5864E+17  1.2990E+19  3.5886E+18  1.8883E+03  5.9225E+00  6.6651E+19 -5.2045E+16  3.4484E+16 -1.4550E+15
     0.338240
  1.0945E+18  2.1098E+18  3.1889E+19  8.8054E+18  5.6975E+03  6.0129E+01  1.6359E+20 -1.2674E+17  8.6539E+16 -3.6535E+15
     0.344280
  2.6853E+18  5.1897E+18  7.8287E+19  2.1620E+19  2.1361E+04 -2.4772E+01  4.0167E+20 -3.0991E+17  2.1713E+17 -9.1176E+15
     0.350320
  6.5897E+18  1.2781E+19  1.9220E+20  5.3129E+19 -1.1002E+04  6.0987E+02  9.8664E+20 -7.6179E+17  5.4357E+17 -2.2590E+16
     0.356360
  1.6175E+19  3.1523E+19  4.7189E+20  1.3069E+20 -5.8245E+04 -1.3051E+03  2.4247E+21 -1.8835E+18  1.3555E+18 -5.5536E+16
     0.362400
  3.9720E+19  7.7854E+19  1.1587E+21  3.2181E+20  7.8899E+04  1.1950E+03  5.9621E+21 -4.6838E+18  3.3630E+18 -1.3547E+17
     0.368440
  9.7575E+19  1.9253E+20  2.8458E+21  7.9325E+20 -2.1760E+05 -1.3582E+03  1.4667E+22 -1.1708E+19  8.2951E+18 -3.2802E+17
     0.374480
  2.3981E+20  4.7667E+20  6.9905E+21  1.9571E+21 -1.2293E+06  3.0639E+03  3.6101E+22 -2.9392E+19  2.0335E+19 -7.8909E+17
     0.380520
  5.8961E+20  1.1812E+21  1.7175E+22  4.8323E+21 -4.6954E+06  4.8528E+04  8.8891E+22 -7.3999E+19  4.9549E+19 -1.8883E+18
     0.386560
  1.4502E+21  2.9288E+21  4.2204E+22  1.1938E+22 -3.2626E+06 -6.5002E+04  2.1894E+23 -1.8660E+20  1.2007E+20 -4.5026E+18
     0.392600
  3.5682E+21  7.2642E+21  1.0373E+23  2.9501E+22  3.1290E+07  1.9592E+04  5.3936E+23 -4.7064E+20  2.8961E+20 -1.0720E+19
     0.398640
  8.7815E+21  1.8018E+22  2.5498E+23  7.2913E+22  6.4740E+07 -5.8587E+04  1.3288E+24 -1.1860E+21  6.9616E+20 -2.5538E+19
     0.404680
  2.1615E+22  4.4683E+22  6.2686E+23  1.8019E+23 -6.9043E+07 -2.3864E+05  3.2737E+24 -2.9830E+21  1.6701E+21 -6.1011E+19
     0.410720
  5.3206E+22  1.1077E+23  1.5412E+24  4.4519E+23 -6.4764E+07 -4.3218E+05  8.0645E+24 -7.4849E+21  4.0052E+21 -1.4646E+20
     0.416760
  1.3097E+23  2.7447E+23  3.7894E+24  1.0995E+24  6.8527E+08 -9.0471E+06  1.9863E+25 -1.8729E+22  9.6175E+21 -3.5379E+20
     0.422800
  3.2234E+23  6.7975E+23  9.3173E+24  2.7143E+24  2.0491E+09 -4.6455E+06  4.8913E+25 -4.6732E+22  2.3158E+22 -8.6061E+20
     0.428840
  7.9327E+23  1.6827E+24  2.2909E+25  6.6980E+24 -8.8395E+09  2.1148E+07  1.2043E+26 -1.1631E+23  5.5987E+22 -2.1081E+21
     0.434880
  1.9519E+24  4.1640E+24  5.6324E+25  1.6522E+25 -7.1046E+09 -1.7397E+07  2.9645E+26 -2.8885E+23  1.3600E+23 -5.1952E+21
     0.440920
  4.8018E+24  1.0302E+25  1.3847E+26  4.0744E+25  1.3125E+10 -3.3151E+08  7.2967E+26 -7.1631E+23  3.3206E+23 -1.2863E+22
     0.446960
  1.1811E+25  2.5488E+25  3.4043E+26  1.0046E+26 -3.5994E+09  1.8670E+08  1.7959E+27 -1.7750E+24  8.1460E+23 -3.1935E+22
     0.453000
  2.9051E+25  6.3072E+25  8.3687E+26  2.4773E+26 -6.0137E+10 -2.2040E+08  4.4203E+27 -4.3991E+24  2.0063E+24 -7.9348E+22
     0.459040
  7.1449E+25  1.5614E+26  2.0573E+27  6.1098E+26 -1.6005E+11 -1.0228E+09  1.0881E+28 -1.0912E+25  4.9555E+24 -1.9693E+23
     0.465080
  1.7573E+26  3.8676E+26  5.0574E+27  1.5074E+27 -4.8622E+10  2.1506E+09  2.6791E+28 -2.7109E+25  1.2257E+25 -4.8736E+23
     0.471120
  4.3225E+26  9.5874E+26  1.2433E+28  3.7211E+27 -7.6783E+11 -4.3817E+08  6.5982E+28 -6.7492E+25  3.0319E+25 -1.2011E+24
     0.477160
  1.0634E+27  2.3786E+27  3.0568E+28  9.1911E+27  4.1112E+12 -2.4665E+10  1.6256E+29 -1.6846E+26  7.4892E+25 -2.9447E+24
     0.483200
  2.6168E+27  5.9067E+27  7.5160E+28  2.2718E+28  7.8244E+12  2.8880E+10  4.0065E+29 -4.2156E+26  1.8452E+26 -7.1779E+24
     0.489240
  6.4412E+27  1.4681E+28  1.8483E+29  5.6193E+28 -2.4283E+13  4.7820E+11  9.8784E+29 -1.0577E+27  4.5307E+26 -1.7392E+25
     0.495280
  1.5860E+28  3.6521E+28  4.5459E+29  1.3909E+29  4.0172E+13 -9.6284E+11  2.4366E+30 -2.6597E+27  1.1079E+27 -4.1898E+25
     0.501320
  5.1617E-02  1.2014E-01  1.4777E+00  4.5523E-01  4.1335E-16 -1.7250E-19  7.9447E+00 -8.8543E-03  3.5638E-03 -1.3266E-04
     0.507360
  1.2718E-01  2.9929E-01  3.6356E+00  1.1282E+00  1.7262E-16 -6.9594E-18  1.9611E+01 -2.2337E-02  8.6369E-03 -3.1646E-04
     0.513400
  3.1344E-01  7.4597E-01  8.9464E+00  2.7974E+00  6.0340E-16 -4.5222E-18  4.8421E+01 -5.6398E-02  2.0843E-02 -7.5238E-04
     0.519440
  7.7273E-01  1.8600E+00  2.2019E+01  6.9385E+00  1.7061E-15 -3.6702E-17  1.1959E+02 -1.4243E-01  5.0112E-02 -1.7851E-03
     0.525480
  1.9054E+00  4.6391E+00  5.4202E+01  1.7214E+01  5.8918E-15 -8.7283E-17  2.9540E+02 -3.5966E-01  1.2012E-01 -4.2331E-03
     0.531520
  4.6995E+00  1.1572E+01  1.3344E+02  4.2716E+01 -5.3991E-14 -1.6452E-16  7.2977E+02 -9.0771E-01  2.8736E-01 -1.0047E-02
     0.537560
  1.1592E+01  2.8868E+01  3.2857E+02  1.0600E+02  5.3517E-14 -4.1586E-16  1.8031E+03 -2.2891E+00  6.8671E-01 -2.3899E-02
     0.543600
  2.8598E+01  7.2020E+01  8.0911E+02  2.6306E+02 -1.4577E-14  4.9920E-18  4.4552E+03 -5.7677E+00  1.6412E+00 -5.7035E-02
     0.549640
  7.0554E+01  1.7968E+02  1.9926E+03  6.5283E+02 -2.3500E-13  1.7389E-15  1.1009E+04 -1.4520E+01  3.9263E+00 -1.3665E-01
     0.555680
  1.7407E+02  4.4830E+02  4.9077E+03  1.6201E+03  4.2539E-13  8.2765E-15  2.7205E+04 -3.6524E+01  9.4112E+00 -3.2869E-01
     0.561720
  4.2950E+02  1.1186E+03  1.2088E+04  4.0209E+03 -1.9721E-12  1.0597E-14  6.7233E+04 -9.1826E+01  2.2614E+01 -7.9348E-01
     0.567760
  1.0598E+03  2.7918E+03  2.9777E+04  9.9803E+03 -3.8982E-12 -2.1219E-14  1.6618E+05 -2.3079E+02  5.4486E+01 -1.9205E+00
     0.573800
  2.6151E+03  6.9696E+03  7.3354E+04  2.4776E+04 -9.7462E-12  3.1914E-15  4.1080E+05 -5.8006E+02  1.3162E+02 -4.6546E+00
     0.579840
  6.4537E+03  1.7406E+04  1.8072E+05  6.1525E+04  1.2286E-11  5.8921E-14  1.0157E+06 -1.4583E+03  3.1862E+02 -1.1278E+01
     0.585880
  1.5928E+04  4.3488E+04  4.4528E+05  1.5283E+05  3.9104E-11 -5.3264E-13  2.5120E+06 -3.6685E+03  7.7233E+02 -2.7276E+01
     0.591920
  3.9320E+04  1.0871E+05  1.0972E+06  3.7981E+05 -2.1791E-12 -1.7134E-12  6.2144E+06 -9.2359E+03  1.8728E+03 -6.5732E+01
     0.597960
  9.7084E+04  2.7193E+05  2.7042E+06  9.4437E+05  5.7388E-10  8.4177E-12  1.5379E+07 -2.3276E+04  4.5374E+03 -1.5760E+02
     0.604000
  2.3977E+05  6.8061E+05  6.6655E+06  2.3494E+06 -1.8063E-09  5.0662E-12  3.8073E+07 -5.8721E+04  1.0972E+04 -3.7539E+02
     0.610040
  5.9232E+05  1.7046E+06  1.6433E+07  5.8481E+06 -3.3874E-09 -9.6988E-12  9.4295E+07 -1.4831E+05  2.6449E+04 -8.8728E+02
     0.616080
  1.4637E+06  4.2721E+06  4.0520E+07  1.4566E+07  8.5561E-09  1.0539E-10  2.3363E+08 -3.7498E+05  6.3494E+04 -2.0788E+03
     0.622120
  3.6184E+06  1.0713E+07  9.9934E+07  3.6301E+07  4.4937E-08  3.3358E-10  5.7911E+08 -9.4899E+05  1.5166E+05 -4.8237E+03
     0.628160
  8.9478E+06  2.6881E+07  2.4652E+08  9.0520E+07 -7.4622E-08  6.8546E-11  1.4360E+09 -2.4036E+06  3.6019E+05 -1.1076E+04
     0.634200
  2.2135E+07  6.7484E+07  6.0828E+08  2.2584E+08 -3.7593E-08  7.9137E-10  3.5624E+09 -6.0915E+06  8.5003E+05 -2.5152E+04
     0.640240
  5.4775E+07  1.6950E+08  1.5012E+09  5.6371E+08  1.3001E-07 -1.8604E-09  8.8404E+09 -1.5445E+07  1.9926E+06 -5.6439E+04
     0.646280
  1.3559E+08  4.2589E+08  3.7060E+09  1.4077E+09  2.7916E-07  4.9463E-09  2.1946E+10 -3.9168E+07  4.6388E+06 -1.2505E+05
     0.652320
  3.3575E+08  1.0705E+09  9.1506E+09  3.5165E+09 -1.3444E-06 -4.6678E-08  5.4498E+10 -9.9343E+07  1.0723E+07 -2.7322E+05
     0.658360
  8.3165E+08  2.6916E+09  2.2600E+10  8.7876E+09 -3.3929E-06  3.5565E-08  1.3537E+11 -2.5196E+08  2.4610E+07 -5.8771E+05
     0.664400
  2.0605E+09  6.7693E+09  5.5827E+10  2.1966E+10  4.2474E-07  1.1476E-07  3.3637E+11 -6.3897E+08  5.6083E+07 -1.2409E+06
     0.670440
  5.1065E+09  1.7030E+10  1.3794E+11  5.4925E+10 -9.2751E-07 -6.3342E-07  8.3601E+11 -1.6202E+09  1.2688E+08 -2.5593E+06
     0.676480
  1.2659E+10  4.2852E+10  3.4089E+11  1.3737E+11  8.1032E-05 -9.0808E-07  2.0784E+12 -4.1077E+09  2.8492E+08 -5.1106E+06
     0.682520
  3.1387E+10  1.0786E+11  8.4263E+11  3.4368E+11 -1.6908E-04 -9.4600E-08  5.1685E+12 -1.0413E+10  6.3466E+08 -9.7172E+06
     0.688560
  7.7842E+10  2.7156E+11  2.0833E+12  8.6006E+11  1.2878E-05  4.7813E-06  1.2857E+13 -2.6397E+10  1.4006E+09 -1.6973E+07
     0.694600
  1.9310E+11  6.8392E+11  5.1517E+12  2.1530E+12 -2.0804E-04 -4.7338E-06  3.1991E+13 -6.6920E+10  3.0563E+09 -2.4714E+07
     0.700640
  4.7915E+11  1.7230E+12  1.2743E+13  5.3916E+12  2.7682E-03  3.1051E-05  7.9629E+13 -1.6967E+11  6.5706E+09 -1.8254E+07
     0.706680
  1.1893E+12  4.3425E+12  3.1525E+13  1.3507E+13  6.8923E-04 -3.5901E-06  1.9828E+14 -4.3030E+11  1.3836E+10  6.3058E+07
     0.712720
  2.9527E+12  1.0949E+13  7.8012E+13  3.3851E+13 -1.3246E-02  1.5618E-06  4.9390E+14 -1.0916E+12  2.8251E+10  4.3328E+08
     0.718760
  7.3331E+12  2.7615E+13  1.9310E+14  8.4877E+13  4.1914E-02 -1.0891E-04  1.2308E+15 -2.7702E+12  5.4929E+10  1.7912E+09
     0.724800
  1.8219E+13  6.9685E+13  4.7809E+14  2.1292E+14  1.0854E-01  1.0640E-03  3.0683E+15 -7.0332E+12  9.7943E+10  6.3129E+09
     0.730840
  4.5280E+13  1.7592E+14  1.1840E+15  5.3437E+14  1.0201E-01  3.7165E-03  7.6528E+15 -1.7864E+13  1.4492E+11  2.0561E+10
     0.736880
  1.1258E+14  4.4430E+14  2.9332E+15  1.3418E+15  8.5345E-01 -7.3390E-04  1.9096E+16 -4.5395E+13  1.0635E+11  6.3861E+10
     0.742920
  2.8002E+14  1.1226E+15  7.2688E+15  3.3709E+15  6.9666E-01  5.6699E-03  4.7670E+16 -1.1540E+14 -3.9368E+11  1.9205E+11
     0.748960
  6.9679E+14  2.8376E+15  1.8019E+16  8.4726E+15  1.4690E+00 -2.8159E-02  1.1906E+17 -2.9348E+14 -2.6888E+12  5.6399E+11
     0.755000
  1.7346E+15  7.1753E+15  4.4681E+16  2.1306E+16 -6.0203E+00 -5.1918E-02  2.9748E+17 -7.4661E+14 -1.1127E+13  1.6257E+12
     0.761040
  4.3200E+15  1.8151E+16  1.1083E+17  5.3600E+16 -6.7404E-01 -4.8669E-01  7.4364E+17 -1.8999E+15 -3.9176E+13  4.6150E+12
     0.767080
  1.0763E+16  4.5929E+16  2.7502E+17  1.3490E+17  2.1418E+01  8.0390E-01  1.8597E+18 -4.8356E+15 -1.2710E+14  1.2934E+13
     0.773120
  2.6828E+16  1.1626E+17  6.8268E+17  3.3967E+17 -7.7391E+00 -1.9934E+00  4.6528E+18 -1.2309E+16 -3.9222E+14  3.5849E+13
     0.779160
  6.6899E+16  2.9436E+17  1.6952E+18  8.5555E+17 -2.8040E+00 -3.2322E+00  1.1646E+19 -3.1338E+16 -1.1696E+15  9.8413E+13
     0.785200
  1.6689E+17  7.4551E+17  4.2109E+18  2.1557E+18 -1.5546E+02 -1.9423E+00  2.9160E+19 -7.9790E+16 -3.4010E+15  2.6791E+14
     0.791240
  4.1648E+17  1.8886E+18  1.0464E+19  5.4337E+18  2.6238E+03 -6.8894E+01  7.3043E+19 -2.0316E+17 -9.6999E+15  7.2407E+14
     0.797280
  1.0398E+18  4.7855E+18  2.6010E+19  1.3701E+19 -5.2729E+03 -2.0396E+02  1.8303E+20 -5.1731E+17 -2.7240E+16  1.9446E+15
     0.803320
  2.5968E+18  1.2129E+19  6.4677E+19  3.4556E+19  3.6271E+03 -4.3619E+02  4.5884E+20 -1.3173E+18 -7.5545E+16  5.1942E+15
     0.809360
  6.4879E+18  3.0748E+19  1.6088E+20  8.7184E+19  1.0965E+05  3.3031E+02  1.1507E+21 -3.3544E+18 -2.0735E+17  1.3811E+16
     0.815400
  1.6216E+19  7.7969E+19  4.0034E+20  2.2004E+20 -1.4982E+05  1.5631E+03  2.8867E+21 -8.5425E+18 -5.6425E+17  3.6583E+16
     0.821440
  4.0545E+19  1.9775E+20  9.9656E+20  5.5552E+20  7.6634E+04  8.9321E+02  7.2448E+21 -2.1757E+19 -1.5245E+18  9.6595E+16
     0.827480
  1.0141E+20  5.0169E+20  2.4816E+21  1.4029E+21  4.7355E+05  1.0307E+03  1.8190E+22 -5.5416E+19 -4.0948E+18  2.5440E+17
     0.833520
  2.5377E+20  1.2731E+21  6.1819E+21  3.5443E+21  1.1165E+06 -2.0827E+04  4.5687E+22 -1.4117E+20 -1.0945E+19  6.6860E+17
     0.839560
  6.3526E+20  3.2313E+21  1.5406E+22  8.9571E+21  1.1924E+05 -6.0411E+04  1.1480E+23 -3.5967E+20 -2.9136E+19  1.7543E+18
     0.845600
  1.5909E+21  8.2038E+21  3.8406E+22  2.2644E+22 -5.0549E+06  5.6046E+05  2.8859E+23 -9.1652E+20 -7.7306E+19  4.5967E+18
     0.851640
  3.9857E+21  2.0833E+22  9.5784E+22  5.7266E+22  3.5078E+06  2.6685E+05  7.2574E+23 -2.3359E+21 -2.0456E+20  1.2031E+19
     0.857680
  9.9899E+21  5.2920E+22  2.3898E+23  1.4487E+23  3.4004E+07 -3.1781E+06  1.8259E+24 -5.9544E+21 -5.4005E+20  3.1459E+19
     0.863720
  2.5049E+22  1.3446E+23  5.9648E+23  3.6663E+23 -1.1443E+08 -1.0354E+06  4.5956E+24 -1.5181E+22 -1.4231E+21  8.2185E+19
     0.869760
  6.2838E+22  3.4170E+23  1.4894E+24  9.2814E+23 -4.3363E+08 -7.7614E+06  1.1572E+25 -3.8710E+22 -3.7438E+21  2.1453E+20
     0.875800
  1.5770E+23  8.6857E+23  3.7206E+24  2.3504E+24  4.7001E+06 -9.8372E+06  2.9149E+25 -9.8723E+22 -9.8349E+21  5.5950E+20
     0.881840
  3.9595E+23  2.2083E+24  9.2981E+24  5.9540E+24  3.5894E+09 -1.5585E+07  7.3455E+25 -2.5181E+23 -2.5802E+22  1.4580E+21
     0.887880
  9.9456E+23  5.6157E+24  2.3247E+25  1.5087E+25 -4.0144E+09 -6.8680E+07  1.8518E+26 -6.4235E+23 -6.7607E+22  3.7957E+21
     0.893920
  2.4992E+24  1.4284E+25  5.8144E+25  3.8242E+25  1.1464E+10  5.3211E+08  4.6701E+26 -1.6388E+24 -1.7693E+23  9.8726E+21
     0.899960
  6.2828E+24  3.6337E+25  1.4549E+26  9.6958E+25  3.6948E+09  9.5440E+08  1.1782E+27 -4.1812E+24 -4.6247E+23  2.5654E+22
     0.906000
  1.5801E+25  9.2454E+25  3.6421E+26  2.4589E+26  9.3098E+10 -4.0157E+09  2.9735E+27 -1.0669E+25 -1.2074E+24  6.6595E+22
     0.912040
  3.9755E+25  2.3528E+26  9.1211E+26  6.2376E+26  1.0363E+11 -7.8853E+09  7.5072E+27 -2.7223E+25 -3.1483E+24  1.7271E+23
     0.918080
  1.0006E+26  5.9883E+26  2.2852E+27  1.5827E+27 -3.3598E+10  6.9705E+09  1.8960E+28 -6.9469E+25 -8.1999E+24  4.4748E+23
     0.924120
  2.5195E+26  1.5244E+27  5.7277E+27  4.0167E+27 -2.0810E+11 -6.3045E+10  4.7900E+28 -1.7728E+26 -2.1332E+25  1.1584E+24
     0.930160
  6.3463E+26  3.8810E+27  1.4362E+28  1.0197E+28 -5.9126E+11  4.7880E+10  1.2106E+29 -4.5244E+26 -5.5433E+25  2.9961E+24
     0.936200
  1.5991E+27  9.8821E+27  3.6027E+28  2.5890E+28  3.4225E+12 -6.5023E+10  3.0603E+29 -1.1547E+27 -1.4389E+26  7.7435E+24
     0.942240
  4.0311E+27  2.5166E+28  9.0412E+28  6.5751E+28  8.5020E+12 -1.8315E+11  7.7392E+29 -2.9471E+27 -3.7315E+26  1.9999E+25
     0.948280
  1.0165E+28  6.4098E+28  2.2698E+29  1.6702E+29  8.5782E+13  3.7409E+11  1.9578E+30 -7.5223E+27 -9.6677E+26  5.1622E+25
     0.954320
  7.7615E-02  4.9422E-01  1.7256E+00  1.2844E+00  3.1571E-16  4.5944E-18  1.4995E+01 -5.8119E-02 -7.5751E-03  4.0310E-04
     0.960360
  1.9586E-01  1.2591E+00  4.3356E+00  3.2641E+00  2.4661E-16 -2.4879E-17  3.7956E+01 -1.4836E-01 -1.9595E-02  1.0395E-03
     0.966400
  4.9442E-01  3.2083E+00  1.0898E+01  8.2966E+00  1.0641E-15  1.0716E-16  9.6104E+01 -3.7874E-01 -5.0652E-02  2.6793E-03
     0.972440
  1.2485E+00  8.1758E+00  2.7404E+01  2.1092E+01  4.3759E-15 -1.4245E-16  2.4341E+02 -9.6695E-01 -1.3086E-01  6.9041E-03
     0.978480
  3.1540E+00  2.0837E+01  6.8937E+01  5.3634E+01  1.0885E-14  6.3607E-16  6.1668E+02 -2.4688E+00 -3.3789E-01  1.7785E-02
     0.984520
  7.9702E+00  5.3114E+01  1.7349E+02  1.3641E+02  6.3494E-14  1.2225E-15  1.5628E+03 -6.3038E+00 -8.7207E-01  4.5803E-02
     0.990560
  2.0148E+01  1.3540E+02  4.3677E+02  3.4700E+02 -7.8405E-14 -5.7195E-15  3.9618E+03 -1.6097E+01 -2.2498E+00  1.1793E-01
     0.996600
  5.0948E+01  3.4522E+02  1.1000E+03  8.8285E+02  1.1933E-13  7.3779E-15  1.0046E+04 -4.1108E+01 -5.8022E+00  3.0356E-01
     1.002640
  1.2888E+02  8.8025E+02  2.7716E+03  2.2466E+03 -9.0816E-13 -1.3512E-14  2.5480E+04 -1.0498E+02 -1.4959E+01  7.8120E-01
     1.008680
  3.2611E+02  2.2447E+03  6.9858E+03  5.7181E+03  3.1443E-13  6.9949E-14  6.4643E+04 -2.6813E+02 -3.8552E+01  2.0099E+00
     1.014720
  8.2545E+02  5.7249E+03  1.7615E+04  1.4556E+04 -1.5760E-12 -1.2464E-13  1.6404E+05 -6.8483E+02 -9.9329E+01  5.1699E+00
     1.020760
  2.0900E+03  1.4602E+04  4.4432E+04  3.7059E+04  2.1071E-11  4.7506E-13  4.1640E+05 -1.7492E+03 -2.5584E+02  1.3295E+01
     1.026800
  5.2935E+03  3.7248E+04  1.1212E+05  9.4367E+04  3.0913E-12  7.7212E-13  1.0572E+06 -4.4680E+03 -6.5877E+02  3.4179E+01
     1.032840
  1.3411E+04  9.5021E+04  2.8301E+05  2.4033E+05  4.8401E-11  8.2356E-13  2.6848E+06 -1.1413E+04 -1.6957E+03  8.7846E+01
     1.038880
  3.3987E+04  2.4243E+05  7.1466E+05  6.1215E+05  1.7223E-10  7.1097E-12  6.8197E+06 -2.9155E+04 -4.3637E+03  2.2572E+02
     1.044920
  8.6154E+04  6.1854E+05  1.8053E+06  1.5594E+06  2.7727E-10 -2.6235E-11  1.7326E+07 -7.4478E+04 -1.1226E+04  5.7983E+02
     1.050960
  2.1845E+05  1.5783E+06  4.5618E+06  3.9731E+06  1.7951E-09  6.5510E-11  4.4029E+07 -1.9026E+05 -2.8871E+04  1.4891E+03
     1.057000
  5.5406E+05  4.0276E+06  1.1531E+07  1.0124E+07 -3.8766E-09 -1.7045E-11  1.1191E+08 -4.8607E+05 -7.4227E+04  3.8234E+03
     1.063040
  1.4056E+06  1.0279E+07  2.9158E+07  2.5800E+07 -2.7248E-08 -6.2525E-11  2.8450E+08 -1.2418E+06 -1.9078E+05  9.8146E+03
     1.069080
  3.5669E+06  2.6233E+07  7.3753E+07  6.5756E+07  1.5005E-08 -1.0878E-10  7.2340E+08 -3.1725E+06 -4.9023E+05  2.5189E+04
     1.075120
  9.0533E+06  6.6957E+07  1.8661E+08  1.6761E+08 -7.6273E-08  6.1963E-10  1.8397E+09 -8.1054E+06 -1.2594E+06  6.4634E+04
     1.081160
  2.2985E+07  1.7091E+08  4.7232E+08  4.2729E+08  1.9976E-07  3.7942E-09  4.6796E+09 -2.0709E+07 -3.2344E+06  1.6582E+05
     1.087200
  5.8367E+07  4.3628E+08  1.1958E+09  1.0894E+09  1.0759E-07  4.7159E-09  1.1906E+10 -5.2911E+07 -8.3050E+06  4.2535E+05
     1.093240
  1.4825E+08  1.1138E+09  3.0284E+09  2.7778E+09 -2.1112E-06 -4.0674E-08  3.0294E+10 -1.3519E+08 -2.1320E+07  1.0909E+06
     1.099280
  3.7663E+08  2.8434E+09  7.6719E+09  7.0835E+09  3.0731E-06 -1.0929E-07  7.7098E+10 -3.4544E+08 -5.4723E+07  2.7977E+06
     1.105320
  9.5704E+08  7.2596E+09  1.9441E+10  1.8065E+10  1.6997E-08 -1.0174E-07  1.9625E+11 -8.8267E+08 -1.4043E+08  7.1738E+06
     1.111360
  2.4324E+09  1.8536E+10  4.9277E+10  4.6077E+10 -2.8218E-05  4.1573E-07  4.9961E+11 -2.2555E+09 -3.6033E+08  1.8393E+07
     1.117400
  6.1835E+09  4.7330E+10  1.2494E+11  1.1753E+11  4.9417E-05 -6.4434E-07  1.2721E+12 -5.7635E+09 -9.2443E+08  4.7153E+07
     1.123440
  1.5722E+10  1.2086E+11  3.1686E+11  2.9983E+11 -1.7064E-05 -3.5960E-06  3.2395E+12 -1.4728E+10 -2.3713E+09  1.2087E+08
     1.129480
  3.9984E+10  3.0864E+11  8.0380E+11  7.6495E+11  9.1916E-05  1.8606E-05  8.2510E+12 -3.7638E+10 -6.0820E+09  3.0982E+08
     1.135520
  1.0170E+11  7.8820E+11  2.0396E+12  1.9518E+12  2.0689E-04 -3.3240E-06  2.1018E+13 -9.6185E+10 -1.5598E+10  7.9405E+08
     1.141560
  2.5874E+11  2.0130E+12  5.1766E+12  4.9802E+12 -1.7619E-04  1.0661E-04  5.3547E+13 -2.4581E+11 -3.9996E+10  2.0349E+09
     1.147600
  6.5836E+11  5.1413E+12  1.3142E+13  1.2709E+13 -4.6656E-03  2.2650E-04  1.3644E+14 -6.2819E+11 -1.0255E+11  5.2143E+09
     1.153640
  1.6755E+12  1.3132E+13  3.3371E+13  3.2434E+13  2.6696E-02  3.1415E-04  3.4768E+14 -1.6055E+12 -2.6290E+11  1.3360E+10
     1.159680
  4.2648E+12  3.3541E+13  8.4757E+13  8.2779E+13  8.0490E-04 -5.8519E-04  8.8612E+14 -4.1031E+12 -6.7391E+11  3.4229E+10
     1.165720
  1.0857E+13  8.5675E+13  2.1532E+14  2.1129E+14 -2.8226E-02 -2.0654E-03  2.2587E+15 -1.0487E+13 -1.7273E+12  8.7684E+10
     1.171760
  2.7644E+13  2.1885E+14  5.4712E+14  5.3932E+14  3.3203E-02 -2.1853E-03  5.7578E+15 -2.6801E+13 -4.4268E+12  2.2460E+11
     1.177800
  7.0397E+13  5.5906E+14  1.3905E+15  1.3767E+15  2.3402E-01  4.2874E-03  1.4679E+16 -6.8499E+13 -1.1344E+13  5.7527E+11
     1.183840
  1.7930E+14  1.4282E+15  3.5347E+15  3.5146E+15 -2.5695E+00 -3.8504E-02  3.7429E+16 -1.7507E+14 -2.9067E+13  1.4733E+12
     1.189880
  4.5671E+14  3.6485E+15  8.9872E+15  8.9729E+15 -1.5146E-01  1.8195E-01  9.5445E+16 -4.4747E+14 -7.4470E+13  3.7729E+12
     1.195920
  1.1635E+15  9.3210E+15  2.2855E+16  2.2909E+16 -6.2770E+00 -5.7993E-02  2.4341E+17 -1.1437E+15 -1.9078E+14  9.6612E+12
     1.201960
  2.9646E+15  2.3814E+16  5.8131E+16  5.8494E+16  5.3110E+00 -6.6399E-01  6.2082E+17 -2.9232E+15 -4.8869E+14  2.4737E+13
     1.208000
  7.5545E+15  6.0841E+16  1.4788E+17  1.4936E+17  1.1640E+01  2.5718E+00  1.5835E+18 -7.4716E+15 -1.2517E+15  6.3336E+13
     1.214040
  1.9253E+16  1.5545E+17  3.7628E+17  3.8140E+17  1.5656E+01 -4.3568E+00  4.0395E+18 -1.9097E+16 -3.2058E+15  1.6215E+14
     1.220080
  4.9074E+16  3.9718E+17  9.5757E+17  9.7398E+17  3.0041E+02  6.6575E-01  1.0306E+19 -4.8813E+16 -8.2098E+15  4.1511E+14
     1.226120
  1.2510E+17  1.0148E+18  2.4373E+18  2.4873E+18 -2.3695E+03  5.3814E-03  2.6294E+19 -1.2477E+17 -2.1023E+16  1.0626E+15
     1.232160
  3.1893E+17  2.5931E+18  6.2045E+18  6.3524E+18 -3.2434E+03 -3.3473E+00  6.7091E+19 -3.1892E+17 -5.3833E+16  2.7201E+15
     1.238200
  8.1317E+17  6.6259E+18  1.5797E+19  1.6224E+19 -7.8756E+03  1.8674E+01  1.7120E+20 -8.1520E+17 -1.3783E+17  6.9626E+15
     1.244240
  2.0736E+18  1.6931E+19  4.0227E+19  4.1439E+19  1.4448E+03 -7.0651E+02  4.3690E+20 -2.0838E+18 -3.5290E+17  1.7821E+16
     1.250280
  5.2881E+18  4.3265E+19  1.0245E+20  1.0584E+20 -5.7914E+04 -1.8867E+03  1.1150E+21 -5.3264E+18 -9.0347E+17  4.5613E+16
     1.256320
  1.3487E+19  1.1056E+20  2.6096E+20  2.7036E+20  2.0117E+05  7.5284E+02  2.8460E+21 -1.3615E+19 -2.3129E+18  1.1674E+17
     1.262360
  3.4402E+19  2.8253E+20  6.6481E+20  6.9062E+20  2.8633E+04 -1.0981E+04  7.2644E+21 -3.4804E+19 -5.9208E+18  2.9877E+17
     1.268400
  8.7757E+19  7.2201E+20  1.6938E+21  1.7642E+21  3.8541E+05  1.0061E+04  1.8544E+22 -8.8966E+19 -1.5156E+19  7.6459E+17
     1.274440
  2.2388E+20  1.8451E+21  4.3163E+21  4.5068E+21 -7.0464E+05  4.2034E+03  4.7338E+22 -2.2742E+20 -3.8794E+19  1.9566E+18
     1.280480
  5.7120E+20  4.7155E+21  1.1000E+22  1.1513E+22  1.4460E+06 -1.0369E+05  1.2085E+23 -5.8135E+20 -9.9295E+19  5.0069E+18
     1.286520
  1.4575E+21  1.2051E+22  2.8037E+22  2.9414E+22 -2.0131E+04  2.0535E+05  3.0855E+23 -1.4861E+21 -2.5414E+20  1.2812E+19
     1.292560
  3.7191E+21  3.0799E+22  7.1469E+22  7.5148E+22  3.4415E+07 -2.4155E+06  7.8782E+23 -3.7989E+21 -6.5042E+20  3.2783E+19
     1.298600
  9.4910E+21  7.8713E+22  1.8220E+23  1.9200E+23  1.2299E+08  3.9141E+05  2.0116E+24 -9.7112E+21 -1.6646E+21  8.3882E+19
     1.304640
  2.4222E+22  2.0117E+23  4.6456E+23  4.9055E+23  2.5436E+08 -7.1147E+06  5.1367E+24 -2.4825E+22 -4.2598E+21  2.1462E+20
     1.310680
  6.1823E+22  5.1416E+23  1.1846E+24  1.2534E+24  4.3038E+08 -2.1225E+07  1.3117E+25 -6.3461E+22 -1.0901E+22  5.4911E+20
     1.316720
  1.5780E+23  1.3141E+24  3.0209E+24  3.2025E+24 -3.1233E+08  2.1999E+07  3.3498E+25 -1.6223E+23 -2.7894E+22  1.4049E+21
     1.322760
  4.0281E+23  3.3587E+24  7.7046E+24  8.1831E+24 -1.1726E+09  1.0104E+08  8.5551E+25 -4.1472E+23 -7.1377E+22  3.5942E+21
     1.328800
  1.0283E+24  8.5846E+24  1.9652E+25  2.0910E+25  1.3989E+10  2.6618E+08  2.1850E+26 -1.0602E+24 -1.8263E+23  9.1949E+21
     1.334840
  2.6252E+24  2.1942E+25  5.0129E+25  5.3431E+25 -4.2405E+09  4.8834E+08  5.5806E+26 -2.7103E+24 -4.6729E+23  2.3523E+22
     1.340880
  6.7024E+24  5.6082E+25  1.2789E+26  1.3653E+26  5.0902E+10 -1.1405E+09  1.4254E+27 -6.9286E+24 -1.1956E+24  6.0175E+22
     1.346920
  1.7113E+25  1.4335E+26  3.2628E+26  3.4890E+26  1.2316E+10  2.1400E+08  3.6409E+27 -1.7712E+25 -3.0589E+24  1.5393E+23
     1.352960
  4.3695E+25  3.6640E+26  8.3250E+26  8.9160E+26  3.6328E+11 -5.1632E+09  9.3002E+27 -4.5281E+25 -7.8259E+24  3.9377E+23
     1.359000
  1.1158E+26  9.3654E+26  2.1243E+27  2.2785E+27  1.6197E+10 -4.7828E+09  2.3757E+28 -1.1576E+26 -2.0021E+25  1.0073E+24
     1.365040
  2.8492E+26  2.3939E+27  5.4211E+27  5.8228E+27 -6.4602E+11  6.7175E+10  6.0689E+28 -2.9593E+26 -5.1220E+25  2.5766E+24
     1.371080
  7.2762E+26  6.1190E+27  1.3835E+28  1.4881E+28 -1.2140E+13  8.8674E+10  1.5504E+29 -7.5654E+26 -1.3103E+26  6.5906E+24
     1.377120
  1.8582E+27  1.5641E+28  3.5311E+28  3.8030E+28  2.3448E+13 -7.2790E+11  3.9609E+29 -1.9341E+27 -3.3520E+26  1.6858E+25
     1.383160
  4.7459E+27  3.9981E+28  9.0129E+28  9.7193E+28  2.7031E+13  1.9626E+12  1.0119E+30 -4.9444E+27 -8.5748E+26  4.3119E+25
     1.389200
  5.3759E-02  4.5326E-01  1.0204E+00  1.1017E+00  3.9852E-16  7.0112E-18  1.1466E+01 -5.6062E-02 -9.7282E-03  4.8915E-04
     1.395240
  1.3731E-01  1.1586E+00  2.6047E+00  2.8156E+00  3.9527E-17 -2.7126E-17  2.9296E+01 -1.4332E-01 -2.4885E-02  1.2511E-03
     1.401280
  3.5073E-01  2.9617E+00  6.6497E+00  7.1962E+00 -1.3780E-16  3.1336E-17  7.4852E+01 -3.6641E-01 -6.3654E-02  3.1999E-03
     1.407320
  8.9590E-01  7.5708E+00  1.6977E+01  1.8392E+01 -6.5659E-15  5.3372E-16  1.9125E+02 -9.3673E-01 -1.6282E-01  8.1844E-03
     1.413360
  2.2885E+00  1.9353E+01  4.3346E+01  4.7009E+01  1.7966E-14 -8.3278E-16  4.8869E+02 -2.3948E+00 -4.1647E-01  2.0932E-02
     1.419400
  5.8462E+00  4.9472E+01  1.1068E+02  1.2015E+02  5.3695E-14 -1.3869E-15  1.2487E+03 -6.1224E+00 -1.0652E+00  5.3536E-02
     1.425440
  1.4935E+01  1.2646E+02  2.8261E+02  3.0710E+02 -1.1488E-13 -1.7545E-15  3.1908E+03 -1.5652E+01 -2.7246E+00  1.3692E-01
     1.431480
  3.8155E+01  3.2328E+02  7.2168E+02  7.8494E+02 -2.2824E-13 -1.1888E-14  8.1535E+03 -4.0016E+01 -6.9689E+00  3.5018E-01
     1.437520
  9.7478E+01  8.2642E+02  1.8430E+03  2.0063E+03  2.8896E-13  1.5982E-14  2.0835E+04 -1.0230E+02 -1.7824E+01  8.9557E-01
     1.443560
  2.4904E+02  2.1126E+03  4.7066E+03  5.1282E+03  1.7734E-12  2.4534E-14  5.3244E+04 -2.6154E+02 -4.5588E+01  2.2904E+00
     1.449600
  6.3629E+02  5.4006E+03  1.2021E+04  1.3108E+04 -9.6706E-12  5.1970E-15  1.3606E+05 -6.6865E+02 -1.1659E+02  5.8575E+00
     1.455640
  1.6257E+03  1.3806E+04  3.0701E+04  3.3505E+04  3.6378E-12 -1.4272E-13  3.4772E+05 -1.7095E+03 -2.9820E+02  1.4980E+01
     1.461680
  4.1539E+03  3.5293E+04  7.8416E+04  8.5643E+04  1.1143E-15  4.5703E-13  8.8863E+05 -4.3704E+03 -7.6265E+02  3.8309E+01
     1.467720
  1.0614E+04  9.0224E+04  2.0029E+05  2.1891E+05  2.3528E-11 -5.0484E-13  2.2710E+06 -1.1173E+04 -1.9505E+03  9.7968E+01
     1.473760
  2.7121E+04  2.3065E+05  5.1162E+05  5.5958E+05 -4.8023E-11  1.0927E-12  5.8039E+06 -2.8566E+04 -4.9883E+03  2.5053E+02
     1.479800
  6.9301E+04  5.8964E+05  1.3069E+06  1.4304E+06  2.6422E-12  1.4205E-12  1.4833E+07 -7.3031E+04 -1.2757E+04  6.4069E+02
     1.485840
  1.7709E+05  1.5074E+06  3.3386E+06  3.6564E+06 -9.8181E-10 -2.8143E-11  3.7910E+07 -1.8671E+05 -3.2625E+04  1.6384E+03
     1.491880
  4.5252E+05  3.8535E+06  8.5288E+06  9.3465E+06 -5.1593E-09 -9.1679E-11  9.6891E+07 -4.7735E+05 -8.3435E+04  4.1898E+03
     1.497920
  1.1564E+06  9.8514E+06  2.1788E+07  2.3892E+07 -3.3463E-09  2.3300E-10  2.4764E+08 -1.2204E+06 -2.1337E+05  1.0714E+04
     1.500000
  1.5974E+06  1.3611E+07  3.0096E+07  3.3008E+07  2.0298E-08 -7.3589E-11  3.4210E+08 -1.6861E+06 -2.9483E+05  1.4804E+04
