     0.000000
  8.9231E-04  3.9230E-36  5.5072E-11  5.2112E-04  0.0000E+00  0.0000E+00  0.0000E+00  0.0000E+00  0.0000E+00  0.0000E+00
     0.002680
  6.2273E-04  3.8295E-06  3.3148E-04  4.5471E-04  5.2472E-19 -1.5824E-21  4.4838E-03 -4.1895E-06  1.0642E-08  9.1310E-12
     0.005360
  4.9288E-04  1.4903E-05  5.9605E-04  4.7164E-04 -1.6156E-20 -4.6469E-22  8.7970E-03 -7.2864E-06  1.7619E-08  1.5494E-11
     0.008040
  4.4255E-04  3.0386E-05  9.4445E-04  5.8224E-04 -3.2401E-19 -2.5505E-23  1.4056E-02 -9.6738E-06  1.9239E-08  1.9125E-11
     0.010720
  4.3549E-04  5.4044E-05  1.4015E-03  7.7341E-04 -6.3143E-19  1.0117E-21  2.1763E-02 -1.1260E-05  1.6600E-08  1.9173E-11
     0.013400
  4.6304E-04  9.9125E-05  1.9606E-03  1.0741E-03  1.1697E-18 -2.7133E-22  3.1871E-02 -1.2619E-05  1.3969E-08  1.8882E-11
     0.016080
  5.2195E-04  1.7390E-04  2.5182E-03  1.5029E-03  4.7813E-19 -7.5589E-22  4.2448E-02 -1.7456E-05  1.3458E-08  2.1538E-11
     0.018760
  6.1116E-04  2.6928E-04  2.9688E-03  2.0218E-03 -1.8751E-19  1.2543E-21  5.2252E-02 -3.3524E-05  1.4807E-08  2.7862E-11
     0.021440
  7.3019E-04  3.5732E-04  3.3818E-03  2.5848E-03 -1.0941E-17  2.8629E-21  6.4383E-02 -6.7137E-05  1.6891E-08  3.6173E-11
     0.024120
  8.7728E-04  4.2133E-04  4.1539E-03  3.2167E-03 -7.3594E-18  4.4208E-21  8.4898E-02 -1.1401E-04  1.8962E-08  4.1833E-11
     0.026800
  1.0569E-03  4.8137E-04  5.6078E-03  4.0515E-03  3.5816E-18  6.3226E-21  1.1587E-01 -1.6054E-04  2.3941E-08  4.4718E-11
     0.029480
  1.2543E-03  5.8601E-04  7.6944E-03  5.1890E-03 -1.1255E-17 -7.4472E-21  1.5191E-01 -1.9562E-04  2.2355E-08  4.6465E-11
     0.032160
  1.4780E-03  7.6981E-04  9.9899E-03  6.5849E-03 -2.3199E-17  8.2113E-21  1.8524E-01 -2.2073E-04  3.0562E-08  4.4327E-11
     0.034840
  1.7491E-03  1.0307E-03  1.2081E-02  8.0783E-03 -1.7820E-17  1.1001E-20  2.1411E-01 -2.4950E-04  4.8458E-08  3.8182E-11
     0.037520
  2.0722E-03  1.3388E-03  1.3975E-02  9.5971E-03 -1.0807E-17  1.4055E-20  2.4576E-01 -2.9786E-04  6.2651E-09  4.0463E-11
     0.040200
  2.4605E-03  1.6536E-03  1.6114E-02  1.1284E-02 -1.8176E-17  2.2000E-20  2.9196E-01 -3.7459E-04  6.4457E-08  2.9249E-11
     0.042880
  2.9449E-03  1.9573E-03  1.9100E-02  1.3466E-02 -6.0459E-18  1.5276E-20  3.6130E-01 -4.7788E-04  3.8628E-08  2.5131E-11
     0.045560
  3.5446E-03  2.2725E-03  2.3422E-02  1.6478E-02 -3.3923E-18 -1.4276E-21  4.5542E-01 -5.9913E-04 -4.4996E-08  4.7301E-11
     0.048240
  4.2679E-03  2.6445E-03  2.9267E-02  2.0476E-02  1.4820E-17  1.4470E-20  5.6905E-01 -7.3155E-04  1.4326E-07 -1.5161E-11
     0.050920
  5.1421E-03  3.1574E-03  3.6579E-02  2.5389E-02 -7.9478E-17  3.3182E-20  6.9810E-01 -8.7654E-04  5.5344E-08  2.7162E-12
     0.053600
  6.2161E-03  3.8608E-03  4.5153E-02  3.1114E-02  5.4016E-17 -3.3773E-21  8.4319E-01 -1.0455E-03 -1.5349E-07  6.1477E-11
     0.056280
  7.5272E-03  4.8135E-03  5.5149E-02  3.7686E-02  9.6189E-17  8.0192E-20  1.0168E+00 -1.2580E-03 -4.1189E-08  3.5463E-11
     0.058960
  9.1448E-03  5.9912E-03  6.6860E-02  4.5490E-02 -2.4114E-16  4.7032E-20  1.2312E+00 -1.5357E-03  1.5526E-07  5.3127E-11
     0.061640
  1.1125E-02  7.3963E-03  8.1009E-02  5.5183E-02  3.6910E-17 -5.4003E-20  1.5079E+00 -1.8905E-03  6.1016E-08  2.5833E-11
     0.064320
  1.3552E-02  9.0405E-03  9.8625E-02  6.7442E-02 -3.3335E-16 -1.6621E-19  1.8548E+00 -2.3397E-03 -1.3337E-07 -5.1713E-11
     0.067000
  1.6539E-02  1.0927E-02  1.2056E-01  8.2930E-02  1.0029E-16 -3.1311E-20  2.2828E+00 -2.8818E-03 -1.4366E-07 -4.6385E-11
     0.069680
  2.0183E-02  1.3210E-02  1.4792E-01  1.0209E-01  1.4883E-16  7.9804E-20  2.8039E+00 -3.5253E-03 -1.2261E-08 -3.7986E-13
     0.072360
  2.4631E-02  1.6074E-02  1.8177E-01  1.2526E-01  1.4785E-16  1.2981E-19  3.4307E+00 -4.3035E-03  1.0322E-07 -3.4068E-12
     0.075040
  3.0101E-02  1.9653E-02  2.2298E-01  1.5328E-01  2.9967E-18 -1.1171E-19  4.1874E+00 -5.2406E-03  1.2397E-07 -4.6909E-11
     0.077720
  3.6823E-02  2.4112E-02  2.7297E-01  1.8713E-01 -1.7405E-16  7.1485E-19  5.1128E+00 -6.3864E-03  5.2776E-08 -9.6261E-11
     0.080400
  4.5018E-02  2.9703E-02  3.3387E-01  2.2835E-01 -4.4430E-17  1.1934E-19  6.2562E+00 -7.8164E-03 -3.8949E-08 -6.9366E-11
     0.083080
  5.5055E-02  3.6547E-02  4.0809E-01  2.7916E-01  2.8211E-16  2.0173E-20  7.6554E+00 -9.5906E-03 -9.6956E-08 -6.9522E-11
     0.085760
  6.7396E-02  4.4741E-02  4.9876E-01  3.4175E-01 -2.9073E-16 -5.0645E-20  9.3740E+00 -1.1755E-02 -5.1237E-08  9.0625E-11
     0.088440
  8.2508E-02  5.4597E-02  6.1006E-01  4.1871E-01 -2.7253E-16  7.1795E-20  1.1487E+01 -1.4394E-02 -7.5664E-08 -1.0630E-10
     0.091120
  1.0091E-01  6.6692E-02  7.4701E-01  5.1317E-01  8.2597E-16  4.5901E-19  1.4078E+01 -1.7628E-02  3.4718E-08  2.8565E-10
     0.093800
  1.2345E-01  8.1515E-02  9.1507E-01  6.2859E-01 -2.5696E-16 -1.2429E-18  1.7223E+01 -2.1593E-02 -3.8096E-07 -9.3297E-10
     0.096480
  1.5111E-01  9.9649E-02  1.1206E+00  7.6922E-01  2.1129E-15  1.1511E-18  2.1071E+01 -2.6418E-02  2.8887E-07  8.2320E-10
     0.099160
  1.8493E-01  1.2200E-01  1.3720E+00  9.4098E-01  1.6066E-15  1.4063E-18  2.5787E+01 -3.2311E-02 -1.9198E-07  2.7266E-10
     0.101840
  2.2630E-01  1.4950E-01  1.6792E+00  1.1513E+00  1.2386E-15 -7.3754E-19  3.1560E+01 -3.9528E-02 -6.3266E-07 -2.8576E-09
     0.104520
  2.7690E-01  1.8327E-01  2.0547E+00  1.4088E+00 -7.6052E-15  1.4347E-19  3.8623E+01 -4.8378E-02  1.2973E-06  4.6731E-09
     0.107200
  3.3891E-01  2.2446E-01  2.5140E+00  1.7240E+00  9.7639E-16  7.3911E-19  4.7257E+01 -5.9212E-02 -1.8223E-06 -4.2254E-09
     0.109880
  4.1482E-01  2.7468E-01  3.0761E+00  2.1102E+00 -3.6347E-15 -1.2184E-18  5.7852E+01 -7.2458E-02  8.3343E-08 -1.5087E-09
     0.112560
  5.0773E-01  3.3592E-01  3.7645E+00  2.5835E+00  1.5801E-14  3.0525E-18  7.0816E+01 -8.8701E-02  3.1151E-06  7.7637E-09
     0.115240
  6.2140E-01  4.1090E-01  4.6084E+00  3.1627E+00  1.3207E-14  3.3437E-18  8.6690E+01 -1.0861E-01 -2.5316E-06 -1.0172E-09
     0.117920
  7.6059E-01  5.0271E-01  5.6418E+00  3.8710E+00 -8.7984E-15 -7.6268E-19  1.0611E+02 -1.3300E-01 -2.6174E-06 -1.1106E-08
     0.120600
  9.3086E-01  6.1543E-01  6.9070E+00  4.7376E+00  1.2246E-14  8.0300E-19  1.2988E+02 -1.6279E-01  4.4972E-06  7.6998E-09
     0.123280
  1.1393E+00  7.5338E-01  8.4540E+00  5.7984E+00 -6.9632E-15 -9.0737E-18  1.5896E+02 -1.9917E-01  2.0130E-06  4.8804E-09
     0.125960
  1.3945E+00  9.2227E-01  1.0346E+01  7.0973E+00  3.9179E-14 -1.1843E-18  1.9456E+02 -2.4366E-01  2.5189E-07  1.9072E-08
     0.128640
  1.7067E+00  1.1291E+00  1.2663E+01  8.6867E+00 -1.6241E-14  2.0737E-18  2.3812E+02 -2.9823E-01 -2.3484E-05 -6.5264E-08
     0.131320
  2.0889E+00  1.3822E+00  1.5497E+01  1.0632E+01  3.2813E-14 -1.0322E-17  2.9139E+02 -3.6511E-01  3.6783E-05  5.0662E-08
     0.134000
  2.5568E+00  1.6915E+00  1.8966E+01  1.3011E+01  7.3051E-15  8.0131E-18  3.5665E+02 -4.4692E-01 -1.8074E-05 -2.1823E-09
     0.136680
  3.1294E+00  2.0702E+00  2.3214E+01  1.5925E+01 -4.2295E-14 -2.6096E-18  4.3656E+02 -5.4706E-01  1.0383E-05  1.9091E-08
     0.139360
  3.8303E+00  2.5333E+00  2.8414E+01  1.9492E+01 -4.3412E-14  3.2843E-18  5.3437E+02 -6.6952E-01 -1.8118E-05  1.2128E-08
     0.142040
  4.6879E+00  3.1008E+00  3.4781E+01  2.3859E+01  3.0263E-14 -4.4191E-18  6.5413E+02 -8.1944E-01 -4.3056E-05 -1.8230E-07
     0.144720
  5.7379E+00  3.7952E+00  4.2572E+01  2.9205E+01 -3.1745E-14 -4.8929E-17  8.0056E+02 -1.0030E+00  1.2472E-04  1.5255E-07
     0.147400
  7.0232E+00  4.6446E+00  5.2102E+01  3.5746E+01  4.2681E-14  3.1658E-17  9.7983E+02 -1.2275E+00 -4.2786E-05  1.8368E-07
     0.150080
  8.5957E+00  5.6855E+00  6.3773E+01  4.3750E+01 -9.6634E-14 -7.4958E-17  1.1993E+03 -1.5026E+00 -1.4072E-04 -3.0473E-07
     0.152760
  1.0521E+01  6.9596E+00  7.8058E+01  5.3546E+01  8.4030E-14 -6.5294E-17  1.4677E+03 -1.8391E+00  2.3545E-04  2.9110E-07
     0.155440
  1.2878E+01  8.5178E+00  9.5533E+01  6.5536E+01  8.3781E-14 -1.1282E-17  1.7965E+03 -2.2507E+00 -3.0306E-04 -5.2408E-07
     0.158120
  1.5760E+01  1.0427E+01  1.1693E+02  8.0211E+01  2.3376E-13 -1.3816E-16  2.1989E+03 -2.7550E+00  2.3835E-04  1.4116E-07
     0.160800
  1.9291E+01  1.2761E+01  1.4311E+02  9.8176E+01  3.9248E-13 -1.2998E-16  2.6912E+03 -3.3720E+00  2.0917E-04  8.5178E-07
     0.163480
  2.3612E+01  1.5616E+01  1.7516E+02  1.2017E+02 -2.1146E-13  8.7611E-17  3.2942E+03 -4.1270E+00 -4.7211E-04 -4.0682E-07
     0.166160
  2.8899E+01  1.9115E+01  2.1441E+02  1.4709E+02 -5.2238E-13  2.3520E-16  4.0322E+03 -5.0516E+00 -6.7261E-05 -1.0444E-06
     0.168840
  3.5371E+01  2.3397E+01  2.6243E+02  1.8003E+02  2.4616E-13  2.2403E-16  4.9348E+03 -6.1832E+00  6.3807E-04  1.0372E-06
     0.171520
  4.3294E+01  2.8635E+01  3.2119E+02  2.2034E+02 -3.0869E-13 -2.0350E-16  6.0400E+03 -7.5673E+00 -4.5380E-04 -1.8333E-07
     0.174200
  5.2989E+01  3.5050E+01  3.9312E+02  2.6969E+02  3.3561E-13 -8.6256E-16  7.3928E+03 -9.2619E+00 -8.8046E-05 -3.2608E-07
     0.176880
  6.4856E+01  4.2902E+01  4.8117E+02  3.3008E+02 -9.3892E-13 -1.1137E-16  9.0483E+03 -1.1337E+01  4.0163E-04  5.2611E-07
     0.179560
  7.9382E+01  5.2508E+01  5.8892E+02  4.0400E+02  2.0564E-13  2.2927E-16  1.1075E+04 -1.3875E+01 -4.9400E-05  3.9128E-07
     0.182240
  9.7160E+01  6.4266E+01  7.2081E+02  4.9449E+02 -1.5098E-12 -1.2005E-15  1.3555E+04 -1.6983E+01 -6.2255E-04 -1.1346E-06
     0.184920
  1.1892E+02  7.8661E+01  8.8225E+02  6.0524E+02  3.0517E-14  3.0146E-16  1.6591E+04 -2.0787E+01  1.9865E-04 -7.5116E-07
     0.187600
  1.4555E+02  9.6278E+01  1.0798E+03  7.4079E+02 -6.2040E-15 -7.0946E-16  2.0307E+04 -2.5443E+01  8.6314E-04  1.5613E-06
     0.190280
  1.7815E+02  1.1784E+02  1.3217E+03  9.0669E+02  8.6183E-13  4.5645E-16  2.4854E+04 -3.1140E+01 -5.0926E-04  1.0247E-07
     0.192960
  2.1805E+02  1.4423E+02  1.6177E+03  1.1097E+03  1.5686E-13 -1.5617E-15  3.0421E+04 -3.8112E+01 -3.7287E-04 -3.8300E-07
     0.195640
  2.6688E+02  1.7653E+02  1.9800E+03  1.3583E+03 -5.0814E-13  5.7577E-16  3.7234E+04 -4.6649E+01  1.7488E-04  7.2684E-08
     0.198320
  3.2665E+02  2.1607E+02  2.4234E+03  1.6625E+03  4.2201E-12  1.6545E-15  4.5573E+04 -5.7097E+01  2.4670E-04 -2.6788E-07
     0.201000
  3.9981E+02  2.6446E+02  2.9662E+03  2.0348E+03  1.1989E-12  1.6542E-16  5.5780E+04 -6.9885E+01  1.9263E-04  7.9893E-07
     0.203680
  4.8935E+02  3.2368E+02  3.6304E+03  2.4905E+03  5.2126E-12  3.0471E-16  6.8272E+04 -8.5537E+01 -7.4909E-04 -5.6175E-07
     0.206360
  5.9894E+02  3.9618E+02  4.4435E+03  3.0483E+03  1.1788E-13  1.3478E-15  8.3562E+04 -1.0469E+02 -1.3804E-04 -1.4381E-06
     0.209040
  7.3308E+02  4.8490E+02  5.4387E+03  3.7310E+03 -4.2022E-12 -2.2576E-16  1.0228E+05 -1.2814E+02  1.3346E-03  2.2712E-06
     0.211720
  8.9726E+02  5.9350E+02  6.6567E+03  4.5666E+03 -9.3024E-12 -6.6667E-15  1.2518E+05 -1.5684E+02 -9.2869E-05  2.6633E-06
     0.214400
  1.0982E+03  7.2641E+02  8.1475E+03  5.5893E+03  1.3490E-11 -4.2853E-15  1.5322E+05 -1.9196E+02 -1.7106E-03 -3.3975E-06
     0.217080
  1.3442E+03  8.8911E+02  9.9723E+03  6.8410E+03  1.6280E-12  1.0264E-15  1.8753E+05 -2.3495E+02  7.9411E-04 -1.4831E-06
     0.219760
  1.6452E+03  1.0882E+03  1.2206E+04  8.3731E+03  1.3353E-11 -1.0949E-14  2.2953E+05 -2.8757E+02  5.2915E-04  2.6667E-06
     0.222440
  2.0137E+03  1.3319E+03  1.4939E+04  1.0248E+04 -2.1497E-12 -2.0294E-14  2.8094E+05 -3.5198E+02 -9.8501E-04 -7.3043E-07
     0.225120
  2.4646E+03  1.6302E+03  1.8285E+04  1.2544E+04  4.2292E-11 -3.0684E-14  3.4385E+05 -4.3081E+02  9.9806E-04 -5.9579E-07
     0.227800
  3.0166E+03  1.9954E+03  2.2380E+04  1.5353E+04 -1.8059E-11  1.5853E-14  4.2086E+05 -5.2729E+02  6.9046E-04  1.6621E-06
     0.230480
  3.6922E+03  2.4422E+03  2.7392E+04  1.8791E+04 -3.4162E-11  4.5775E-14  5.1511E+05 -6.4538E+02 -1.3697E-03  6.8142E-07
     0.233160
  4.5191E+03  2.9892E+03  3.3527E+04  2.3000E+04  2.3172E-11  6.5590E-15  6.3048E+05 -7.8991E+02 -9.3003E-04 -6.5593E-07
     0.235840
  5.5312E+03  3.6586E+03  4.1035E+04  2.8151E+04 -5.4307E-11  6.3113E-14  7.7168E+05 -9.6682E+02  8.1303E-04 -1.1442E-06
     0.238520
  6.7699E+03  4.4780E+03  5.0226E+04  3.4455E+04  2.5948E-11  5.6048E-14  9.4451E+05 -1.1834E+03  1.7289E-03  6.1109E-07
     0.241200
  8.2861E+03  5.4809E+03  6.1474E+04  4.2172E+04  1.1631E-10  9.6480E-15  1.1560E+06 -1.4484E+03 -1.0642E-03  6.0469E-07
     0.243880
  1.0142E+04  6.7084E+03  7.5242E+04  5.1617E+04  1.4559E-10  1.1130E-14  1.4149E+06 -1.7728E+03 -4.8025E-03 -8.6955E-06
     0.246560
  1.2413E+04  8.2108E+03  9.2093E+04  6.3177E+04 -1.4963E-10 -1.0867E-13  1.7318E+06 -2.1698E+03  1.1739E-03 -9.7095E-06
     0.249240
  1.5193E+04  1.0050E+04  1.1272E+05  7.7325E+04  3.5598E-11  8.9641E-15  2.1197E+06 -2.6557E+03  1.0308E-02  1.0250E-05
     0.251920
  1.8596E+04  1.2300E+04  1.3796E+05  9.4643E+04  2.2306E-10 -4.4910E-14  2.5944E+06 -3.2505E+03  1.2318E-03  2.2332E-05
     0.254600
  2.2761E+04  1.5055E+04  1.6886E+05  1.1584E+05  2.6512E-10 -2.7969E-13  3.1754E+06 -3.9784E+03 -1.1786E-02  6.9714E-07
     0.257280
  2.7858E+04  1.8427E+04  2.0668E+05  1.4178E+05 -7.6324E-11  9.6139E-14  3.8866E+06 -4.8694E+03 -5.4763E-03 -2.0917E-05
     0.259960
  3.4097E+04  2.2554E+04  2.5296E+05  1.7354E+05  1.6474E-10 -1.6868E-13  4.7571E+06 -5.9600E+03  5.5688E-03 -1.7574E-05
     0.262640
  4.1733E+04  2.7605E+04  3.0962E+05  2.1240E+05  4.3132E-10 -9.8698E-14  5.8224E+06 -7.2948E+03  9.9254E-03  1.1433E-05
     0.265320
  5.1080E+04  3.3787E+04  3.7896E+05  2.5997E+05  2.1190E-10 -6.0390E-13  7.1264E+06 -8.9285E+03  1.6102E-03  2.1598E-05
     0.268000
  6.2519E+04  4.1354E+04  4.6383E+05  3.1819E+05 -7.0100E-10 -5.8833E-13  8.7224E+06 -1.0928E+04 -5.1972E-03  1.0484E-05
     0.270680
  7.6521E+04  5.0616E+04  5.6771E+05  3.8945E+05  3.6158E-11 -3.8212E-13  1.0676E+07 -1.3376E+04 -8.4410E-03 -9.2571E-06
     0.273360
  9.3659E+04  6.1951E+04  6.9485E+05  4.7667E+05  1.4159E-09  6.1841E-13  1.3067E+07 -1.6371E+04 -7.4657E-03 -3.2534E-05
     0.276040
  1.1463E+05  7.5826E+04  8.5047E+05  5.8343E+05  2.6252E-10 -7.2308E-13  1.5993E+07 -2.0038E+04  5.6919E-03 -2.6221E-05
     0.278720
  1.4031E+05  9.2808E+04  1.0409E+06  7.1409E+05  6.2014E-10 -1.6604E-12  1.9575E+07 -2.4525E+04  1.4503E-02  5.7493E-07
     0.281400
  1.7173E+05  1.1359E+05  1.2741E+06  8.7402E+05  2.1176E-09 -1.1903E-12  2.3959E+07 -3.0018E+04  1.2484E-02  3.7472E-05
     0.284080
  2.1019E+05  1.3903E+05  1.5594E+06  1.0698E+06 -1.9574E-09 -1.6678E-12  2.9325E+07 -3.6741E+04 -1.1777E-02  2.6192E-05
     0.286760
  2.5727E+05  1.7017E+05  1.9086E+06  1.3093E+06  2.6181E-09  1.0866E-12  3.5893E+07 -4.4969E+04 -2.0300E-02 -1.5109E-05
     0.289440
  3.1488E+05  2.0828E+05  2.3361E+06  1.6026E+06 -2.7495E-12 -5.1832E-13  4.3931E+07 -5.5040E+04  7.3552E-03 -6.8721E-06
     0.292120
  3.8540E+05  2.5493E+05  2.8593E+06  1.9615E+06  1.9993E-09  4.3955E-13  5.3770E+07 -6.7367E+04  2.4511E-02  3.6219E-05
     0.294800
  4.7172E+05  3.1202E+05  3.4996E+06  2.4008E+06  2.9284E-09 -1.1013E-12  6.5812E+07 -8.2454E+04  9.5211E-04  4.9789E-05
     0.297480
  5.7736E+05  3.8190E+05  4.2834E+06  2.9385E+06  5.7596E-09  1.5923E-12  8.0551E+07 -1.0092E+05 -2.7236E-02  5.0256E-06
     0.300160
  7.0667E+05  4.6743E+05  5.2427E+06  3.5966E+06  1.6584E-09  8.4926E-12  9.8591E+07 -1.2352E+05 -2.4951E-02 -6.3708E-05
     0.302840
  8.6493E+05  5.7212E+05  6.4169E+06  4.4020E+06 -9.8055E-10  1.3871E-12  1.2067E+08 -1.5119E+05  3.4674E-03 -9.0583E-05
     0.305520
  1.0586E+06  7.0025E+05  7.8540E+06  5.3879E+06 -2.0844E-08 -1.4263E-12  1.4770E+08 -1.8505E+05  2.3718E-02 -5.2379E-05
     0.308200
  1.2957E+06  8.5707E+05  9.6129E+06  6.5946E+06 -1.8789E-08  6.1357E-12  1.8077E+08 -2.2649E+05  2.2630E-02  1.6347E-05
     0.310880
  1.5859E+06  1.0490E+06  1.1766E+07  8.0715E+06 -1.8366E-08 -1.6993E-11  2.2126E+08 -2.7721E+05  9.6951E-03  7.9209E-05
     0.313560
  1.9411E+06  1.2840E+06  1.4401E+07  9.8791E+06 -5.0808E-09  3.3430E-11  2.7081E+08 -3.3930E+05 -1.6880E-02  6.8956E-05
     0.316240
  2.3758E+06  1.5715E+06  1.7626E+07  1.2092E+07 -1.7915E-08 -2.2789E-11  3.3146E+08 -4.1528E+05 -2.0834E-02 -2.7830E-06
     0.318920
  2.9079E+06  1.9235E+06  2.1574E+07  1.4800E+07 -1.3063E-08 -1.5170E-11  4.0570E+08 -5.0829E+05  6.2415E-03 -1.9466E-05
     0.321600
  3.5592E+06  2.3542E+06  2.6405E+07  1.8114E+07  1.8720E-08 -5.0003E-12  4.9656E+08 -6.2213E+05  6.6460E-03 -6.3986E-06
     0.324280
  4.3563E+06  2.8815E+06  3.2319E+07  2.2171E+07 -1.7394E-08 -2.2147E-11  6.0777E+08 -7.6146E+05  4.8557E-03  1.8434E-05
     0.326960
  5.3319E+06  3.5268E+06  3.9557E+07  2.7136E+07 -2.3689E-08  4.4269E-11  7.4388E+08 -9.3199E+05  8.5906E-03  3.6370E-05
     0.329640
  6.5260E+06  4.3167E+06  4.8416E+07  3.3214E+07 -1.4512E-08 -3.9364E-11  9.1048E+08 -1.1407E+06 -3.7470E-03  2.4556E-05
     0.332320
  7.9875E+06  5.2834E+06  5.9259E+07  4.0652E+07 -5.6321E-08 -1.7656E-11  1.1144E+09 -1.3962E+06 -3.0586E-02 -6.4966E-05
     0.335000
  9.7764E+06  6.4667E+06  7.2531E+07  4.9757E+07  1.7347E-07 -1.1550E-11  1.3640E+09 -1.7089E+06 -2.7013E-02 -1.4128E-04
     0.337680
  1.1966E+07  7.9150E+06  8.8775E+07  6.0900E+07  6.6149E-08  3.5618E-11  1.6694E+09 -2.0916E+06 -4.1484E-03 -1.8866E-04
     0.340360
  1.4646E+07  9.6876E+06  1.0866E+08  7.4539E+07 -1.5469E-07 -1.7438E-10  2.0433E+09 -2.5600E+06  5.7960E-02 -5.9870E-05
     0.343040
  1.7926E+07  1.1857E+07  1.3299E+08  9.1233E+07  5.1909E-08  5.4308E-11  2.5009E+09 -3.1334E+06  6.8548E-02  1.4390E-04
     0.345720
  2.1940E+07  1.4513E+07  1.6278E+08  1.1167E+08 -2.0632E-07 -2.7682E-10  3.0610E+09 -3.8351E+06  1.8116E-02  2.6422E-04
     0.348400
  2.6854E+07  1.7763E+07  1.9923E+08  1.3667E+08 -3.3878E-07 -5.9405E-11  3.7466E+09 -4.6940E+06 -3.1154E-02  2.4661E-04
     0.351080
  3.2868E+07  2.1741E+07  2.4385E+08  1.6728E+08 -2.7148E-07  1.6335E-10  4.5857E+09 -5.7453E+06 -8.2935E-02 -1.1174E-05
     0.353760
  4.0230E+07  2.6610E+07  2.9846E+08  2.0475E+08  5.1055E-07 -2.5024E-11  5.6127E+09 -7.0320E+06 -6.7229E-02 -2.7548E-04
     0.356440
  4.9239E+07  3.2570E+07  3.6530E+08  2.5060E+08 -1.2911E-07  2.0630E-10  6.8697E+09 -8.6068E+06  4.1260E-02 -2.4309E-04
     0.359120
  6.0267E+07  3.9864E+07  4.4712E+08  3.0673E+08 -1.0882E-06  5.4907E-10  8.4082E+09 -1.0534E+07  6.0759E-02 -1.0264E-04
     0.361800
  7.3764E+07  4.8792E+07  5.4725E+08  3.7542E+08 -4.2093E-07  1.3531E-09  1.0291E+10 -1.2894E+07  2.3496E-02  1.2538E-05
     0.364480
  9.0284E+07  5.9719E+07  6.6981E+08  4.5950E+08  6.5286E-08 -4.2766E-10  1.2596E+10 -1.5781E+07 -2.4112E-02 -9.6989E-05
     0.367160
  1.1050E+08  7.3094E+07  8.1982E+08  5.6241E+08 -1.0883E-06  5.7783E-10  1.5417E+10 -1.9316E+07  2.8557E-02  1.3352E-05
     0.369840
  1.3525E+08  8.9464E+07  1.0034E+09  6.8836E+08 -1.6364E-06 -8.5030E-10  1.8870E+10 -2.3642E+07 -5.5507E-03  2.9380E-05
     0.372520
  1.6554E+08  1.0950E+08  1.2282E+09  8.4253E+08 -8.9892E-07 -7.5663E-10  2.3096E+10 -2.8936E+07 -1.4314E-02 -4.7022E-05
     0.375200
  2.0262E+08  1.3402E+08  1.5032E+09  1.0312E+09 -1.2515E-07 -1.5961E-09  2.8268E+10 -3.5417E+07 -5.6362E-02 -3.5933E-04
     0.377880
  2.4800E+08  1.6404E+08  1.8399E+09  1.2622E+09  2.8074E-06 -2.1791E-09  3.4599E+10 -4.3349E+07 -3.3945E-02 -6.0029E-04
     0.380560
  3.0354E+08  2.0078E+08  2.2519E+09  1.5448E+09  4.7601E-06 -1.0209E-09  4.2348E+10 -5.3057E+07  8.6369E-02 -5.6765E-04
     0.383240
  3.7152E+08  2.4574E+08  2.7563E+09  1.8908E+09  6.9020E-06 -5.7275E-09  5.1832E+10 -6.4940E+07  1.4405E-01 -2.6975E-04
     0.385920
  4.5472E+08  3.0078E+08  3.3735E+09  2.3143E+09 -1.8121E-06 -2.2355E-09  6.3441E+10 -7.9483E+07  1.6710E-01  1.8244E-04
     0.388600
  5.5656E+08  3.6814E+08  4.1291E+09  2.8326E+09  7.0660E-06  2.3995E-09  7.7649E+10 -9.7284E+07 -1.5274E-02  6.0131E-05
     0.391280
  6.8120E+08  4.5059E+08  5.0538E+09  3.4670E+09 -2.6304E-06 -2.5916E-09  9.5039E+10 -1.1907E+08 -1.0019E-01 -3.8920E-04
     0.393960
  8.3377E+08  5.5150E+08  6.1857E+09  4.2434E+09  2.3839E-05 -8.3088E-09  1.1632E+11 -1.4574E+08 -7.9547E-02 -7.8295E-04
     0.396640
  1.0205E+09  6.7502E+08  7.5710E+09  5.1938E+09  2.5663E-06 -2.8895E-10  1.4237E+11 -1.7838E+08 -8.8057E-02 -1.3384E-03
     0.399320
  1.2490E+09  8.2619E+08  9.2666E+09  6.3570E+09  6.7980E-06  1.0913E-08  1.7426E+11 -2.1833E+08  2.6310E-01 -8.1154E-04
     0.402000
  1.5288E+09  1.0112E+09  1.1342E+10  7.7807E+09 -7.7268E-06  1.4636E-09  2.1329E+11 -2.6722E+08 -8.1410E-02 -1.6526E-03
     0.404680
  1.8712E+09  1.2377E+09  1.3882E+10  9.5232E+09  2.6656E-05  7.1646E-09  2.6106E+11 -3.2707E+08  1.9884E-01 -1.9701E-03
     0.407360
  2.2902E+09  1.5149E+09  1.6991E+10  1.1656E+10 -7.7238E-06  4.0098E-09  3.1952E+11 -4.0032E+08  4.7123E-01 -1.2943E-03
     0.410040
  2.8031E+09  1.8542E+09  2.0796E+10  1.4266E+10  1.4669E-05  1.4769E-08  3.9108E+11 -4.8998E+08 -6.1636E-02 -2.2950E-03
     0.412720
  3.4309E+09  2.2694E+09  2.5454E+10  1.7462E+10  6.8493E-07  4.5747E-08  4.7867E+11 -5.9971E+08  1.3636E-01 -2.3468E-03
     0.415400
  4.1993E+09  2.7777E+09  3.1154E+10  2.1372E+10 -3.0780E-05  1.9592E-08  5.8587E+11 -7.3402E+08  1.8560E-01 -3.0313E-03
     0.418080
  5.1398E+09  3.3997E+09  3.8132E+10  2.6159E+10 -4.9123E-05 -2.6392E-08  7.1708E+11 -8.9841E+08  2.2797E-01 -4.3413E-03
     0.420760
  6.2909E+09  4.1611E+09  4.6672E+10  3.2017E+10  4.3467E-05 -1.4538E-08  8.7767E+11 -1.0996E+09  4.7202E-01 -5.0881E-03
     0.423440
  7.6997E+09  5.0931E+09  5.7124E+10  3.9188E+10  8.9892E-05  8.4339E-09  1.0742E+12 -1.3459E+09  3.1059E-01 -5.9713E-03
     0.426120
  9.4242E+09  6.2337E+09  6.9917E+10  4.7964E+10 -2.4601E-05  1.1985E-08  1.3148E+12 -1.6473E+09  3.9617E-01 -7.0698E-03
     0.428800
  1.1535E+10  7.6298E+09  8.5576E+10  5.8706E+10 -1.7911E-04  5.9711E-08  1.6093E+12 -2.0162E+09  8.3917E-01 -7.7020E-03
     0.431480
  1.4118E+10  9.3385E+09  1.0474E+11  7.1854E+10  4.7922E-05  1.9816E-08  1.9697E+12 -2.4678E+09  8.6586E-01 -8.4735E-03
     0.434160
  1.7280E+10  1.1430E+10  1.2820E+11  8.7946E+10  1.5418E-04  2.6159E-07  2.4108E+12 -3.0205E+09  9.6146E-01 -9.9573E-03
     0.436840
  2.1150E+10  1.3990E+10  1.5691E+11  1.0764E+11  1.6779E-04 -3.7433E-07  2.9507E+12 -3.6969E+09  3.0403E-01 -1.5695E-02
     0.439520
  2.5887E+10  1.7123E+10  1.9205E+11  1.3175E+11  1.0626E-04 -3.1532E-07  3.6116E+12 -4.5249E+09  2.1769E-01 -2.3250E-02
     0.442200
  3.1684E+10  2.0958E+10  2.3506E+11  1.6126E+11  1.7189E-04  3.1277E-08  4.4204E+12 -5.5383E+09  1.5600E+00 -2.8534E-02
     0.444880
  3.8780E+10  2.5651E+10  2.8771E+11  1.9737E+11 -1.7240E-04  1.0056E-07  5.4104E+12 -6.7786E+09  1.7778E+00 -3.5279E-02
     0.447560
  4.7465E+10  3.1396E+10  3.5214E+11  2.4157E+11  4.9093E-04 -4.1135E-07  6.6221E+12 -8.2967E+09  3.4774E+00 -3.8532E-02
     0.450240
  5.8095E+10  3.8428E+10  4.3101E+11  2.9567E+11 -5.9735E-04 -2.0719E-07  8.1052E+12 -1.0155E+10  4.3247E+00 -4.0098E-02
     0.452920
  7.1106E+10  4.7034E+10  5.2753E+11  3.6189E+11  3.1877E-04  6.3086E-07  9.9204E+12 -1.2429E+10  2.4926E+00 -5.2885E-02
     0.455600
  8.7031E+10  5.7568E+10  6.4568E+11  4.4294E+11  2.3458E-04 -4.3084E-07  1.2142E+13 -1.5213E+10  4.5795E+00 -6.4802E-02
     0.458280
  1.0652E+11  7.0460E+10  7.9029E+11  5.4214E+11  1.5564E-03 -1.5687E-06  1.4862E+13 -1.8620E+10  5.3552E+00 -7.9205E-02
     0.460960
  1.3038E+11  8.6241E+10  9.6728E+11  6.6356E+11 -2.0478E-04 -5.1699E-07  1.8190E+13 -2.2790E+10  5.6620E+00 -1.0015E-01
     0.463640
  1.5958E+11  1.0555E+11  1.1839E+12  8.1217E+11 -1.7795E-03 -8.5739E-08  2.2264E+13 -2.7894E+10  8.4278E+00 -1.2016E-01
     0.466320
  1.9532E+11  1.2919E+11  1.4491E+12  9.9406E+11 -1.4535E-03  9.8092E-07  2.7250E+13 -3.4141E+10  1.0646E+01 -1.4158E-01
     0.469000
  2.3906E+11  1.5813E+11  1.7736E+12  1.2167E+12  3.4033E-03  5.6759E-07  3.3353E+13 -4.1787E+10  1.0914E+01 -1.7416E-01
     0.471680
  2.9260E+11  1.9354E+11  2.1708E+12  1.4892E+12 -4.2197E-03  6.0324E-07  4.0822E+13 -5.1145E+10  1.2239E+01 -2.1954E-01
     0.474360
  3.5813E+11  2.3689E+11  2.6570E+12  1.8227E+12 -5.5230E-03 -1.5909E-06  4.9965E+13 -6.2600E+10  1.5179E+01 -2.7846E-01
     0.477040
  4.3834E+11  2.8994E+11  3.2520E+12  2.2309E+12 -2.7840E-05 -6.6190E-06  6.1155E+13 -7.6620E+10  2.0562E+01 -3.4463E-01
     0.479720
  5.3651E+11  3.5488E+11  3.9803E+12  2.7305E+12  5.6120E-04  2.6875E-06  7.4851E+13 -9.3779E+10  2.6490E+01 -4.1986E-01
     0.482400
  6.5666E+11  4.3435E+11  4.8717E+12  3.3421E+12 -6.3673E-03 -5.1039E-07  9.1614E+13 -1.1478E+11  3.3293E+01 -5.0793E-01
     0.485080
  8.0372E+11  5.3163E+11  5.9628E+12  4.0905E+12  4.9329E-04  4.0882E-07  1.1213E+14 -1.4049E+11  4.0892E+01 -6.1480E-01
