     0.000000
  8.4951E-03  1.7631E-35  7.4529E-10  7.8069E-03  0.0000E+00  0.0000E+00  0.0000E+00  0.0000E+00  0.0000E+00  0.0000E+00
     0.005480
  4.7661E-03  3.0547E-03  1.0969E-01  2.6579E-02 -2.7736E-18  5.6178E-20  5.2440E-01 -1.4511E-03 -2.7291E-05 -2.8582E-06
     0.010960
  4.6227E-03  1.0822E-02  1.4789E-01  4.7930E-02 -2.0023E-18  1.1797E-19  4.5691E-01 -1.8378E-03  7.7851E-05 -4.5517E-06
     0.016440
  8.7807E-03  2.0661E-02  2.6430E-01  8.7768E-02 -5.6183E-17  1.0068E-19  1.3393E+00 -1.9500E-03  3.6859E-05  2.0531E-07
     0.021920
  1.7427E-02  4.6427E-02  6.4391E-01  1.9610E-01 -1.4349E-17  4.2902E-19  3.4038E+00 -2.9686E-03  1.7844E-04 -1.0266E-06
     0.027400
  4.2134E-02  1.1114E-01  1.5680E+00  4.6364E-01  2.1931E-16  5.1164E-18  8.6850E+00 -5.8544E-03  4.7174E-04 -3.3378E-06
     0.032880
  1.0622E-01  2.6219E-01  4.0139E+00  1.1318E+00 -8.6200E-16 -8.1326E-18  2.2243E+01 -1.2834E-02  1.1493E-03 -6.2307E-06
     0.038360
  2.6872E-01  6.2085E-01  1.0359E+01  2.8035E+00  3.5368E-15  1.3871E-17  5.6487E+01 -3.0357E-02  2.8053E-03 -1.3916E-05
     0.043840
  6.7671E-01  1.5026E+00  2.6668E+01  7.0554E+00  2.6677E-15  1.6059E-17  1.4416E+02 -7.6655E-02  6.3203E-03 -2.5852E-05
     0.049320
  1.7041E+00  3.7452E+00  6.8765E+01  1.8082E+01 -5.5198E-15 -3.3704E-18  3.7195E+02 -2.0118E-01  1.3604E-02 -4.6808E-05
     0.054800
  4.3275E+00  9.5696E+00  1.7840E+02  4.7025E+01  3.6611E-14  9.9328E-17  9.7002E+02 -5.3508E-01  2.7822E-02 -8.1471E-05
     0.060280
  1.1123E+01  2.4790E+01  4.6612E+02  1.2334E+02  3.3216E-14 -9.6829E-16  2.5464E+03 -1.4180E+00  5.3912E-02 -1.3425E-04
     0.065760
  2.8884E+01  6.4547E+01  1.2241E+03  3.2451E+02  2.8464E-14  7.1545E-16  6.7003E+03 -3.7176E+00  9.9357E-02 -1.9640E-04
     0.071240
  7.5459E+01  1.6831E+02  3.2220E+03  8.5409E+02 -1.4850E-13 -2.5849E-15  1.7631E+04 -9.6709E+00  1.7331E-01 -2.5089E-04
     0.076720
  1.9765E+02  4.3954E+02  8.4853E+03  2.2472E+03 -8.8469E-13 -2.3191E-14  4.6381E+04 -2.5127E+01  2.8821E-01 -2.4901E-04
     0.082200
  5.1822E+02  1.1507E+03  2.2346E+04  5.9132E+03 -2.8493E-12 -3.1645E-15  1.2203E+05 -6.5531E+01  4.5909E-01  9.4857E-05
     0.087680
  1.3599E+03  3.0209E+03  5.8852E+04  1.5568E+04  8.7903E-12 -3.7120E-14  3.2127E+05 -1.7182E+02  6.9956E-01  1.3677E-03
     0.093160
  3.5730E+03  7.9486E+03  1.5503E+05  4.1012E+04  2.3124E-11  1.9380E-13  8.4636E+05 -4.5233E+02  1.0314E+00  5.0394E-03
     0.098640
  9.3999E+03  2.0940E+04  4.0856E+05  1.0810E+05  2.9130E-11 -7.0268E-13  2.2309E+06 -1.1929E+03  1.4923E+00  1.4467E-02
     0.104120
  2.4757E+04  5.5193E+04  1.0770E+06  2.8498E+05  1.5238E-10  2.5166E-12  5.8817E+06 -3.1466E+03  2.1230E+00  3.4872E-02
     0.109600
  6.5247E+04  1.4549E+05  2.8396E+06  7.5138E+05 -4.4621E-10  4.8435E-12  1.5508E+07 -8.2964E+03  2.8802E+00  7.6285E-02
     0.115080
  1.7202E+05  3.8352E+05  7.4872E+06  1.9811E+06  4.8866E-11  1.2791E-11  4.0892E+07 -2.1870E+04  2.9838E+00  1.6041E-01
     0.120560
  4.5355E+05  1.0111E+06  1.9742E+07  5.2235E+06 -7.8483E-10  5.1825E-11  1.0782E+08 -5.7650E+04 -1.0351E+00  3.9065E-01
     0.126040
  1.1959E+06  2.6662E+06  5.2055E+07  1.3773E+07  1.0346E-08  3.5078E-11  2.8430E+08 -1.5200E+05 -2.2070E+01  1.2422E+00
     0.131520
  3.1532E+06  7.0308E+06  1.3726E+08  3.6316E+07  1.0719E-08 -6.9591E-11  7.4962E+08 -4.0083E+05 -9.9824E+01  4.6907E+00
     0.137000
  8.3143E+06  1.8540E+07  3.6191E+08  9.5756E+07 -5.0550E-08  4.7861E-10  1.9766E+09 -1.0570E+06 -3.5451E+02  1.7949E+01
     0.142480
  2.1923E+07  4.8889E+07  9.5426E+08  2.5248E+08  1.4658E-07  2.7389E-10  5.2115E+09 -2.7872E+06 -1.1388E+03  6.4252E+01
     0.147960
  5.7803E+07  1.2890E+08  2.5161E+09  6.6569E+08 -4.5231E-07 -2.7909E-09  1.3741E+10 -7.3485E+06 -3.4395E+03  2.1136E+02
     0.153440
  1.5240E+08  3.3985E+08  6.6341E+09  1.7552E+09 -2.6410E-06 -1.1032E-09  3.6229E+10 -1.9373E+07 -9.8052E+03  6.3744E+02
     0.158920
  4.0182E+08  8.9597E+08  1.7492E+10  4.6276E+09 -1.1572E-06 -2.4198E-08  9.5520E+10 -5.1075E+07 -2.5894E+04  1.7621E+03
     0.164400
  1.0594E+09  2.3622E+09  4.6119E+10  1.2201E+10 -6.5322E-07 -1.6121E-07  2.5185E+11 -1.3466E+08 -6.1293E+04  4.4579E+03
     0.169880
  2.7932E+09  6.2280E+09  1.2160E+11  3.2171E+10  5.0955E-07  1.6153E-09  6.6405E+11 -3.5504E+08 -1.2289E+05  1.0288E+04
     0.175360
  7.3648E+09  1.6421E+10  3.2062E+11  8.4826E+10  6.7353E-05 -8.6620E-07  1.7509E+12 -9.3616E+08 -1.8037E+05  2.1590E+04
     0.180840
  1.9419E+10  4.3300E+10  8.4538E+11  2.2367E+11  1.0398E-04 -1.4861E-06  4.6168E+12 -2.4686E+09 -5.8842E+04  4.1411E+04
     0.186320
  5.1204E+10  1.1418E+11  2.2290E+12  5.8977E+11  1.8335E-04 -1.1240E-06  1.2174E+13 -6.5095E+09  8.0333E+05  7.5407E+04
     0.191800
  1.3502E+11  3.0108E+11  5.8775E+12  1.5551E+12  8.4241E-04 -9.8248E-06  3.2100E+13 -1.7165E+10  3.7098E+06  1.4752E+05
     0.197280
  3.5602E+11  7.9391E+11  1.5497E+13  4.1005E+12  1.2142E-03  1.5877E-05  8.4640E+13 -4.5262E+10  1.0677E+07  3.7375E+05
     0.202760
  9.3874E+11  2.0934E+12  4.0863E+13  1.0812E+13  1.3437E-02 -3.5977E-05  2.2317E+14 -1.1934E+11  2.1958E+07  1.2306E+06
     0.208240
  2.4752E+12  5.5198E+12  1.0774E+14  2.8508E+13  1.3219E-02 -9.7326E-05  5.8844E+14 -3.1468E+11  2.5050E+07  4.3848E+06
     0.213720
  6.5265E+12  1.4554E+13  2.8409E+14  7.5167E+13 -8.7714E-02  2.6987E-04  1.5515E+15 -8.2970E+11 -3.9086E+07  1.4976E+07
     0.219200
  1.7208E+13  3.8373E+13  7.4906E+14  1.9819E+14  5.6397E-02  5.6471E-04  4.0909E+15 -2.1876E+12 -3.6023E+08  4.7376E+07
     0.224680
  4.5373E+13  1.0118E+14  1.9751E+15  5.2257E+14  1.8094E-01 -4.0071E-03  1.0786E+16 -5.7679E+12 -1.4358E+09  1.3890E+08
     0.230160
  1.1963E+14  2.6676E+14  5.2076E+15  1.3778E+15  6.7029E-01  6.9427E-03  2.8440E+16 -1.5208E+13 -4.3856E+09  3.8175E+08
     0.235640
  3.1543E+14  7.0336E+14  1.3731E+16  3.6329E+15 -3.5078E-01  5.3663E-04  7.4989E+16 -4.0098E+13 -1.1432E+10  9.9874E+08
     0.241120
  8.3170E+14  1.8545E+15  3.6204E+16  9.5790E+15  2.7289E+00  6.9132E-02  1.9772E+17 -1.0573E+14 -2.6613E+10  2.5342E+09
     0.246600
  2.1929E+15  4.8899E+15  9.5460E+16  2.5257E+16 -1.6441E+01 -3.6746E-02  5.2134E+17 -2.7877E+14 -5.7406E+10  6.3700E+09
     0.252080
  5.7822E+15  1.2893E+16  2.5170E+17  6.6596E+16 -3.3989E+01  2.3314E-01  1.3746E+18 -7.3505E+14 -1.2114E+11  1.6195E+10
     0.257560
  1.5246E+16  3.3997E+16  6.6366E+17  1.7559E+17 -5.6819E-01  5.1970E-02  3.6245E+18 -1.9381E+15 -2.7203E+11  4.2257E+10
     0.263040
  4.0200E+16  8.9641E+16  1.7499E+18  4.6299E+17  8.5704E+01  2.8358E-02  9.5568E+18 -5.1104E+15 -7.0188E+11  1.1357E+11
     0.268520
  1.0600E+17  2.3636E+17  4.6140E+18  1.2208E+18 -6.6461E+02  1.0964E+01  2.5199E+19 -1.3475E+16 -2.0700E+12  3.1210E+11
     0.274000
  2.7948E+17  6.2321E+17  1.2166E+19  3.2189E+18 -1.3479E+03  2.3227E+01  6.6441E+19 -3.5529E+16 -6.4759E+12  8.6596E+11
     0.279480
  7.3691E+17  1.6432E+18  3.2077E+19  8.4872E+18  4.4196E+03 -2.8238E+00  1.7519E+20 -9.3678E+16 -2.0101E+13  2.3975E+12
     0.284960
  1.9430E+18  4.3327E+18  8.4579E+19  2.2378E+19 -1.2402E+04  9.9570E-02  4.6191E+20 -2.4700E+17 -5.9967E+13  6.5737E+12
     0.290440
  5.1231E+18  1.1424E+19  2.2301E+20  5.9005E+19  6.6357E+03 -9.7212E+01  1.2179E+21 -6.5126E+17 -1.7068E+14  1.7801E+13
     0.295920
  1.3508E+19  3.0121E+19  5.8801E+20  1.5558E+20  7.9766E+04 -1.1625E+03  3.2113E+21 -1.7172E+18 -4.6569E+14  4.7654E+13
     0.301400
  3.5617E+19  7.9421E+19  1.5504E+21  4.1021E+20 -3.8092E+04 -3.5537E+03  8.4673E+21 -4.5277E+18 -1.2314E+15  1.2657E+14
     0.306880
  9.3911E+19  2.0941E+20  4.0880E+21  1.0816E+21  5.1210E+05 -8.5629E+01  2.2326E+22 -1.1938E+19 -3.2011E+15  3.3509E+14
     0.312360
  2.4762E+20  5.5215E+20  1.0779E+22  2.8519E+21 -3.4595E+06 -1.4213E+04  5.8867E+22 -3.1478E+19 -8.3063E+15  8.8817E+14
     0.317840
  6.5290E+20  1.4559E+21  2.8421E+22  7.5196E+21 -3.3532E+06 -3.7521E+03  1.5521E+23 -8.2998E+19 -2.1790E+16  2.3639E+15
     0.323320
  1.7215E+21  3.8387E+21  7.4937E+22  1.9827E+22 -2.8032E+06  2.4592E+04  4.0926E+23 -2.1884E+20 -5.8188E+16  6.3241E+15
     0.328800
  4.5391E+21  1.0122E+22  1.9759E+23  5.2278E+22 -4.6171E+07  2.4204E+05  1.0791E+24 -5.7703E+20 -1.5813E+17  1.6994E+16
     0.334280
  1.1968E+22  2.6688E+22  5.2098E+23  1.3784E+23  7.3758E+07  4.0607E+04  2.8453E+24 -1.5215E+21 -4.3472E+17  4.5781E+16
     0.339760
  3.1557E+22  7.0368E+22  1.3737E+24  3.6345E+23  4.6826E+08 -8.3682E+05  7.5021E+24 -4.0116E+21 -1.1995E+18  1.2337E+17
     0.345240
  8.3206E+22  1.8554E+23  3.6220E+24  9.5831E+23 -3.3839E+08  3.8551E+05  1.9781E+25 -1.0577E+22 -3.2994E+18  3.3199E+17
     0.350720
  2.1939E+23  4.8921E+23  9.5501E+24  2.5268E+24  2.3015E+09 -1.1400E+06  5.2156E+25 -2.7890E+22 -9.0106E+18  8.9119E+17
     0.356200
  5.7847E+23  1.2899E+24  2.5181E+25  6.6624E+24 -6.0654E+09  1.7929E+07  1.3752E+26 -7.3537E+22 -2.4404E+19  2.3862E+18
     0.361680
  1.5253E+24  3.4011E+24  6.6394E+25  1.7567E+25 -6.8292E+09  5.7451E+07  3.6260E+26 -1.9389E+23 -6.5622E+19  6.3760E+18
     0.367160
  4.0216E+24  8.9678E+24  1.7506E+26  4.6319E+25  1.1947E+10  5.3805E+07  9.5608E+26 -5.1124E+23 -1.7565E+20  1.7017E+19
     0.372640
  1.0604E+25  2.3645E+25  4.6159E+26  1.2213E+26  1.1100E+11 -1.4870E+09  2.5209E+27 -1.3480E+24 -4.6945E+20  4.5407E+19
     0.378120
  2.7959E+25  6.2346E+25  1.2171E+27  3.2202E+26  1.7235E+11 -2.8606E+08  6.6469E+27 -3.5543E+24 -1.2559E+21  1.2122E+20
     0.383600
  7.3721E+25  1.6439E+26  3.2091E+27  8.4907E+26  8.9935E+11  1.7410E+09  1.7526E+28 -9.3717E+24 -3.3683E+21  3.2388E+20
     0.389080
  1.9438E+26  4.3344E+26  8.4614E+27  2.2387E+27  8.5134E+11 -6.5764E+09  4.6211E+28 -2.4710E+25 -9.0599E+21  8.6605E+20
     0.394560
  5.1252E+26  1.1429E+27  2.2310E+28  5.9029E+27 -2.7403E+11  5.5515E+08  1.2184E+29 -6.5154E+25 -2.4422E+22  2.3170E+21
     0.400040
  1.3514E+27  3.0134E+27  5.8825E+28  1.5564E+28 -1.2804E+13  7.7610E+10  3.2127E+29 -1.7179E+26 -6.5898E+22  6.1994E+21
     0.405520
  3.5632E+27  7.9455E+27  1.5511E+29  4.1039E+28 -7.0526E+12  6.8248E+11  8.4709E+29 -4.5297E+26 -1.7776E+23  1.6583E+22
     0.411000
  9.3951E+27  2.0950E+28  4.0897E+29  1.0821E+29  6.7326E+12 -1.6513E+11  2.2335E+30 -1.1943E+27 -4.7888E+23  4.4332E+22
     0.416480
  6.5183E-02  1.4535E-01  2.8374E+00  7.5074E-01  7.3929E-16  7.3871E-19  1.5496E+01 -8.2863E-03 -3.3888E-06  3.1166E-07
     0.421960
  1.7187E-01  3.8325E-01  7.4814E+00  1.9795E+00 -9.8504E-16 -1.5093E-17  4.0859E+01 -2.1849E-02 -9.0984E-06  8.3217E-07
     0.427440
  4.5317E-01  1.0105E+00  1.9726E+01  5.2193E+00  3.6714E-16 -1.9626E-17  1.0773E+02 -5.7608E-02 -2.4396E-05  2.2211E-06
     0.432920
  1.1949E+00  2.6644E+00  5.2013E+01  1.3762E+01 -2.4235E-15  7.2745E-17  2.8406E+02 -1.5190E-01 -6.5367E-05  5.9267E-06
     0.438400
  3.1505E+00  7.0253E+00  1.3714E+02  3.6286E+01  5.4444E-15 -6.3282E-16  7.4898E+02 -4.0051E-01 -1.7511E-04  1.5814E-05
     0.443880
  8.3070E+00  1.8524E+01  3.6160E+02  9.5675E+01  1.0758E-14 -1.0769E-16  1.9749E+03 -1.0560E+00 -4.6918E-04  4.2197E-05
     0.449360
  2.1903E+01  4.8841E+01  9.5345E+02  2.5227E+02 -7.6736E-15  1.9325E-15  5.2071E+03 -2.7844E+00 -1.2575E-03  1.1260E-04
     0.454840
  5.7752E+01  1.2878E+02  2.5140E+03  6.6515E+02 -4.6261E-14 -1.4547E-15  1.3730E+04 -7.3417E+00 -3.3714E-03  3.0049E-04
     0.460320
  1.5228E+02  3.3956E+02  6.6286E+03  1.7538E+03 -1.4397E-13  2.2926E-15  3.6201E+04 -1.9358E+01 -9.0394E-03  8.0185E-04
     0.465800
  4.0151E+02  8.9531E+02  1.7478E+04  4.6243E+03  1.6164E-12  1.8455E-14  9.5452E+04 -5.1041E+01 -2.4233E-02  2.1394E-03
     0.471280
  1.0587E+03  2.3607E+03  4.6083E+04  1.2193E+04  6.1231E-12  2.8817E-14  2.5168E+05 -1.3458E+02 -6.4942E-02  5.7071E-03
     0.476760
  2.7914E+03  6.2244E+03  1.2151E+05  3.2149E+04 -2.8772E-11  1.5737E-13  6.6360E+05 -3.5485E+02 -1.7395E-01  1.5221E-02
     0.482240
  7.3601E+03  1.6412E+04  3.2038E+05  8.4768E+04  5.2126E-13 -3.7246E-13  1.7497E+06 -9.3564E+02 -4.6571E-01  4.0585E-02
     0.487720
  1.9406E+04  4.3274E+04  8.4476E+05  2.2351E+05  1.3250E-10 -2.7616E-13  4.6135E+06 -2.4670E+03 -1.2463E+00  1.0820E-01
     0.493200
  5.1169E+04  1.1410E+05  2.2274E+06  5.8933E+05 -2.1883E-10  9.8294E-13  1.2165E+07 -6.5048E+03 -3.3339E+00  2.8840E-01
     0.498680
  1.3492E+05  3.0085E+05  5.8729E+06  1.5539E+06 -6.9093E-11  3.6710E-12  3.2074E+07 -1.7151E+04 -8.9165E+00  7.6865E-01
     0.504160
  3.5574E+05  7.9325E+05  1.5485E+07  4.0972E+06  9.4735E-10 -3.0475E-12  8.4571E+07 -4.5223E+04 -2.3844E+01  2.0484E+00
     0.509640
  9.3798E+05  2.0916E+06  4.0830E+07  1.0803E+07 -2.9021E-09  8.1060E-11  2.2299E+08 -1.1924E+05 -6.3756E+01  5.4587E+00
     0.515120
  2.4732E+06  5.5149E+06  1.0766E+08  2.8484E+07 -1.4998E-08  2.2758E-10  5.8795E+08 -3.1440E+05 -1.7046E+02  1.4545E+01
     0.520600
  6.5210E+06  1.4541E+07  2.8386E+08  7.5105E+07 -7.4734E-09 -1.9737E-10  1.5503E+09 -8.2898E+05 -4.5571E+02  3.8754E+01
     0.526080
  1.7194E+07  3.8341E+07  7.4846E+08  1.9803E+08  2.3260E-08 -2.5216E-11  4.0876E+09 -2.1858E+06 -1.2181E+03  1.0325E+02
     0.531560
  4.5336E+07  1.0109E+08  1.9735E+09  5.2215E+08 -2.8084E-07 -1.2707E-09  1.0778E+10 -5.7632E+06 -3.2555E+03  2.7503E+02
     0.537040
  1.1954E+08  2.6655E+08  5.2035E+09  1.3768E+09  6.4127E-07  6.5445E-09  2.8418E+10 -1.5196E+07 -8.6984E+03  7.3253E+02
     0.542520
  3.1518E+08  7.0282E+08  1.3720E+10  3.6301E+09  1.3601E-06 -8.1447E-09  7.4930E+10 -4.0067E+07 -2.3236E+04  1.9509E+03
     0.548000
  8.3105E+08  1.8531E+09  3.6176E+10  9.5715E+09  7.1240E-06  1.6166E-08  1.9757E+11 -1.0565E+08 -6.2059E+04  5.1949E+03
     0.553480
  2.1912E+09  4.8862E+09  9.5385E+10  2.5237E+10  2.2110E-05  1.7195E-07  5.2093E+11 -2.7856E+08 -1.6571E+05  1.3832E+04
     0.558960
  5.7777E+09  1.2883E+10  2.5150E+11  6.6543E+10 -3.0483E-06  2.8829E-08  1.3735E+12 -7.3448E+08 -4.4241E+05  3.6825E+04
     0.564440
  1.5234E+10  3.3970E+10  6.6314E+11  1.7546E+11  1.2966E-05  6.7078E-07  3.6216E+12 -1.9366E+09 -1.1810E+06  9.8033E+04
     0.569920
  4.0168E+10  8.9569E+10  1.7485E+12  4.6262E+11  3.2270E-04 -1.0880E-06  9.5492E+12 -5.1062E+09 -3.1520E+06  2.6095E+05
     0.575400
  1.0591E+11  2.3617E+11  4.6103E+12  1.2198E+12  3.1138E-04 -5.7171E-06  2.5178E+13 -1.3464E+10 -8.4119E+06  6.9457E+05
     0.580880
  2.7925E+11  6.2270E+11  1.2156E+13  3.2163E+12  2.4425E-03  1.2458E-05  6.6388E+13 -3.5500E+10 -2.2446E+07  1.8486E+06
     0.586360
  7.3631E+11  1.6419E+12  3.2052E+13  8.4804E+12 -2.9325E-03  1.8484E-04  1.7505E+14 -9.3603E+10 -5.9887E+07  4.9194E+06
     0.591840
  1.9414E+12  4.3292E+12  8.4511E+13  2.2360E+13  1.5304E-02  2.0254E-04  4.6155E+14 -2.4680E+11 -1.5976E+08  1.3091E+07
     0.597320
  5.1190E+12  1.1415E+13  2.2283E+14  5.8958E+13 -2.2192E-02  3.6752E-04  1.2170E+15 -6.5075E+11 -4.2613E+08  3.4831E+07
     0.602800
  1.3497E+13  3.0097E+13  5.8754E+14  1.5545E+14  4.7799E-02 -1.5411E-03  3.2088E+15 -1.7158E+12 -1.1364E+09  9.2670E+07
     0.608280
  3.5589E+13  7.9358E+13  1.5492E+15  4.0989E+14 -1.9034E-01 -3.0281E-03  8.4606E+15 -4.5242E+12 -3.0304E+09  2.4653E+08
     0.613760
  9.3837E+13  2.0924E+14  4.0847E+15  1.0808E+15  1.8446E-01 -2.7822E-03  2.2308E+16 -1.1929E+13 -8.0797E+09  6.5580E+08
     0.619240
  2.4742E+14  5.5172E+14  1.0770E+16  2.8496E+15 -2.3039E+00  1.3012E-03  5.8820E+16 -3.1453E+13 -2.1539E+10  1.7444E+09
     0.624720
  6.5238E+14  1.4547E+15  2.8398E+16  7.5136E+15 -6.1294E+00 -1.9462E-03  1.5509E+17 -8.2932E+13 -5.7414E+10  4.6394E+09
     0.630200
  1.7201E+15  3.8357E+15  7.4877E+16  1.9811E+16 -1.2015E+01  2.1420E-01  4.0893E+17 -2.1867E+14 -1.5302E+11  1.2339E+10
     0.635680
  4.5355E+15  1.0114E+16  1.9743E+17  5.2237E+16 -2.4342E+01  1.1940E+00  1.0782E+18 -5.7656E+14 -4.0779E+11  3.2812E+10
     0.641160
  1.1959E+16  2.6666E+16  5.2056E+17  1.3773E+17  3.7738E+01 -1.4457E-01  2.8430E+18 -1.5202E+15 -1.0866E+12  8.7252E+10
     0.646640
  3.1532E+16  7.0312E+16  1.3726E+18  3.6316E+17  6.3379E+01  2.0299E+00  7.4961E+18 -4.0084E+15 -2.8952E+12  2.3200E+11
     0.652120
  8.3140E+16  1.8539E+17  3.6191E+18  9.5755E+17  4.7807E+02 -5.2774E+00  1.9765E+19 -1.0569E+16 -7.7131E+12  6.1682E+11
     0.657600
  2.1922E+17  4.8882E+17  9.5424E+18  2.5248E+18 -5.7717E+02  6.2051E+00  5.2115E+19 -2.7867E+16 -2.0546E+13  1.6399E+12
     0.663080
  5.7801E+17  1.2889E+18  2.5161E+19  6.6571E+18 -1.4326E+03 -3.4811E-03  1.3741E+20 -7.3478E+16 -5.4725E+13  4.3594E+12
     0.668560
  1.5240E+18  3.3984E+18  6.6341E+19  1.7553E+19 -1.2870E+04  2.6704E+01  3.6231E+20 -1.9374E+17 -1.4575E+14  1.1588E+13
     0.674040
  4.0184E+18  8.9606E+18  1.7492E+20  4.6282E+19  1.9027E+04 -4.2615E+02  9.5532E+20 -5.1084E+17 -3.8812E+14  3.0802E+13
     0.679520
  1.0595E+19  2.3627E+19  4.6122E+20  1.2203E+20 -2.8976E+04  3.8473E+02  2.5189E+21 -1.3469E+18 -1.0335E+15  8.1866E+13
     0.685000
  2.7937E+19  6.2296E+19  1.2161E+21  3.2176E+20 -2.0174E+05  1.2764E+00  6.6416E+21 -3.5515E+18 -2.7516E+15  2.1758E+14
     0.690480
  7.3662E+19  1.6426E+20  3.2065E+21  8.4839E+20 -1.6236E+05  1.1489E+03  1.7512E+22 -9.3642E+18 -7.3252E+15  5.7821E+14
     0.695960
  1.9423E+20  4.3310E+20  8.4546E+21  2.2370E+21  1.7245E+06 -2.1315E+03  4.6174E+22 -2.4691E+19 -1.9500E+16  1.5365E+15
     0.701440
  5.1212E+20  1.1420E+21  2.2292E+22  5.8982E+21  7.6174E+06 -1.5697E+04  1.2175E+23 -6.5102E+19 -5.1903E+16  4.0828E+15
     0.706920
  1.3503E+21  3.0110E+21  5.8779E+22  1.5552E+22 -5.1582E+06 -7.2088E+04  3.2101E+23 -1.7166E+20 -1.3814E+17  1.0848E+16
     0.712400
  3.5604E+21  7.9391E+21  1.5498E+23  4.1006E+22 -8.1915E+06 -1.2360E+05  8.4641E+23 -4.5260E+20 -3.6763E+17  2.8823E+16
     0.717880
  9.3876E+21  2.0933E+22  4.0864E+23  1.0812E+23 -1.1374E+07  9.0650E+05  2.2317E+24 -1.1934E+21 -9.7827E+17  7.6574E+16
     0.723360
  2.4752E+22  5.5195E+22  1.0775E+24  2.8508E+23  2.7608E+06  8.9135E+05  5.8845E+24 -3.1466E+21 -2.6030E+18  2.0343E+17
     0.728840
  6.5265E+22  1.4553E+23  2.8410E+24  7.5168E+23 -7.1194E+08  5.4424E+05  1.5516E+25 -8.2967E+21 -6.9256E+18  5.4039E+17
     0.734320
  1.7208E+23  3.8373E+23  7.4908E+24  1.9820E+24  1.9279E+08 -2.6323E+05  4.0910E+25 -2.1876E+22 -1.8425E+19  1.4354E+18
     0.739800
  4.5374E+23  1.0118E+24  1.9751E+25  5.2258E+24 -2.8648E+08  3.4178E+07  1.0787E+26 -5.7681E+22 -4.9013E+19  3.8127E+18
     0.745280
  1.1964E+24  2.6678E+24  5.2078E+25  1.3779E+25 -1.6618E+10  7.1062E+06  2.8442E+26 -1.5209E+23 -1.3037E+20  1.0127E+19
     0.750760
  3.1545E+24  7.0341E+24  1.3731E+26  3.6331E+25  3.4607E+10  6.2821E+07  7.4993E+26 -4.0101E+23 -3.4676E+20  2.6895E+19
     0.756240
  8.3175E+24  1.8547E+25  3.6206E+26  9.5795E+25 -3.3960E+10 -1.9997E+08  1.9773E+27 -1.0573E+24 -9.2224E+20  7.1425E+19
     0.761720
  2.1931E+25  4.8903E+25  9.5464E+26  2.5258E+26 -1.0003E+11 -1.1182E+09  5.2137E+27 -2.7879E+24 -2.4526E+21  1.8968E+20
     0.767200
  5.7825E+25  1.2894E+26  2.5171E+27  6.6599E+26  1.3598E+11  7.5324E+09  1.3747E+28 -7.3509E+24 -6.5219E+21  5.0368E+20
     0.772680
  1.5247E+26  3.3998E+26  6.6369E+27  1.7560E+27 -1.9717E+11  1.4654E+09  3.6247E+28 -1.9382E+25 -1.7342E+22  1.3374E+21
     0.778160
  4.0201E+26  8.9644E+26  1.7500E+28  4.6301E+27 -2.6324E+12  1.3631E+09  9.5572E+28 -5.1105E+25 -4.6108E+22  3.5511E+21
     0.783640
  1.0600E+27  2.3636E+27  4.6141E+28  1.2208E+28 -1.2786E+12 -1.3463E+10  2.5199E+29 -1.3475E+26 -1.2258E+23  9.4284E+21
     0.789120
  2.7949E+27  6.2322E+27  1.2166E+29  3.2190E+28  1.8768E+13 -1.4197E+11  6.6444E+29 -3.5530E+26 -3.2588E+23  2.5032E+22
     0.794600
  7.3693E+27  1.6433E+28  3.2079E+29  8.4875E+28  3.9867E+13 -6.6048E+11  1.7519E+30 -9.3681E+26 -8.6627E+23  6.6455E+22
     0.800080
  6.5135E-02  1.4524E-01  2.8353E+00  7.5018E-01 -2.1867E-16  1.4553E-18  1.5485E+01 -8.2801E-03 -7.7188E-06  5.9138E-07
     0.805560
  1.7174E-01  3.8296E-01  7.4759E+00  1.9780E+00  1.5220E-15  3.4636E-18  4.0829E+01 -2.1832E-02 -2.0516E-05  1.5699E-06
     0.811040
  4.5283E-01  1.0098E+00  1.9712E+01  5.2154E+00 -3.6525E-15 -3.9633E-17  1.0765E+02 -5.7566E-02 -5.4526E-05  4.1671E-06
     0.816520
  1.1940E+00  2.6624E+00  5.1974E+01  1.3752E+01 -6.8320E-15  3.1086E-17  2.8385E+02 -1.5178E-01 -1.4491E-04  1.1061E-05
     0.822000
  3.1482E+00  7.0201E+00  1.3704E+02  3.6259E+01 -4.1956E-14 -2.6386E-17  7.4843E+02 -4.0021E-01 -3.8508E-04  2.9358E-05
     0.827480
  8.3009E+00  1.8510E+01  3.6134E+02  9.5604E+01  2.8981E-14  2.7103E-16  1.9734E+03 -1.0552E+00 -1.0232E-03  7.7918E-05
     0.832960
  2.1887E+01  4.8805E+01  9.5274E+02  2.5208E+02  5.5687E-14  1.5330E-15  5.2033E+03 -2.7823E+00 -2.7189E-03  2.0679E-04
     0.838440
  5.7710E+01  1.2869E+02  2.5121E+03  6.6466E+02 -1.7998E-13  4.2116E-15  1.3719E+04 -7.3362E+00 -7.2238E-03  5.4880E-04
     0.843920
  1.5216E+02  3.3931E+02  6.6237E+03  1.7525E+03 -1.4982E-13  5.8463E-15  3.6174E+04 -1.9344E+01 -1.9192E-02  1.4564E-03
     0.849400
  4.0121E+02  8.9465E+02  1.7465E+04  4.6209E+03 -5.9280E-12  4.1967E-15  9.5381E+04 -5.1003E+01 -5.0987E-02  3.8647E-03
     0.854880
  1.0579E+03  2.3589E+03  4.6049E+04  1.2184E+04  2.7111E-12  1.0658E-13  2.5149E+05 -1.3448E+02 -1.3544E-01  1.0255E-02
     0.860360
  2.7893E+03  6.2198E+03  1.2142E+05  3.2125E+04 -2.0220E-11  8.4798E-14  6.6311E+05 -3.5459E+02 -3.5979E-01  2.7212E-02
     0.865840
  7.3546E+03  1.6400E+04  3.2015E+05  8.4705E+04 -1.8897E-11  1.1660E-13  1.7484E+06 -9.3494E+02 -9.5566E-01  7.2201E-02
     0.871320
  1.9392E+04  4.3242E+04  8.4413E+05  2.2334E+05  1.2231E-10 -1.0697E-12  4.6101E+06 -2.4652E+03 -2.5383E+00  1.9157E-01
     0.876800
  5.1131E+04  1.1402E+05  2.2257E+06  5.8889E+05  2.2988E-10  2.7337E-12  1.2155E+07 -6.4999E+03 -6.7415E+00  5.0825E-01
     0.882280
  1.3482E+05  3.0063E+05  5.8686E+06  1.5527E+06 -1.5173E-10 -1.7954E-12  3.2050E+07 -1.7138E+04 -1.7904E+01  1.3484E+00
     0.887760
  3.5547E+05  7.9266E+05  1.5474E+07  4.0941E+06  1.7366E-09 -4.2593E-11  8.4508E+07 -4.5189E+04 -4.7546E+01  3.5772E+00
     0.893240
  9.3728E+05  2.0900E+06  4.0800E+07  1.0795E+07 -5.6519E-09  1.6396E-12  2.2282E+08 -1.1915E+05 -1.2626E+02  9.4896E+00
     0.898720
  2.4713E+06  5.5108E+06  1.0758E+08  2.8463E+07  1.8316E-08 -1.2075E-10  5.8752E+08 -3.1416E+05 -3.3526E+02  2.5173E+01
     0.904200
  6.5162E+06  1.4530E+07  2.8365E+08  7.5049E+07  9.6439E-09 -1.6321E-10  1.5491E+09 -8.2836E+05 -8.9019E+02  6.6776E+01
     0.909680
  1.7181E+07  3.8312E+07  7.4790E+08  1.9788E+08  9.7824E-08 -4.6431E-10  4.0846E+09 -2.1841E+06 -2.3636E+03  1.7712E+02
     0.915160
  4.5302E+07  1.0102E+08  1.9720E+09  5.2176E+08  4.0938E-07  7.4005E-10  1.0770E+10 -5.7590E+06 -6.2752E+03  4.6981E+02
     0.920640
  1.1945E+08  2.6636E+08  5.1996E+09  1.3757E+09 -7.1863E-08  1.6154E-09  2.8397E+10 -1.5185E+07 -1.6660E+04  1.2461E+03
     0.926120
  3.1495E+08  7.0230E+08  1.3710E+10  3.6274E+09  4.9348E-06  2.0109E-09  7.4874E+10 -4.0038E+07 -4.4227E+04  3.3050E+03
     0.931600
  8.3043E+08  1.8518E+09  3.6149E+10  9.5644E+09 -4.6624E-06  6.8753E-08  1.9742E+11 -1.0557E+08 -1.1740E+05  8.7653E+03
     0.937080
  2.1896E+09  4.8826E+09  9.5314E+10  2.5219E+10 -6.7096E-06  3.2076E-08  5.2054E+11 -2.7835E+08 -3.1165E+05  2.3246E+04
     0.942560
  5.7734E+09  1.2874E+10  2.5131E+11  6.6494E+10 -1.3288E-06 -1.0687E-07  1.3725E+12 -7.3393E+08 -8.2723E+05  6.1648E+04
     0.948040
  1.5223E+10  3.3945E+10  6.6264E+11  1.7533E+11 -4.4014E-05 -6.1448E-07  3.6189E+12 -1.9352E+09 -2.1957E+06  1.6348E+05
     0.953520
  4.0138E+10  8.9502E+10  1.7472E+12  4.6228E+11 -1.8598E-04 -2.5230E-06  9.5421E+12 -5.1025E+09 -5.8276E+06  4.3353E+05
     0.959000
  1.0583E+11  2.3599E+11  4.6069E+12  1.2189E+12  6.1011E-04  2.1301E-06  2.5160E+13 -1.3454E+10 -1.5467E+07  1.1496E+06
     0.964480
  2.7905E+11  6.2224E+11  1.2147E+13  3.2139E+12  2.1423E-05 -5.7372E-06  6.6339E+13 -3.5473E+10 -4.1047E+07  3.0483E+06
     0.969960
  7.3577E+11  1.6407E+12  3.2028E+13  8.4741E+12 -6.9715E-03  1.3811E-05  1.7492E+14 -9.3533E+10 -1.0893E+08  8.0828E+06
     0.975440
  1.9400E+12  4.3260E+12  8.4448E+13  2.2344E+13  9.8643E-03 -4.4378E-05  4.6120E+14 -2.4662E+11 -2.8906E+08  2.1431E+07
     0.980920
  5.1152E+12  1.1406E+13  2.2267E+14  5.8914E+13 -3.8598E-02  1.5074E-05  1.2161E+15 -6.5027E+11 -7.6705E+08  5.6822E+07
     0.986400
  1.3487E+13  3.0075E+13  5.8710E+14  1.5534E+14  1.7390E-01  5.4708E-04  3.2064E+15 -1.7146E+12 -2.0353E+09  1.5065E+08
     0.991880
  3.5562E+13  7.9299E+13  1.5480E+15  4.0958E+14 -1.3688E-01  4.1772E-03  8.4543E+15 -4.5208E+12 -5.4005E+09  3.9942E+08
     0.997360
  9.3767E+13  2.0909E+14  4.0817E+15  1.0800E+15  6.8675E-01 -5.4312E-03  2.2292E+16 -1.1920E+13 -1.4329E+10  1.0589E+09
     1.002840
  2.4724E+14  5.5131E+14  1.0762E+16  2.8475E+15  2.1584E+00  2.4713E-03  5.8776E+16 -3.1430E+13 -3.8017E+10  2.8072E+09
     1.008320
  6.5189E+14  1.4536E+15  2.8377E+16  7.5081E+15  1.7397E+00  2.6981E-02  1.5498E+17 -8.2871E+13 -1.0086E+11  7.4420E+09
     1.013800
  1.7188E+15  3.8328E+15  7.4822E+16  1.9797E+16 -1.1607E+00  2.5388E-03  4.0863E+17 -2.1851E+14 -2.6758E+11  1.9728E+10
     1.019280
  4.5321E+15  1.0106E+16  1.9728E+17  5.2198E+16  3.1180E+01  8.7835E-02  1.0774E+18 -5.7614E+14 -7.0984E+11  5.2296E+10
     1.024760
  1.1950E+16  2.6647E+16  5.2018E+17  1.3763E+17  4.3790E+01 -3.0701E-01  2.8409E+18 -1.5191E+15 -1.8830E+12  1.3862E+11
     1.030240
  3.1508E+16  7.0260E+16  1.3716E+18  3.6289E+17  2.6093E+02  1.4865E+00  7.4906E+18 -4.0054E+15 -4.9951E+12  3.6745E+11
     1.035720
  8.3078E+16  1.8525E+17  3.6164E+18  9.5684E+17 -2.5320E+02 -9.7807E+00  1.9750E+19 -1.0561E+16 -1.3250E+13  9.7396E+11
     1.041200
  2.1905E+17  4.8846E+17  9.5354E+18  2.5229E+18 -1.0609E+03  2.1227E+01  5.2076E+19 -2.7847E+16 -3.5144E+13  2.5815E+12
     1.046680
  5.7758E+17  1.2879E+18  2.5142E+19  6.6522E+18  4.3391E+03  2.5223E+00  1.3731E+20 -7.3424E+16 -9.3216E+13  6.8422E+12
     1.052160
  1.5229E+18  3.3959E+18  6.6292E+19  1.7540E+19  1.9158E+03  8.5692E+01  3.6205E+20 -1.9360E+17 -2.4723E+14  1.8135E+13
     1.057640
  4.0155E+18  8.9540E+18  1.7479E+20  4.6247E+19 -3.4873E+04  2.7381E+02  9.5461E+20 -5.1046E+17 -6.5571E+14  4.8062E+13
     1.063120
  1.0588E+19  2.3609E+19  4.6088E+20  1.2194E+20 -1.4698E+05  1.6290E+02  2.5170E+21 -1.3459E+18 -1.7390E+15  1.2738E+14
     1.068600
  2.7916E+19  6.2250E+19  1.2152E+21  3.2152E+20 -9.0471E+04 -3.7087E+03  6.6367E+21 -3.5488E+18 -4.6119E+15  3.3757E+14
     1.074080
  7.3607E+19  1.6414E+20  3.2041E+21  8.4776E+20  1.0761E+05 -7.8968E+03  1.7499E+22 -9.3572E+18 -1.2230E+16  8.9461E+14
     1.079560
  1.9408E+20  4.3278E+20  8.4484E+21  2.2353E+21  1.2150E+06 -1.7413E+04  4.6140E+22 -2.4672E+19 -3.2433E+16  2.3708E+15
     1.085040
  5.1174E+20  1.1411E+21  2.2276E+22  5.8938E+21  1.5394E+06  6.8086E+04  1.2166E+23 -6.5054E+19 -8.6004E+16  6.2825E+15
     1.090520
  1.3493E+21  3.0088E+21  5.8735E+22  1.5540E+22 -3.6393E+05 -9.4992E+04  3.2077E+23 -1.7153E+20 -2.2805E+17  1.6648E+16
     1.096000
  3.5577E+21  7.9333E+21  1.5487E+23  4.0975E+22 -1.4036E+07 -1.9440E+05  8.4579E+23 -4.5227E+20 -6.0470E+17  4.4115E+16
     1.101480
  9.3807E+21  2.0918E+22  4.0834E+23  1.0804E+23 -2.2011E+07 -8.1897E+05  2.2301E+24 -1.1925E+21 -1.6034E+18  1.1689E+17
     1.106960
  2.4734E+22  5.5154E+22  1.0767E+24  2.8487E+23 -1.0612E+08 -8.9926E+04  5.8801E+24 -3.1443E+21 -4.2511E+18  3.0974E+17
     1.112440
  6.5216E+22  1.4542E+23  2.8389E+24  7.5112E+23  1.6863E+08 -8.6491E+06  1.5504E+25 -8.2905E+21 -1.1271E+19  8.2070E+17
     1.117920
  1.7196E+23  3.8344E+23  7.4853E+24  1.9805E+24  5.2805E+08 -1.6919E+07  4.0880E+25 -2.1860E+22 -2.9883E+19  2.1745E+18
     1.123400
  4.5340E+23  1.0110E+24  1.9737E+25  5.2220E+24  6.0499E+09  6.1451E+06  1.0779E+26 -5.7638E+22 -7.9224E+19  5.7615E+18
     1.128880
  1.1955E+24  2.6658E+24  5.2039E+25  1.3769E+25  3.9961E+09  5.3049E+07  2.8421E+26 -1.5197E+23 -2.1003E+20  1.5265E+19
     1.134360
  3.1521E+24  7.0289E+24  1.3721E+26  3.6304E+25 -2.5751E+10  1.3773E+08  7.4937E+26 -4.0071E+23 -5.5679E+20  4.0443E+19
     1.139840
  8.3113E+24  1.8533E+25  3.6179E+26  9.5724E+25 -1.3379E+10 -2.2930E+08  1.9759E+27 -1.0566E+24 -1.4760E+21  1.0715E+20
     1.145320
  2.1914E+25  4.8866E+25  9.5394E+26  2.5240E+26  4.9982E+10 -9.4041E+08  5.2098E+27 -2.7858E+24 -3.9127E+21  2.8386E+20
     1.150800
  5.7782E+25  1.2885E+26  2.5153E+27  6.6550E+26 -5.1372E+11  1.6758E+09  1.3737E+28 -7.3455E+24 -1.0372E+22  7.5201E+20
     1.156280
  1.5235E+26  3.3973E+26  6.6320E+27  1.7547E+27  1.0121E+11  1.4206E+10  3.6220E+28 -1.9368E+25 -2.7493E+22  1.9922E+21
     1.161760
  4.0171E+26  8.9577E+26  1.7487E+28  4.6267E+27 -2.6630E+12 -8.8189E+09  9.5501E+28 -5.1067E+25 -7.2873E+22  5.2776E+21
     1.167240
  1.0592E+27  2.3619E+27  4.6107E+28  1.2199E+28 -9.2382E+12  2.0927E+10  2.5181E+29 -1.3465E+26 -1.9315E+23  1.3981E+22
     1.172720
  2.7928E+27  6.2276E+27  1.2157E+29  3.2166E+28  3.3278E+12  1.6257E+11  6.6394E+29 -3.5503E+26 -5.1195E+23  3.7034E+22
     1.178200
  7.3638E+27  1.6420E+28  3.2055E+29  8.4812E+28 -3.4882E+13  1.6470E+11  1.7506E+30 -9.3612E+26 -1.3569E+24  9.8102E+22
     1.183680
  6.5086E-02  1.4513E-01  2.8332E+00  7.4962E-01  1.3533E-16 -2.5558E-18  1.5473E+01 -8.2740E-03 -1.2055E-05  8.7109E-07
     1.189160
  1.7161E-01  3.8268E-01  7.4703E+00  1.9765E+00 -1.2697E-15 -1.3996E-17  4.0798E+01 -2.1816E-02 -3.1949E-05  2.3074E-06
     1.194640
  4.5250E-01  1.0090E+00  1.9697E+01  5.2115E+00 -4.8074E-15 -2.6245E-17  1.0757E+02 -5.7523E-02 -8.4672E-05  6.1117E-06
     1.200120
  1.1931E+00  2.6605E+00  5.1936E+01  1.3741E+01  1.2280E-14  3.6271E-17  2.8364E+02 -1.5167E-01 -2.2439E-04  1.6188E-05
     1.205600
  3.1459E+00  7.0149E+00  1.3694E+02  3.6232E+01  8.6210E-15  1.3670E-16  7.4787E+02 -3.9991E-01 -5.9466E-04  4.2877E-05
     1.211080
  8.2947E+00  1.8496E+01  3.6107E+02  9.5533E+01  2.8619E-14  8.5073E-17  1.9719E+03 -1.0545E+00 -1.5758E-03  1.1356E-04
     1.216560
  2.1871E+01  4.8769E+01  9.5203E+02  2.5189E+02  1.7091E-13 -2.7633E-15  5.1994E+03 -2.7803E+00 -4.1759E-03  3.0078E-04
     1.222040
  5.7667E+01  1.2859E+02  2.5102E+03  6.6417E+02 -5.8261E-13  3.9079E-15  1.3709E+04 -7.3308E+00 -1.1066E-02  7.9661E-04
     1.227520
  1.5205E+02  3.3905E+02  6.6188E+03  1.7512E+03 -1.4965E-12 -3.7304E-15  3.6147E+04 -1.9329E+01 -2.9322E-02  2.1098E-03
     1.233000
  4.0091E+02  8.9399E+02  1.7452E+04  4.6175E+03  2.1432E-12 -3.1671E-14  9.5310E+04 -5.0965E+01 -7.7694E-02  5.5875E-03
     1.238480
  1.0571E+03  2.3572E+03  4.6015E+04  1.2175E+04 -5.1765E-13 -6.3707E-14  2.5131E+05 -1.3438E+02 -2.0587E-01  1.4798E-02
     1.243960
  2.7872E+03  6.2152E+03  1.2133E+05  3.2102E+04  1.0383E-11 -5.1377E-14  6.6262E+05 -3.5432E+02 -5.4546E-01  3.9189E-02
     1.249440
  7.3491E+03  1.6388E+04  3.1991E+05  8.4643E+04  3.4685E-11  6.9044E-13  1.7471E+06 -9.3425E+02 -1.4452E+00  1.0378E-01
     1.254920
  1.9378E+04  4.3210E+04  8.4350E+05  2.2318E+05 -9.9202E-11 -9.3388E-13  4.6067E+06 -2.4633E+03 -3.8291E+00  2.7483E-01
     1.260400
  5.1093E+04  1.1393E+05  2.2241E+06  5.8845E+05  3.9842E-10 -1.5587E-12  1.2146E+07 -6.4951E+03 -1.0145E+01  7.2779E-01
     1.265880
  1.3472E+05  3.0040E+05  5.8642E+06  1.5516E+06 -2.9601E-10 -9.4837E-13  3.2027E+07 -1.7126E+04 -2.6878E+01  1.9273E+00
     1.271360
  3.5521E+05  7.9207E+05  1.5462E+07  4.0911E+06  2.1846E-09  1.3065E-12  8.4445E+07 -4.5156E+04 -7.1207E+01  5.1035E+00
     1.276840
  9.3659E+05  2.0885E+06  4.0770E+07  1.0787E+07 -9.0404E-09 -5.8166E-11  2.2266E+08 -1.1906E+05 -1.8865E+02  1.3514E+01
     1.282320
  2.4695E+06  5.5067E+06  1.0750E+08  2.8442E+07  2.8717E-09 -1.0871E-10  5.8708E+08 -3.1393E+05 -4.9976E+02  3.5784E+01
     1.287800
  6.5114E+06  1.4520E+07  2.8344E+08  7.4994E+07  7.9819E-08 -2.5100E-10  1.5480E+09 -8.2775E+05 -1.3239E+03  9.4753E+01
     1.293280
  1.7169E+07  3.8284E+07  7.4735E+08  1.9774E+08 -1.9142E-07  7.3438E-10  4.0815E+09 -2.1825E+06 -3.5071E+03  2.5089E+02
     1.298760
  4.5269E+07  1.0094E+08  1.9705E+09  5.2137E+08 -7.6016E-08  6.9142E-10  1.0762E+10 -5.7547E+06 -9.2905E+03  6.6431E+02
     1.304240
  1.1936E+08  2.6616E+08  5.1957E+09  1.3747E+09 -1.4621E-06 -1.8174E-09  2.8376E+10 -1.5173E+07 -2.4610E+04  1.7589E+03
     1.309720
  3.1472E+08  7.0178E+08  1.3700E+10  3.6247E+09  1.6078E-07 -3.3913E-08  7.4819E+10 -4.0008E+07 -6.5189E+04  4.6571E+03
     1.315200
  8.2982E+08  1.8504E+09  3.6122E+10  9.5573E+09  4.2515E-06 -2.9345E-08  1.9728E+11 -1.0549E+08 -1.7268E+05  1.2331E+04
     1.320680
  2.1880E+09  4.8789E+09  9.5243E+10  2.5200E+10  1.2948E-06 -3.9966E-08  5.2016E+11 -2.7814E+08 -4.5738E+05  3.2647E+04
     1.326160
  5.7691E+09  1.2864E+10  2.5113E+11  6.6445E+10 -4.6250E-06  8.9577E-08  1.3715E+12 -7.3339E+08 -1.2115E+06  8.6434E+04
     1.331640
  1.5211E+10  3.3920E+10  6.6215E+11  1.7520E+11  8.8455E-05  7.2592E-08  3.6163E+12 -1.9337E+09 -3.2088E+06  2.2884E+05
     1.337120
  4.0108E+10  8.9436E+10  1.7459E+12  4.6194E+11  1.2904E-04 -8.8609E-08  9.5350E+12 -5.0987E+09 -8.4989E+06  6.0584E+05
     1.342600
  1.0575E+11  2.3582E+11  4.6034E+12  1.2180E+12 -7.7260E-05 -6.1184E-06  2.5141E+13 -1.3444E+10 -2.2510E+07  1.6039E+06
     1.348080
  2.7884E+11  6.2178E+11  1.2138E+13  3.2115E+12  9.4324E-04 -3.1104E-06  6.6290E+13 -3.5447E+10 -5.9618E+07  4.2463E+06
     1.353560
  7.3522E+11  1.6395E+12  3.2004E+13  8.4678E+12 -1.7687E-03 -3.0661E-05  1.7479E+14 -9.3464E+10 -1.5790E+08  1.1241E+07
     1.359040
  1.9386E+12  4.3228E+12  8.4386E+13  2.2327E+13 -1.4815E-02  2.2480E-04  4.6086E+14 -2.4644E+11 -4.1817E+08  2.9759E+07
     1.364520
  5.1114E+12  1.1398E+13  2.2250E+14  5.8870E+13 -3.1891E-02  1.3850E-04  1.2152E+15 -6.4978E+11 -1.1075E+09  7.8781E+07
     1.370000
  1.3477E+13  3.0053E+13  5.8667E+14  1.5522E+14  8.3783E-02 -5.1952E-04  3.2040E+15 -1.7133E+12 -2.9329E+09  2.0855E+08
     1.375480
  3.5536E+13  7.9241E+13  1.5469E+15  4.0928E+14 -1.1187E-01  2.8108E-03  8.4480E+15 -4.5174E+12 -7.7672E+09  5.5208E+08
     1.380960
  9.3698E+13  2.0893E+14  4.0787E+15  1.0791E+15 -8.8927E-01 -4.5803E-03  2.2275E+16 -1.1911E+13 -2.0569E+10  1.4614E+09
     1.386440
  2.4705E+14  5.5090E+14  1.0754E+16  2.8454E+15 -5.0634E-01 -8.9465E-03  5.8733E+16 -3.1406E+13 -5.4470E+10  3.8685E+09
     1.391920
  6.5141E+14  1.4526E+15  2.8356E+16  7.5025E+15 -4.8293E+00 -2.2249E-03  1.5486E+17 -8.2809E+13 -1.4424E+11  1.0240E+10
     1.397400
  1.7176E+15  3.8300E+15  7.4766E+16  1.9782E+16  4.4616E+00 -1.7599E-02  4.0832E+17 -2.1834E+14 -3.8196E+11  2.7106E+10
     1.402880
  4.5287E+15  1.0099E+16  1.9714E+17  5.2159E+16  9.2165E+00  8.2269E-01  1.0766E+18 -5.7571E+14 -1.0114E+12  7.1750E+10
     1.408360
  1.1941E+16  2.6627E+16  5.1979E+17  1.3753E+17 -3.2274E+01 -2.6964E-01  2.8388E+18 -1.5180E+15 -2.6782E+12  1.8992E+11
     1.413840
  3.1485E+16  7.0207E+16  1.3705E+18  3.6262E+17  1.6280E+02 -5.6807E+00  7.4850E+18 -4.0025E+15 -7.0918E+12  5.0269E+11
     1.419320
  8.3017E+16  1.8512E+17  3.6137E+18  9.5613E+17  5.5190E+02  5.6006E+00  1.9736E+19 -1.0553E+16 -1.8778E+13  1.3306E+12
     1.424800
  2.1889E+17  4.8810E+17  9.5283E+18  2.5210E+18  2.2455E+02  2.9667E+00  5.2037E+19 -2.7826E+16 -4.9721E+13  3.5218E+12
     1.430280
  5.7715E+17  1.2870E+18  2.5123E+19  6.6472E+18  1.3041E+02 -5.5927E+01  1.3721E+20 -7.3369E+16 -1.3165E+14  9.3213E+12
     1.435760
  1.5218E+18  3.3934E+18  6.6243E+19  1.7527E+19 -4.3411E+03 -2.0514E+01  3.6178E+20 -1.9345E+17 -3.4857E+14  2.4671E+13
     1.441240
  4.0125E+18  8.9473E+18  1.7466E+20  4.6213E+19  1.0965E+04 -7.3884E+01  9.5390E+20 -5.1008E+17 -9.2291E+14  6.5298E+13
     1.446720
  1.0580E+19  2.3592E+19  4.6054E+20  1.2185E+20 -4.2454E+04  8.5198E+01  2.5152E+21 -1.3449E+18 -2.4435E+15  1.7282E+14
     1.452200
  2.7896E+19  6.2204E+19  1.2143E+21  3.2128E+20 -2.0261E+04  2.1351E+02  6.6317E+21 -3.5462E+18 -6.4694E+15  4.5739E+14
     1.457680
  7.3553E+19  1.6401E+20  3.2018E+21  8.4713E+20 -3.1428E+05  7.9832E+03  1.7486E+22 -9.3503E+18 -1.7128E+16  1.2105E+15
     1.463160
  1.9394E+20  4.3246E+20  8.4421E+21  2.2336E+21  1.6362E+06 -2.1353E+04  4.6105E+22 -2.4654E+19 -4.5347E+16  3.2038E+15
     1.468640
  5.1136E+20  1.1403E+21  2.2259E+22  5.8895E+21  1.4259E+04 -1.3376E+04  1.2157E+23 -6.5005E+19 -1.2005E+17  8.4788E+15
     1.474120
  1.3483E+21  3.0065E+21  5.8691E+22  1.5529E+22  1.4469E+07 -2.7782E+04  3.2054E+23 -1.7140E+20 -3.1783E+17  2.2439E+16
     1.479600
  3.5551E+21  7.9274E+21  1.5475E+23  4.0945E+22  3.8565E+02 -1.1960E+05  8.4516E+23 -4.5193E+20 -8.4141E+17  5.9384E+16
     1.485080
  9.3737E+21  2.0902E+22  4.0804E+23  1.0796E+23 -7.0700E+07  1.4108E+05  2.2284E+24 -1.1916E+21 -2.2275E+18  1.5715E+17
     1.490560
  2.4716E+22  5.5113E+22  1.0759E+24  2.8466E+23  2.6546E+08 -1.3583E+06  5.8757E+24 -3.1419E+21 -5.8968E+18  4.1589E+17
     1.496040
  6.5168E+22  1.4532E+23  2.8368E+24  7.5056E+23  1.7002E+08  1.4955E+06  1.5493E+25 -8.2844E+21 -1.5610E+19  1.1006E+18
     1.500000
  1.3131E+23  2.9281E+23  5.7160E+24  1.5124E+24 -1.5177E+09  4.4218E+06  3.1217E+25 -1.6693E+22 -3.1545E+19  2.2235E+18
