     0.000000
  1.7631E-03  8.6900E-36  1.4021E-10  2.3699E-03  0.0000E+00  0.0000E+00  0.0000E+00  0.0000E+00  0.0000E+00  0.0000E+00
     0.003860
  1.2479E-03  8.3846E-05  4.6808E-03  2.5037E-03 -2.5828E-18  1.4021E-21  4.2140E-02 -5.1208E-05  3.1241E-06  1.2653E-07
     0.007720
  9.8860E-04  1.6122E-04  7.0053E-03  2.5991E-03  6.3714E-20 -5.4315E-22  2.7300E-02 -5.6620E-05 -5.3157E-05  1.6318E-07
     0.011580
  1.1579E-03  2.3814E-04  6.8096E-03  2.9896E-03  1.3915E-18 -9.6068E-22  3.5341E-02 -4.8079E-05 -1.4871E-05  5.6185E-08
     0.015440
  1.3493E-03  3.7004E-04  7.8605E-03  4.2553E-03 -2.5330E-18  1.9818E-21  5.5375E-02 -4.6610E-05  2.4232E-05 -1.0435E-08
     0.019300
  1.5826E-03  5.8827E-04  9.0475E-03  5.7345E-03  1.1539E-18 -2.4378E-21  6.7299E-02 -5.6220E-05  3.0627E-05 -1.8455E-08
     0.023160
  1.9361E-03  8.5113E-04  1.0268E-02  6.9755E-03  2.5933E-18 -3.5720E-21  8.4138E-02 -8.1840E-05  2.4641E-05 -1.2218E-08
     0.027020
  2.3947E-03  1.1151E-03  1.2424E-02  8.4387E-03 -3.5552E-18 -2.6908E-21  1.1661E-01 -1.2799E-04  7.0541E-06  1.7821E-09
     0.030880
  2.9532E-03  1.3906E-03  1.5801E-02  1.0667E-02 -2.6371E-18  1.1589E-22  1.6413E-01 -1.9496E-04 -1.2035E-05  1.5416E-08
     0.034740
  3.6314E-03  1.7461E-03  2.0380E-02  1.3851E-02 -1.0712E-17 -5.5186E-21  2.2345E-01 -2.7813E-04 -1.8170E-05  1.6815E-08
     0.038600
  4.4381E-03  2.2452E-03  2.5803E-02  1.8028E-02  3.8725E-18 -4.0274E-21  2.9090E-01 -3.6806E-04 -1.1706E-05  8.2351E-09
     0.042460
  5.4035E-03  2.9055E-03  3.1650E-02  2.3291E-02 -5.6165E-18 -4.3078E-22  3.6681E-01 -4.6017E-04 -1.9007E-06 -8.6112E-10
     0.046320
  6.6101E-03  3.7595E-03  3.8460E-02  2.9681E-02  1.8725E-17 -4.4438E-21  4.5878E-01 -5.6774E-04  5.9514E-06 -7.3680E-09
     0.050180
  8.1481E-03  4.8774E-03  4.7748E-02  3.7229E-02  1.1676E-17  4.4888E-20  5.7924E-01 -7.1301E-04  9.8995E-06 -1.1898E-08
     0.054040
  1.0088E-02  6.3307E-03  6.0853E-02  4.6392E-02 -7.4314E-18 -2.3638E-20  7.3893E-01 -9.0840E-04  8.1543E-06 -1.1262E-08
     0.057900
  1.2563E-02  8.0991E-03  7.7858E-02  5.8108E-02  2.6045E-17  7.4756E-21  9.4428E-01 -1.1565E-03  1.6667E-06 -2.9641E-09
     0.061760
  1.5771E-02  1.0152E-02  9.8756E-02  7.3405E-02 -4.2142E-17 -1.6417E-20  1.2052E+00 -1.4627E-03 -5.9877E-06 -7.2880E-09
     0.065620
  1.9957E-02  1.2581E-02  1.2426E-01  9.3447E-02  6.5898E-17  3.3768E-20  1.5426E+00 -1.8572E-03 -5.8989E-06  1.8587E-08
     0.069480
  2.5393E-02  1.5660E-02  1.5693E-01  1.1979E-01  6.1890E-17 -9.0556E-20  1.9903E+00 -2.3820E-03 -1.0921E-05  5.9526E-09
     0.073340
  3.2407E-02  1.9902E-02  1.9998E-01  1.5425E-01  1.5872E-17 -2.2265E-19  2.5739E+00 -3.0911E-03 -1.8718E-05  1.6149E-08
     0.077200
  4.1362E-02  2.5730E-02  2.5697E-01  1.9913E-01  3.3067E-17 -5.1632E-20  3.3321E+00 -4.0120E-03 -2.5426E-05 -1.9081E-08
     0.081060
  5.2750E-02  3.3630E-02  3.3125E-01  2.5653E-01 -5.8432E-17 -2.4803E-21  4.2864E+00 -5.1914E-03 -2.0477E-05  7.9359E-08
     0.084920
  6.7320E-02  4.3527E-02  4.2551E-01  3.2994E-01 -7.8020E-17 -1.1096E-19  5.4927E+00 -6.6548E-03 -6.5936E-05 -1.0468E-07
     0.088780
  8.5992E-02  5.5951E-02  5.4571E-01  4.2282E-01  2.0681E-16 -1.0653E-19  7.0249E+00 -8.5055E-03  1.6511E-06  1.3095E-07
     0.092640
  1.1007E-01  7.1606E-02  6.9781E-01  5.4098E-01  3.6455E-16  5.9672E-20  8.9809E+00 -1.0862E-02 -8.7817E-05  6.7639E-08
     0.096500
  1.4134E-01  9.1008E-02  8.9222E-01  6.9263E-01 -1.4735E-16  5.4301E-20  1.1521E+01 -1.3892E-02 -8.9640E-05 -2.7923E-07
     0.100360
  1.8169E-01  1.1610E-01  1.1459E+00  8.8791E-01 -5.0618E-17 -1.6828E-18  1.4847E+01 -1.7879E-02  4.1362E-05  3.2723E-07
     0.104220
  2.3356E-01  1.4966E-01  1.4746E+00  1.1414E+00  1.7448E-16  1.8276E-19  1.9145E+01 -2.3059E-02 -1.4800E-04  1.5595E-07
     0.108080
  3.0052E-01  1.9288E-01  1.8964E+00  1.4706E+00 -1.5951E-15 -1.1290E-18  2.4677E+01 -2.9695E-02 -1.6150E-04 -6.3936E-07
     0.111940
  3.8649E-01  2.4811E-01  2.4422E+00  1.8959E+00 -2.3337E-15  5.2032E-19  3.1823E+01 -3.8281E-02  9.4281E-05  1.0235E-07
     0.115800
  4.9646E-01  3.2032E-01  3.1463E+00  2.4432E+00 -1.1228E-15  4.6340E-19  4.0949E+01 -4.9331E-02 -7.0924E-05  6.7535E-07
     0.119660
  6.3792E-01  4.1323E-01  4.0445E+00  3.1445E+00  2.8749E-15  1.0496E-18  5.2557E+01 -6.3388E-02 -2.8797E-04 -4.1932E-07
     0.123520
  8.2028E-01  5.3046E-01  5.1942E+00  4.0418E+00  1.4325E-15 -8.3190E-19  6.7506E+01 -8.1387E-02 -5.6059E-05 -1.0178E-06
     0.127380
  1.0550E+00  6.8032E-01  6.6782E+00  5.1927E+00 -3.6550E-16  1.6341E-18  8.6800E+01 -1.0464E-01  1.8414E-04  6.2109E-07
     0.131240
  1.3567E+00  8.7524E-01  8.5916E+00  6.6726E+00  5.8517E-15 -7.0658E-19  1.1165E+02 -1.3463E-01 -1.1946E-04  1.4684E-06
     0.135100
  1.7456E+00  1.1264E+00  1.1047E+01  8.5792E+00  9.2530E-16 -3.9106E-18  1.4362E+02 -1.7315E-01 -3.4523E-04 -4.4396E-07
     0.138960
  2.2462E+00  1.4486E+00  1.4207E+01  1.1037E+01 -9.0974E-15  3.9210E-18  1.8489E+02 -2.2274E-01  7.4026E-05 -4.9366E-07
     0.142820
  2.8898E+00  1.8633E+00  1.8279E+01  1.4206E+01  4.5513E-15 -1.2695E-18  2.3798E+02 -2.8666E-01  3.5000E-04  1.7476E-06
     0.146680
  3.7164E+00  2.3991E+00  2.3516E+01  1.8283E+01  1.8980E-14  6.7615E-18  3.0613E+02 -3.6891E-01  1.7326E-04  4.0769E-06
     0.150540
  4.7790E+00  3.0879E+00  3.0240E+01  2.3521E+01 -2.8113E-15 -8.8638E-18  3.9352E+02 -4.7455E-01 -5.3591E-05  3.4259E-06
     0.154400
  6.1455E+00  3.9706E+00  3.8877E+01  3.0245E+01  1.9732E-14 -4.4070E-18  5.0586E+02 -6.1019E-01  5.6677E-04  4.4096E-06
     0.158260
  7.9023E+00  5.1045E+00  4.9987E+01  3.8883E+01  1.7028E-14  1.4153E-18  6.5034E+02 -7.8458E-01  1.0287E-03  8.3273E-06
     0.162120
  1.0161E+01  6.5632E+00  6.4272E+01  4.9985E+01  1.0196E-14  2.1888E-17  8.3614E+02 -1.0088E+00  1.1840E-03  1.2816E-05
     0.165980
  1.3065E+01  8.4399E+00  8.2638E+01  6.4260E+01 -1.0931E-13 -2.4170E-18  1.0751E+03 -1.2970E+00  1.1213E-03  1.5439E-05
     0.169840
  1.6801E+01  1.0852E+01  1.0625E+02  8.2621E+01  5.3984E-14 -5.0110E-18  1.3824E+03 -1.6677E+00  1.8494E-03  1.7025E-05
     0.173700
  2.1603E+01  1.3952E+01  1.3663E+02  1.0624E+02 -6.2791E-14 -5.8552E-17  1.7778E+03 -2.1443E+00  3.6493E-03  2.2187E-05
     0.177560
  2.7778E+01  1.7941E+01  1.7571E+02  1.3662E+02 -2.9962E-14  9.2485E-17  2.2861E+03 -2.7573E+00  4.6872E-03  2.8307E-05
     0.181420
  3.5716E+01  2.3070E+01  2.2595E+02  1.7568E+02  8.3952E-14  7.3411E-17  2.9396E+03 -3.5456E+00  6.3929E-03  3.0796E-05
     0.185280
  4.5925E+01  2.9664E+01  2.9056E+02  2.2589E+02  1.8073E-13 -2.1615E-17  3.7799E+03 -4.5589E+00  9.5902E-03  3.5374E-05
     0.189140
  5.9051E+01  3.8143E+01  3.7367E+02  2.9047E+02  2.9250E-13  2.1305E-16  4.8606E+03 -5.8618E+00  1.3304E-02  3.5783E-05
     0.193000
  7.5934E+01  4.9045E+01  4.8058E+02  3.7351E+02 -5.0851E-14 -1.4836E-16  6.2506E+03 -7.5372E+00  2.0796E-02  3.5150E-05
     0.196860
  9.7649E+01  6.3063E+01  6.1809E+02  4.8031E+02 -1.9232E-13 -5.5011E-17  8.0387E+03 -9.6921E+00  3.0919E-02  3.9896E-05
     0.200720
  1.2558E+02  8.1095E+01  7.9500E+02  6.1770E+02 -7.6407E-15  4.4150E-16  1.0339E+04 -1.2464E+01  4.1319E-02  3.3323E-05
     0.204580
  1.6151E+02  1.0429E+02  1.0226E+03  7.9443E+02  8.3005E-13  1.0823E-16  1.3298E+04 -1.6030E+01  5.8630E-02  1.8707E-05
     0.208440
  2.0773E+02  1.3412E+02  1.3154E+03  1.0218E+03 -7.2370E-14 -8.5992E-17  1.7105E+04 -2.0616E+01  8.3640E-02  1.0198E-05
     0.212300
  2.6718E+02  1.7250E+02  1.6920E+03  1.3143E+03  6.2483E-14  4.3474E-16  2.2002E+04 -2.6516E+01  1.1315E-01 -7.8918E-06
     0.216160
  3.4366E+02  2.2187E+02  2.1766E+03  1.6905E+03  7.2383E-13  7.4273E-16  2.8303E+04 -3.4106E+01  1.5459E-01 -3.8159E-05
     0.220020
  4.4205E+02  2.8538E+02  2.8001E+03  2.1746E+03 -9.8892E-13  1.0610E-15  3.6407E+04 -4.3870E+01  2.1228E-01 -6.8310E-05
     0.223880
  5.6863E+02  3.6708E+02  3.6022E+03  2.7973E+03 -3.4983E-12 -1.0345E-15  4.6834E+04 -5.6431E+01  2.8357E-01 -1.2276E-04
     0.227740
  7.3147E+02  4.7219E+02  4.6340E+03  3.5984E+03 -1.3637E-12 -7.9014E-16  6.0249E+04 -7.2592E+01  3.7773E-01 -2.1460E-04
     0.231600
  9.4096E+02  6.0740E+02  5.9616E+03  4.6290E+03 -7.3483E-13  1.8453E-15  7.7506E+04 -9.3382E+01  5.0797E-01 -3.2480E-04
     0.235460
  1.2105E+03  7.8134E+02  7.6694E+03  5.9549E+03 -2.4383E-12  1.3334E-15  9.9706E+04 -1.2013E+02  6.8047E-01 -4.4768E-04
     0.239320
  1.5572E+03  1.0051E+03  9.8665E+03  7.6606E+03  2.6796E-12 -4.7770E-15  1.2827E+05 -1.5453E+02  9.0269E-01 -5.9768E-04
     0.243180
  2.0033E+03  1.2930E+03  1.2693E+04  9.8550E+03  1.1503E-12 -3.4843E-15  1.6501E+05 -1.9880E+02  1.1897E+00 -7.9701E-04
     0.247040
  2.5771E+03  1.6633E+03  1.6329E+04  1.2678E+04  8.3430E-12  1.4700E-14  2.1228E+05 -2.5574E+02  1.5710E+00 -1.0692E-03
     0.250900
  3.3153E+03  2.1397E+03  2.1007E+04  1.6310E+04 -6.6691E-12 -2.1977E-15  2.7309E+05 -3.2900E+02  2.0749E+00 -1.4233E-03
     0.254760
  4.2649E+03  2.7526E+03  2.7024E+04  2.0981E+04 -3.4763E-12 -2.4972E-15  3.5131E+05 -4.2324E+02  2.7311E+00 -1.8798E-03
     0.258620
  5.4866E+03  3.5410E+03  3.4765E+04  2.6991E+04  6.3424E-13 -2.6596E-15  4.5193E+05 -5.4448E+02  3.5827E+00 -2.4768E-03
     0.262480
  7.0581E+03  4.5552E+03  4.4723E+04  3.4722E+04 -3.1552E-11  3.8265E-14  5.8138E+05 -7.0044E+02  4.7051E+00 -3.2478E-03
     0.266340
  9.0798E+03  5.8600E+03  5.7532E+04  4.4668E+04  2.3809E-11  9.5904E-15  7.4789E+05 -9.0107E+02  6.1884E+00 -4.1657E-03
     0.270200
  1.1680E+04  7.5384E+03  7.4009E+04  5.7461E+04 -2.7367E-11 -1.7906E-14  9.6209E+05 -1.1592E+03  8.1072E+00 -5.3035E-03
     0.274060
  1.5026E+04  9.6975E+03  9.5205E+04  7.3918E+04  6.9237E-11 -1.4018E-14  1.2376E+06 -1.4912E+03  1.0589E+01 -6.8255E-03
     0.277920
  1.9329E+04  1.2475E+04  1.2247E+05  9.5088E+04 -2.4254E-10  2.7740E-14  1.5921E+06 -1.9182E+03  1.3832E+01 -8.8446E-03
     0.281780
  2.4865E+04  1.6048E+04  1.5754E+05  1.2232E+05 -6.2702E-11 -5.4612E-15  2.0480E+06 -2.4676E+03  1.8097E+01 -1.1431E-02
     0.285640
  3.1986E+04  2.0644E+04  2.0266E+05  1.5735E+05 -1.8442E-10  1.7679E-13  2.6345E+06 -3.1743E+03  2.3673E+01 -1.4672E-02
     0.289500
  4.1146E+04  2.6556E+04  2.6069E+05  2.0241E+05 -1.3161E-10 -7.7838E-14  3.3889E+06 -4.0833E+03  3.0905E+01 -1.8844E-02
     0.293360
  5.2929E+04  3.4161E+04  3.3534E+05  2.6038E+05 -7.3771E-11  1.4297E-13  4.3594E+06 -5.2527E+03  4.0310E+01 -2.4272E-02
     0.297220
  6.8087E+04  4.3944E+04  4.3138E+05  3.3494E+05 -1.7980E-10 -1.3296E-14  5.6078E+06 -6.7569E+03  5.2587E+01 -3.1255E-02
     0.301080
  8.7585E+04  5.6528E+04  5.5491E+05  4.3086E+05  2.3244E-10  5.9710E-14  7.2136E+06 -8.6918E+03  6.8571E+01 -4.0250E-02
     0.304940
  1.1267E+05  7.2716E+04  7.1382E+05  5.5424E+05 -3.2232E-10 -4.1701E-13  9.2794E+06 -1.1181E+04  8.9333E+01 -5.1920E-02
     0.308800
  1.4493E+05  9.3540E+04  9.1823E+05  7.1296E+05 -7.4051E-10  2.2849E-13  1.1937E+07 -1.4383E+04  1.1629E+02 -6.7153E-02
     0.312660
  1.8643E+05  1.2033E+05  1.1812E+06  9.1712E+05  8.3610E-10 -1.1887E-12  1.5355E+07 -1.8501E+04  1.5131E+02 -8.7194E-02
     0.316520
  2.3982E+05  1.5478E+05  1.5194E+06  1.1798E+06  3.8816E-10  3.1428E-14  1.9752E+07 -2.3800E+04  1.9689E+02 -1.1326E-01
     0.320380
  3.0850E+05  1.9911E+05  1.9545E+06  1.5176E+06  1.1916E-10  1.9240E-14  2.5409E+07 -3.0615E+04  2.5609E+02 -1.4701E-01
     0.324240
  3.9684E+05  2.5613E+05  2.5143E+06  1.9522E+06  9.6869E-10 -5.6722E-13  3.2685E+07 -3.9382E+04  3.3286E+02 -1.9084E-01
     0.328100
  5.1049E+05  3.2947E+05  3.2343E+06  2.5112E+06  1.3224E-09 -9.2148E-13  4.2044E+07 -5.0660E+04  4.3232E+02 -2.4788E-01
     0.331960
  6.5667E+05  4.2382E+05  4.1604E+06  3.2304E+06  1.3951E-09 -2.9119E-12  5.4084E+07 -6.5168E+04  5.6117E+02 -3.2230E-01
     0.335820
  8.4472E+05  5.4519E+05  5.3518E+06  4.1554E+06 -8.3875E-10  2.2795E-12  6.9572E+07 -8.3829E+04  7.2816E+02 -4.1909E-01
     0.339680
  1.0866E+06  7.0132E+05  6.8844E+06  5.3454E+06  1.2369E-09 -2.6396E-12  8.9495E+07 -1.0784E+05  9.4433E+02 -5.4518E-01
     0.343540
  1.3978E+06  9.0215E+05  8.8559E+06  6.8761E+06 -2.9943E-09  1.8726E-12  1.1512E+08 -1.3872E+05  1.2243E+03 -7.0905E-01
     0.347400
  1.7981E+06  1.1605E+06  1.1392E+07  8.8452E+06 -5.2375E-09  1.8134E-12  1.4809E+08 -1.7844E+05  1.5865E+03 -9.2163E-01
     0.351260
  2.3130E+06  1.4928E+06  1.4654E+07  1.1378E+07  8.5712E-09 -1.7710E-11  1.9050E+08 -2.2954E+05  2.0551E+03 -1.1974E+00
     0.355120
  2.9753E+06  1.9203E+06  1.8851E+07  1.4636E+07 -2.3934E-08  6.9138E-12  2.4505E+08 -2.9527E+05  2.6612E+03 -1.5549E+00
     0.358980
  3.8273E+06  2.4702E+06  2.4249E+07  1.8828E+07 -7.5408E-09  5.5826E-12  3.1523E+08 -3.7982E+05  3.4448E+03 -2.0182E+00
     0.362840
  4.9234E+06  3.1776E+06  3.1193E+07  2.4220E+07  1.9725E-08 -7.1057E-12  4.0550E+08 -4.8859E+05  4.4580E+03 -2.6187E+00
     0.366700
  6.3332E+06  4.0875E+06  4.0125E+07  3.1155E+07 -5.2735E-09  5.3206E-12  5.2162E+08 -6.2851E+05  5.7677E+03 -3.3968E+00
     0.370560
  8.1469E+06  5.2581E+06  5.1616E+07  4.0077E+07  1.1094E-08  3.5944E-11  6.7099E+08 -8.0849E+05  7.4606E+03 -4.4044E+00
     0.374420
  1.0480E+07  6.7638E+06  6.6397E+07  5.1553E+07 -8.9575E-09 -4.9803E-12  8.6313E+08 -1.0400E+06  9.6486E+03 -5.7085E+00
     0.378280
  1.3481E+07  8.7007E+06  8.5410E+07  6.6317E+07 -4.0632E-08  6.9457E-12  1.1103E+09 -1.3378E+06  1.2476E+04 -7.3958E+00
     0.382140
  1.7341E+07  1.1192E+07  1.0987E+08  8.5307E+07  1.3036E-07 -6.8176E-11  1.4283E+09 -1.7209E+06  1.6130E+04 -9.5797E+00
     0.386000
  2.2307E+07  1.4397E+07  1.4133E+08  1.0974E+08 -7.9538E-08  6.5466E-11  1.8373E+09 -2.2138E+06  2.0852E+04 -1.2406E+01
     0.389860
  2.8695E+07  1.8520E+07  1.8180E+08  1.4116E+08  5.2387E-08  4.2010E-12  2.3634E+09 -2.8477E+06  2.6953E+04 -1.6062E+01
     0.393720
  3.6913E+07  2.3824E+07  2.3387E+08  1.8158E+08  6.1496E-08 -7.8467E-11  3.0402E+09 -3.6632E+06  3.4836E+04 -2.0792E+01
     0.397580
  4.7483E+07  3.0646E+07  3.0084E+08  2.3358E+08 -5.0598E-08  2.0616E-10  3.9108E+09 -4.7122E+06  4.5021E+04 -2.6912E+01
     0.401440
  6.1081E+07  3.9422E+07  3.8699E+08  3.0047E+08  8.7053E-09  5.7265E-11  5.0307E+09 -6.0616E+06  5.8180E+04 -3.4832E+01
     0.405300
  7.8572E+07  5.0711E+07  4.9780E+08  3.8652E+08  1.2972E-07  3.6516E-10  6.4713E+09 -7.7974E+06  7.5180E+04 -4.5078E+01
     0.409160
  1.0107E+08  6.5233E+07  6.4036E+08  4.9720E+08 -6.1021E-07  2.0943E-10  8.3244E+09 -1.0030E+07  9.7143E+04 -5.8333E+01
     0.413020
  1.3002E+08  8.3913E+07  8.2373E+08  6.3959E+08  6.6728E-07 -9.7405E-11  1.0708E+10 -1.2903E+07  1.2551E+05 -7.5484E+01
     0.416880
  1.6725E+08  1.0794E+08  1.0596E+09  8.2274E+08 -9.4182E-08 -1.2807E-10  1.3775E+10 -1.6597E+07  1.6216E+05 -9.7678E+01
     0.420740
  2.1514E+08  1.3885E+08  1.3631E+09  1.0583E+09  3.9981E-08  7.0477E-10  1.7719E+10 -2.1350E+07  2.0951E+05 -1.2640E+02
     0.424600
  2.7675E+08  1.7862E+08  1.7534E+09  1.3614E+09  7.9934E-07  1.1965E-09  2.2793E+10 -2.7464E+07  2.7066E+05 -1.6357E+02
     0.428460
  3.5600E+08  2.2977E+08  2.2555E+09  1.7513E+09 -1.1288E-06 -7.4007E-11  2.9321E+10 -3.5329E+07  3.4966E+05 -2.1166E+02
     0.432320
  4.5795E+08  2.9556E+08  2.9014E+09  2.2528E+09 -2.3230E-06 -6.5618E-10  3.7717E+10 -4.5446E+07  4.5170E+05 -2.7389E+02
     0.436180
  5.8909E+08  3.8020E+08  3.7322E+09  2.8979E+09 -8.5818E-07 -1.3675E-09  4.8518E+10 -5.8460E+07  5.8350E+05 -3.5441E+02
     0.440040
  7.5778E+08  4.8908E+08  4.8010E+09  3.7277E+09  8.4718E-07 -2.6561E-09  6.2412E+10 -7.5201E+07  7.5373E+05 -4.5861E+02
     0.443900
  9.7478E+08  6.2913E+08  6.1759E+09  4.7952E+09  2.8453E-06  1.9725E-09  8.0284E+10 -9.6736E+07  9.7360E+05 -5.9343E+02
     0.447760
  1.2539E+09  8.0929E+08  7.9444E+09  6.1684E+09  8.8453E-06  2.2460E-09  1.0327E+11 -1.2444E+08  1.2576E+06 -7.6787E+02
     0.451620
  1.6130E+09  1.0410E+09  1.0219E+10  7.9348E+09  2.9176E-06 -2.8589E-09  1.3285E+11 -1.6007E+08  1.6243E+06 -9.9358E+02
     0.455480
  2.0749E+09  1.3392E+09  1.3146E+10  1.0207E+10  1.7030E-05  3.7791E-09  1.7089E+11 -2.0591E+08  2.0980E+06 -1.2856E+03
     0.459340
  2.6691E+09  1.7227E+09  1.6910E+10  1.3130E+10 -6.7488E-06  6.9278E-09  2.1983E+11 -2.6488E+08  2.7097E+06 -1.6634E+03
     0.463200
  3.4334E+09  2.2160E+09  2.1753E+10  1.6890E+10 -9.9259E-07 -2.4203E-09  2.8278E+11 -3.4073E+08  3.4998E+06 -2.1522E+03
     0.467060
  4.4166E+09  2.8505E+09  2.7982E+10  2.1727E+10 -3.3077E-05 -2.8381E-09  3.6376E+11 -4.3830E+08  4.5201E+06 -2.7844E+03
     0.470920
  5.6814E+09  3.6668E+09  3.5995E+10  2.7948E+10 -1.9443E-05  1.7805E-08  4.6793E+11 -5.6382E+08  5.8377E+06 -3.6024E+03
     0.474780
  7.3083E+09  4.7169E+09  4.6303E+10  3.5952E+10 -1.5341E-05 -4.3910E-08  6.0192E+11 -7.2527E+08  7.5393E+06 -4.6604E+03
     0.478640
  9.4012E+09  6.0676E+09  5.9563E+10  4.6247E+10  2.0145E-05  5.2265E-09  7.7429E+11 -9.3296E+08  9.7366E+06 -6.0291E+03
     0.482500
  1.2093E+10  7.8052E+09  7.6619E+10  5.9491E+10  2.5253E-05 -4.8227E-09  9.9602E+11 -1.2001E+09  1.2574E+07 -7.7994E+03
     0.486360
  1.5556E+10  1.0040E+10  9.8560E+10  7.6527E+10 -3.1638E-05 -9.4870E-09  1.2812E+12 -1.5438E+09  1.6238E+07 -1.0089E+04
     0.490220
  2.0011E+10  1.2915E+10  1.2678E+11  9.8441E+10 -2.2771E-05 -1.1573E-08  1.6482E+12 -1.9859E+09  2.0970E+07 -1.3051E+04
     0.494080
  2.5742E+10  1.6614E+10  1.6309E+11  1.2663E+11  9.4173E-05 -2.4001E-08  2.1201E+12 -2.5546E+09  2.7080E+07 -1.6881E+04
     0.497940
  3.3113E+10  2.1372E+10  2.0979E+11  1.6289E+11  3.4602E-08 -2.8353E-08  2.7273E+12 -3.2861E+09  3.4970E+07 -2.1835E+04
     0.501800
  4.2596E+10  2.7492E+10  2.6987E+11  2.0954E+11 -6.6226E-05 -5.9835E-08  3.5082E+12 -4.2272E+09  4.5158E+07 -2.8242E+04
     0.505660
  5.4794E+10  3.5364E+10  3.4715E+11  2.6955E+11 -3.5072E-04 -2.3945E-07  4.5129E+12 -5.4377E+09  5.8313E+07 -3.6528E+04
     0.509520
  7.0484E+10  4.5491E+10  4.4656E+11  3.4673E+11  1.1624E-04 -5.9340E-08  5.8052E+12 -6.9948E+09  7.5299E+07 -4.7244E+04
     0.513380
  9.0669E+10  5.8518E+10  5.7444E+11  4.4603E+11 -5.4092E-04  5.3180E-08  7.4676E+12 -8.9979E+09  9.7231E+07 -6.1100E+04
     0.517240
  1.1663E+11  7.5276E+10  7.3895E+11  5.7375E+11 -3.4853E-05  1.8837E-07  9.6061E+12 -1.1575E+10  1.2555E+08 -7.9019E+04
     0.521100
  1.5003E+11  9.6832E+10  9.5055E+11  7.3805E+11  7.9059E-04  7.5793E-07  1.2357E+13 -1.4889E+10  1.6211E+08 -1.0219E+05
     0.524960
  1.9300E+11  1.2456E+11  1.2228E+12  9.4941E+11 -9.7475E-04  8.5122E-07  1.5895E+13 -1.9153E+10  2.0932E+08 -1.3215E+05
     0.528820
  2.4826E+11  1.6023E+11  1.5729E+12  1.2213E+12 -1.6136E-03  5.9105E-07  2.0447E+13 -2.4637E+10  2.7028E+08 -1.7089E+05
     0.532680
  3.1936E+11  2.0612E+11  2.0233E+12  1.5710E+12 -4.0513E-04  1.3236E-07  2.6303E+13 -3.1693E+10  3.4898E+08 -2.2098E+05
     0.536540
  4.1081E+11  2.6514E+11  2.6027E+12  2.0209E+12  3.2863E-03 -3.0992E-07  3.3835E+13 -4.0768E+10  4.5059E+08 -2.8575E+05
     0.540400
  5.2845E+11  3.4107E+11  3.3481E+12  2.5996E+12  7.9966E-04 -2.1872E-06  4.3524E+13 -5.2443E+10  5.8177E+08 -3.6948E+05
     0.544260
  6.7978E+11  4.3874E+11  4.3069E+12  3.3440E+12  1.0488E-03  3.7466E-06  5.5988E+13 -6.7461E+10  7.5114E+08 -4.7774E+05
     0.548120
  8.7445E+11  5.6438E+11  5.5402E+12  4.3017E+12 -2.8004E-05  1.4445E-06  7.2021E+13 -8.6779E+10  9.6981E+08 -6.1771E+05
     0.551980
  1.1249E+12  7.2599E+11  7.1267E+12  5.5335E+12  1.9341E-03 -5.0781E-06  9.2645E+13 -1.1163E+11  1.2521E+09 -7.9865E+05
     0.555840
  1.4470E+12  9.3389E+11  9.1675E+12  7.1181E+12  6.0945E-03 -1.6135E-06  1.1917E+14 -1.4360E+11  1.6166E+09 -1.0326E+06
     0.559700
  1.8613E+12  1.2013E+12  1.1793E+13  9.1565E+12 -2.4933E-03 -1.7598E-06  1.5330E+14 -1.8472E+11  2.0871E+09 -1.3350E+06
     0.563560
  2.3944E+12  1.5453E+12  1.5170E+13  1.1779E+13  1.2314E-02  3.6278E-06  1.9720E+14 -2.3761E+11  2.6945E+09 -1.7259E+06
     0.567420
  3.0800E+12  1.9879E+12  1.9514E+13  1.5151E+13 -3.1914E-03 -1.1414E-05  2.5367E+14 -3.0566E+11  3.4787E+09 -2.2313E+06
     0.571280
  3.9620E+12  2.5571E+12  2.5102E+13  1.9490E+13  1.4365E-02 -1.0993E-05  3.2632E+14 -3.9319E+11  4.4910E+09 -2.8845E+06
     0.575140
  5.0966E+12  3.2894E+12  3.2290E+13  2.5072E+13  1.3573E-02 -7.4572E-08  4.1976E+14 -5.0578E+11  5.7978E+09 -3.7289E+06
     0.579000
  6.5561E+12  4.2314E+12  4.1537E+13  3.2251E+13 -2.1547E-03 -1.3366E-05  5.3997E+14 -6.5062E+11  7.4848E+09 -4.8203E+06
     0.582860
  8.4335E+12  5.4431E+12  5.3432E+13  4.1487E+13 -1.1703E-02 -2.2071E-05  6.9460E+14 -8.3693E+11  9.6625E+09 -6.2310E+06
     0.586720
  1.0849E+13  7.0018E+12  6.8733E+13  5.3367E+13 -3.1165E-02  3.3950E-05  8.9350E+14 -1.0766E+12  1.2474E+10 -8.0545E+06
     0.590580
  1.3955E+13  9.0068E+12  8.8415E+13  6.8650E+13 -3.7258E-02  9.0906E-06  1.1494E+15 -1.3849E+12  1.6103E+10 -1.0411E+07
     0.594440
  1.7951E+13  1.1586E+13  1.1373E+14  8.8309E+13 -1.1426E-01 -1.1854E-05  1.4785E+15 -1.7815E+12  2.0787E+10 -1.3457E+07
     0.598300
  2.3092E+13  1.4904E+13  1.4630E+14  1.1360E+14  4.5604E-02  4.4777E-05  1.9019E+15 -2.2916E+12  2.6834E+10 -1.7394E+07
     0.602160
  2.9705E+13  1.9172E+13  1.8820E+14  1.4613E+14  1.8661E-01  1.7624E-05  2.4465E+15 -2.9479E+12  3.4639E+10 -2.2482E+07
     0.606020
  3.8211E+13  2.4662E+13  2.4209E+14  1.8797E+14  2.7960E-01  3.5724E-05  3.1471E+15 -3.7921E+12  4.4714E+10 -2.9058E+07
     0.609880
  4.9154E+13  3.1724E+13  3.1142E+14  2.4180E+14  1.0010E-01 -3.8700E-05  4.0484E+15 -4.8780E+12  5.7719E+10 -3.7556E+07
     0.613740
  6.3229E+13  4.0809E+13  4.0060E+14  3.1104E+14  2.2141E-01  4.7442E-05  5.2077E+15 -6.2748E+12  7.4505E+10 -4.8538E+07
     0.617600
  8.1336E+13  5.2495E+13  5.1532E+14  4.0012E+14  1.2860E-01 -9.6344E-05  6.6990E+15 -8.0717E+12  9.6172E+10 -6.2730E+07
     0.621460
  1.0463E+14  6.7528E+13  6.6289E+14  5.1470E+14 -4.2744E-01 -2.0298E-05  8.6173E+15 -1.0383E+13  1.2414E+11 -8.1070E+07
     0.625320
  1.3459E+14  8.6865E+13  8.5271E+14  6.6209E+14  4.1437E-02 -4.2718E-04  1.1085E+16 -1.3357E+13  1.6024E+11 -1.0477E+08
     0.629180
  1.7313E+14  1.1174E+14  1.0969E+15  8.5168E+14 -8.4865E-02 -6.9917E-05  1.4259E+16 -1.7181E+13  2.0683E+11 -1.3539E+08
     0.633040
  2.2271E+14  1.4374E+14  1.4110E+15  1.0956E+15 -6.9275E-01  8.7789E-04  1.8343E+16 -2.2102E+13  2.6696E+11 -1.7497E+08
     0.636900
  2.8649E+14  1.8490E+14  1.8151E+15  1.4093E+15  1.1069E+00 -7.1756E-04  2.3595E+16 -2.8431E+13  3.4458E+11 -2.2610E+08
     0.640760
  3.6853E+14  2.3785E+14  2.3348E+15  1.8129E+15  5.3615E-01 -6.4454E-04  3.0352E+16 -3.6572E+13  4.4475E+11 -2.9218E+08
     0.644620
  4.7406E+14  3.0596E+14  3.0035E+15  2.3320E+15  2.2598E+00 -2.2598E-03  3.9044E+16 -4.7045E+13  5.7404E+11 -3.7755E+08
     0.648480
  6.0981E+14  3.9358E+14  3.8635E+15  2.9998E+15  7.9879E-01 -1.6808E-04  5.0225E+16 -6.0517E+13  7.4092E+11 -4.8786E+08
     0.652340
  7.8444E+14  5.0628E+14  4.9699E+15  3.8589E+15  1.1161E-01  3.8001E-03  6.4607E+16 -7.7847E+13  9.5628E+11 -6.3039E+08
     0.656200
  1.0091E+15  6.5127E+14  6.3931E+15  4.9639E+15 -4.8352E+00  1.7779E-03  8.3109E+16 -1.0014E+14  1.2342E+12 -8.1453E+08
     0.660060
  1.2980E+15  8.3777E+14  8.2239E+15  6.3854E+15 -5.5533E+00  3.9863E-03  1.0691E+17 -1.2882E+14  1.5930E+12 -1.0525E+09
     0.663920
  1.6697E+15  1.0777E+15  1.0579E+16  8.2140E+15 -4.8300E+00 -4.4559E-04  1.3752E+17 -1.6570E+14  2.0559E+12 -1.3598E+09
     0.667780
  2.1479E+15  1.3863E+15  1.3608E+16  1.0566E+16 -2.7717E+00  9.0747E-04  1.7690E+17 -2.1316E+14  2.6534E+12 -1.7570E+09
     0.671640
  2.7630E+15  1.7833E+15  1.7505E+16  1.3592E+16 -4.5186E+00  1.1379E-02  2.2756E+17 -2.7420E+14  3.4245E+12 -2.2701E+09
     0.675500
  3.5542E+15  2.2939E+15  2.2518E+16  1.7484E+16 -6.1509E+00  1.5957E-03  2.9273E+17 -3.5272E+14  4.4197E+12 -2.9329E+09
     0.679360
  4.5720E+15  2.9508E+15  2.8967E+16  2.2491E+16  5.9654E+00  8.9837E-03  3.7656E+17 -4.5372E+14  5.7040E+12 -3.7892E+09
     0.683220
  5.8813E+15  3.7958E+15  3.7262E+16  2.8932E+16  5.1456E+00  1.8047E-02  4.8439E+17 -5.8365E+14  7.3613E+12 -4.8955E+09
     0.687080
  7.5654E+15  4.8828E+15  4.7932E+16  3.7217E+16  1.1812E+01  2.0580E-02  6.2310E+17 -7.5079E+14  9.5002E+12 -6.3246E+09
     0.690940
  9.7319E+15  6.2811E+15  6.1658E+16  4.7874E+16 -3.1180E+01 -1.2794E-02  8.0153E+17 -9.6579E+14  1.2260E+13 -8.1707E+09
     0.694800
  1.2519E+16  8.0798E+15  7.9315E+16  6.1584E+16  2.4343E+01  6.4929E-03  1.0311E+18 -1.2424E+15  1.5822E+13 -1.0556E+10
     0.698660
  1.6104E+16  1.0394E+16  1.0203E+17  7.9219E+16  7.9230E+01 -9.4749E-03  1.3263E+18 -1.5981E+15  2.0419E+13 -1.3636E+10
     0.702520
  2.0715E+16  1.3370E+16  1.3124E+17  1.0190E+17  5.5635E+01  1.1130E-01  1.7061E+18 -2.0558E+15  2.6350E+13 -1.7616E+10
     0.706380
  2.6647E+16  1.7198E+16  1.6883E+17  1.3109E+17  7.0879E+01  1.4348E-02  2.1947E+18 -2.6445E+15  3.4005E+13 -2.2756E+10
     0.710240
  3.4278E+16  2.2124E+16  2.1717E+17  1.6862E+17  5.6320E+01  1.2072E-01  2.8232E+18 -3.4017E+15  4.3882E+13 -2.9396E+10
     0.714100
  4.4094E+16  2.8459E+16  2.7937E+17  2.1691E+17 -7.4692E+01  6.5959E-02  3.6317E+18 -4.3759E+15  5.6628E+13 -3.7972E+10
     0.717960
  5.6721E+16  3.6608E+16  3.5937E+17  2.7903E+17  3.3888E+02  2.5805E-01  4.6716E+18 -5.6290E+15  7.3076E+13 -4.9050E+10
     0.721820
  7.2964E+16  4.7092E+16  4.6228E+17  3.5893E+17 -3.6928E+01 -2.6322E-01  6.0094E+18 -7.2409E+15  9.4299E+13 -6.3358E+10
     0.725680
  9.3859E+16  6.0577E+16  5.9465E+17  4.6172E+17 -2.7956E+02 -4.0656E-01  7.7303E+18 -9.3144E+15  1.2169E+14 -8.1840E+10
     0.729540
  1.2074E+17  7.7924E+16  7.6494E+17  5.9394E+17  4.0477E+02 -3.4264E-01  9.9440E+18 -1.1982E+16  1.5702E+14 -1.0571E+11
     0.733400
  1.5531E+17  1.0024E+17  9.8400E+17  7.6402E+17 -6.2307E+02  4.6766E-01  1.2792E+19 -1.5413E+16  2.0262E+14 -1.3654E+11
     0.737260
  1.9979E+17  1.2894E+17  1.2658E+18  9.8281E+17 -6.8728E+02  3.7819E-01  1.6455E+19 -1.9827E+16  2.6146E+14 -1.7636E+11
     0.741120
  2.5700E+17  1.6587E+17  1.6282E+18  1.2642E+18  4.3870E+02  3.2479E-01  2.1167E+19 -2.5504E+16  3.3738E+14 -2.2779E+11
     0.744980
  3.3059E+17  2.1337E+17  2.0945E+18  1.6263E+18  2.7368E+02 -1.1659E+00  2.7228E+19 -3.2808E+16  4.3534E+14 -2.9420E+11
     0.748840
  4.2526E+17  2.7447E+17  2.6943E+18  2.0920E+18  1.0227E+02  1.4607E+00  3.5025E+19 -4.2203E+16  5.6174E+14 -3.7998E+11
     0.752700
  5.4704E+17  3.5307E+17  3.4659E+18  2.6911E+18 -2.1463E+02 -8.0257E-01  4.5055E+19 -5.4288E+16  7.2483E+14 -4.9077E+11
     0.756560
  7.0370E+17  4.5417E+17  4.4584E+18  3.4617E+18 -1.4130E+03  2.5843E+00  5.7957E+19 -6.9834E+16  9.3527E+14 -6.3383E+11
     0.760420
  9.0521E+17  5.8423E+17  5.7351E+18  4.4530E+18 -3.1392E+03  4.2508E-01  7.4554E+19 -8.9832E+16  1.2068E+15 -8.1860E+11
     0.764280
  1.1644E+18  7.5153E+17  7.3774E+18  5.7282E+18 -8.4624E+03 -8.8884E-01  9.5904E+19 -1.1556E+17  1.5571E+15 -1.0572E+12
     0.768140
  1.4979E+18  9.6675E+17  9.4900E+18  7.3685E+18  1.5526E+03 -3.5360E+00  1.2337E+20 -1.4865E+17  2.0091E+15 -1.3653E+12
     0.772000
  1.9268E+18  1.2436E+18  1.2208E+19  9.4786E+18 -1.0364E+04 -1.9063E+00  1.5870E+20 -1.9122E+17  2.5923E+15 -1.7632E+12
     0.775860
  2.4786E+18  1.5997E+18  1.5703E+19  1.2193E+19 -4.8413E+03 -2.2407E+00  2.0414E+20 -2.4597E+17  3.3447E+15 -2.2771E+12
     0.779720
  3.1884E+18  2.0578E+18  2.0200E+19  1.5685E+19 -6.0727E+03  8.0169E+00  2.6260E+20 -3.1641E+17  4.3156E+15 -2.9406E+12
     0.783580
  4.1014E+18  2.6471E+18  2.5985E+19  2.0176E+19 -1.3459E+04 -7.8721E+00  3.3780E+20 -4.0702E+17  5.5681E+15 -3.7975E+12
     0.787440
  5.2759E+18  3.4051E+18  3.3426E+19  2.5954E+19 -5.9404E+03 -1.7856E+01  4.3453E+20 -5.2358E+17  7.1841E+15 -4.9039E+12
     0.791300
  6.7867E+18  4.3802E+18  4.2998E+19  3.3386E+19  5.6109E+03  4.4469E+00  5.5897E+20 -6.7351E+17  9.2690E+15 -6.3327E+12
     0.795160
  8.7302E+18  5.6346E+18  5.5312E+19  4.2947E+19  1.4319E+04  1.4876E+01  7.1903E+20 -8.6638E+17  1.1959E+16 -8.1775E+12
     0.799020
  1.1230E+19  7.2481E+18  7.1151E+19  5.5245E+19  1.6106E+03  1.7640E+01  9.2494E+20 -1.1145E+18  1.5429E+16 -1.0560E+13
     0.802880
  1.4446E+19  9.3237E+18  9.1526E+19  7.1065E+19  2.8821E+04  1.7236E+01  1.1898E+21 -1.4336E+18  1.9907E+16 -1.3636E+13
     0.806740
  1.8583E+19  1.1994E+19  1.1774E+20  9.1416E+19  4.4321E+03 -1.0354E+01  1.5305E+21 -1.8442E+18  2.5683E+16 -1.7607E+13
     0.810600
  2.3905E+19  1.5428E+19  1.5145E+20  1.1759E+20 -6.6535E+04  8.7701E+00  1.9688E+21 -2.3723E+18  3.3135E+16 -2.2735E+13
     0.814460
  3.0750E+19  1.9846E+19  1.9482E+20  1.5127E+20  2.3404E+04 -1.4266E+02  2.5326E+21 -3.0516E+18  4.2749E+16 -2.9356E+13
     0.818320
  3.9556E+19  2.5530E+19  2.5061E+20  1.9459E+20  5.8585E+04 -7.4634E+01  3.2579E+21 -3.9255E+18  5.5152E+16 -3.7905E+13
     0.822180
  5.0883E+19  3.2840E+19  3.2238E+20  2.5031E+20 -2.2240E+05  2.4375E+02  4.1908E+21 -5.0496E+18  7.1153E+16 -4.8943E+13
     0.826040
  6.5454E+19  4.2245E+19  4.1469E+20  3.2199E+20  1.1651E+05  8.0086E+01  5.3909E+21 -6.4956E+18  9.1795E+16 -6.3194E+13
     0.829900
  8.4198E+19  5.4342E+19  5.3345E+20  4.1419E+20  7.0011E+05 -2.4448E+02  6.9346E+21 -8.3557E+18  1.1843E+17 -8.1593E+13
     0.833760
  1.0831E+20  6.9904E+19  6.8621E+20  5.3280E+20  1.1025E+05  1.6836E+02  8.9205E+21 -1.0748E+19  1.5278E+17 -1.0535E+14
     0.837620
  1.3932E+20  8.9922E+19  8.8271E+20  6.8538E+20 -1.3681E+06 -8.3481E+02  1.1475E+22 -1.3826E+19  1.9710E+17 -1.3602E+14
     0.841480
  1.7922E+20  1.1567E+20  1.1355E+21  8.8165E+20 -2.2535E+05  5.9893E+01  1.4761E+22 -1.7786E+19  2.5427E+17 -1.7561E+14
     0.845340
  2.3055E+20  1.4880E+20  1.4607E+21  1.1341E+21 -5.9511E+04  9.3668E+01  1.8988E+22 -2.2879E+19  3.2802E+17 -2.2673E+14
     0.849200
  2.9657E+20  1.9141E+20  1.8789E+21  1.4589E+21  6.9529E+05 -7.9435E+01  2.4426E+22 -2.9431E+19  4.2317E+17 -2.9273E+14
     0.853060
  3.8149E+20  2.4622E+20  2.4170E+21  1.8767E+21  8.8947E+05 -7.6073E+02  3.1420E+22 -3.7859E+19  5.4590E+17 -3.7793E+14
     0.856920
  4.9074E+20  3.1673E+20  3.1091E+21  2.4141E+21  1.0743E+06 -6.9258E+02  4.0418E+22 -4.8700E+19  7.0423E+17 -4.8792E+14
     0.860780
  6.3127E+20  4.0743E+20  3.9995E+21  3.1054E+21  1.5863E+06  4.0065E+01  5.1992E+22 -6.2646E+19  9.0847E+17 -6.2991E+14
     0.864640
  8.1204E+20  5.2410E+20  5.1448E+21  3.9947E+21 -1.0740E+06  1.8809E+03  6.6881E+22 -8.0586E+19  1.1719E+18 -8.1321E+14
     0.868500
  1.0446E+21  6.7418E+20  6.6181E+21  5.1386E+21  2.5782E+06 -5.3401E+03  8.6033E+22 -1.0366E+20  1.5118E+18 -1.0498E+15
     0.872360
  1.3437E+21  8.6724E+20  8.5132E+21  6.6101E+21  3.3577E+06 -3.4991E+03  1.1067E+23 -1.3335E+20  1.9502E+18 -1.3553E+15
     0.876220
  1.7285E+21  1.1156E+21  1.0951E+22  8.5030E+21  1.2990E+06  4.1295E+03  1.4236E+23 -1.7153E+20  2.5157E+18 -1.7497E+15
     0.880080
  2.2235E+21  1.4351E+21  1.4087E+22  1.0938E+22  7.0852E+06 -1.4193E+04  1.8313E+23 -2.2066E+20  3.2452E+18 -2.2587E+15
     0.883940
  2.8602E+21  1.8460E+21  1.8121E+22  1.4070E+22 -6.9259E+06 -7.2820E+03  2.3557E+23 -2.8384E+20  4.1861E+18 -2.9158E+15
     0.887800
  3.6793E+21  2.3746E+21  2.3310E+22  1.8099E+22 -2.7027E+06  8.1068E+03  3.0303E+23 -3.6513E+20  5.3999E+18 -3.7640E+15
     0.891660
  4.7329E+21  3.0546E+21  2.9986E+22  2.3282E+22  6.0528E+06  7.6296E+03  3.8981E+23 -4.6968E+20  6.9655E+18 -4.8589E+15
     0.895520
  6.0882E+21  3.9294E+21  3.8573E+22  2.9950E+22 -8.1151E+06 -3.6599E+03  5.0143E+23 -6.0419E+20  8.9850E+18 -6.2722E+15
     0.899380
  7.8316E+21  5.0546E+21  4.9618E+22  3.8526E+22  1.1187E+07  7.4297E+03  6.4502E+23 -7.7720E+20  1.1590E+19 -8.0966E+15
     0.903240
  1.0074E+22  6.5021E+21  6.3827E+22  4.9559E+22  2.7124E+05 -3.9837E+04  8.2973E+23 -9.9977E+20  1.4950E+19 -1.0451E+16
     0.907100
  1.2959E+22  8.3640E+21  8.2105E+22  6.3750E+22  3.5900E+07 -5.8709E+02  1.0673E+24 -1.2861E+21  1.9284E+19 -1.3491E+16
     0.910960
  1.6670E+22  1.0759E+22  1.0562E+23  8.2006E+22  5.6821E+06  2.2418E+04  1.3730E+24 -1.6543E+21  2.4874E+19 -1.7414E+16
     0.914820
  2.1444E+22  1.3840E+22  1.3586E+23  1.0549E+23  1.4872E+07  5.2645E+03  1.7662E+24 -2.1281E+21  3.2084E+19 -2.2478E+16
     0.918680
  2.7585E+22  1.7804E+22  1.7477E+23  1.3570E+23 -5.0840E+07  5.5011E+04  2.2719E+24 -2.7375E+21  4.1385E+19 -2.9014E+16
     0.922540
  3.5484E+22  2.2902E+22  2.2482E+23  1.7456E+23  8.8606E+07 -6.5801E+04  2.9225E+24 -3.5214E+21  5.3380E+19 -3.7451E+16
     0.926400
  4.5646E+22  2.9460E+22  2.8919E+23  2.2454E+23 -2.0261E+08 -2.0695E+05  3.7594E+24 -4.5298E+21  6.8853E+19 -4.8340E+16
     0.930260
  5.8717E+22  3.7896E+22  3.7201E+23  2.8885E+23 -3.7331E+07  7.1427E+04  4.8360E+24 -5.8270E+21  8.8809E+19 -6.2394E+16
     0.934120
  7.5531E+22  4.8749E+22  4.7854E+23  3.7156E+23 -2.1279E+08 -9.5900E+04  6.2209E+24 -7.4957E+21  1.1455E+20 -8.0533E+16
     0.937980
  9.7161E+22  6.2709E+22  6.1558E+23  4.7796E+23 -1.0617E+08  5.2312E+05  8.0023E+24 -9.6421E+21  1.4775E+20 -1.0394E+17
     0.941840
  1.2498E+23  8.0666E+22  7.9186E+23  6.1483E+23 -3.8456E+08  3.4196E+04  1.0294E+25 -1.2403E+22  1.9057E+20 -1.3416E+17
     0.945700
  1.6078E+23  1.0377E+23  1.0186E+24  7.9090E+23 -2.0755E+08 -2.8395E+04  1.3242E+25 -1.5955E+22  2.4579E+20 -1.7316E+17
     0.949560
  2.0682E+23  1.3348E+23  1.3103E+24  1.0174E+24  9.2365E+07  3.3357E+05  1.7034E+25 -2.0524E+22  3.1702E+20 -2.2349E+17
     0.953420
  2.6604E+23  1.7170E+23  1.6855E+24  1.3087E+24  1.0311E+08 -1.0728E+05  2.1911E+25 -2.6402E+22  4.0889E+20 -2.8844E+17
     0.957280
  3.4222E+23  2.2088E+23  2.1682E+24  1.6835E+24  1.7503E+09  1.0134E+06  2.8186E+25 -3.3962E+22  5.2738E+20 -3.7227E+17
     0.961140
  4.4023E+23  2.8413E+23  2.7891E+24  2.1656E+24  1.9984E+09 -2.8350E+06  3.6258E+25 -4.3688E+22  6.8020E+20 -4.8047E+17
     0.965000
  5.6629E+23  3.6549E+23  3.5878E+24  2.7857E+24  2.1904E+09 -4.6753E+05  4.6640E+25 -5.6198E+22  8.7729E+20 -6.2009E+17
     0.968860
  7.2846E+23  4.7015E+23  4.6152E+24  3.5835E+24 -2.9963E+09  3.3944E+06  5.9997E+25 -7.2291E+22  1.1315E+21 -8.0028E+17
     0.972720
  9.3706E+23  6.0479E+23  5.9369E+24  4.6097E+24 -2.3155E+08 -1.6030E+06  7.7177E+25 -9.2993E+22  1.4593E+21 -1.0328E+18
     0.976580
  1.2054E+24  7.7798E+23  7.6370E+24  5.9297E+24  5.8113E+09 -5.8963E+06  9.9278E+25 -1.1962E+23  1.8821E+21 -1.3329E+18
     0.980440
  1.5506E+24  1.0008E+24  9.8239E+24  7.6278E+24  4.3030E+09  8.4984E+05  1.2771E+26 -1.5388E+23  2.4274E+21 -1.7202E+18
     0.984300
  1.9946E+24  1.2873E+24  1.2637E+25  9.8121E+24 -7.8197E+09 -6.2364E+06  1.6428E+26 -1.9794E+23  3.1307E+21 -2.2200E+18
     0.988160
  2.5658E+24  1.6560E+24  1.6256E+25  1.2622E+25 -2.5240E+09  6.3572E+06  2.1132E+26 -2.5463E+23  4.0377E+21 -2.8650E+18
     0.992020
  3.3006E+24  2.1302E+24  2.0911E+25  1.6236E+25 -5.3657E+09 -7.9662E+06  2.7184E+26 -3.2754E+23  5.2074E+21 -3.6973E+18
     0.995880
  4.2457E+24  2.7402E+24  2.6899E+25  2.0886E+25 -2.2184E+10  1.0357E+07  3.4968E+26 -4.2134E+23  6.7159E+21 -4.7713E+18
     0.999740
  5.4615E+24  3.5249E+24  3.4602E+25  2.6867E+25  7.6265E+09 -4.1442E+07  4.4982E+26 -5.4200E+23  8.6614E+21 -6.1573E+18
     1.003600
  7.0255E+24  4.5343E+24  4.4511E+25  3.4561E+25 -7.6835E+09  7.4947E+06  5.7863E+26 -6.9721E+23  1.1170E+22 -7.9458E+18
     1.007460
  9.0374E+24  5.8328E+24  5.7258E+25  4.4458E+25 -5.0081E+10  1.7695E+07  7.4433E+26 -8.9686E+23  1.4406E+22 -1.0254E+19
     1.011320
  1.1625E+25  7.5031E+24  7.3654E+25  5.7189E+25  5.2826E+10 -3.4681E+07  9.5748E+26 -1.1537E+24  1.8579E+22 -1.3232E+19
     1.015180
  1.4954E+25  9.6517E+24  9.4746E+25  7.3565E+25  5.7958E+10  2.2953E+07  1.2317E+27 -1.4841E+24  2.3960E+22 -1.7075E+19
     1.019040
  1.9237E+25  1.2416E+25  1.2188E+26  9.4632E+25  1.6889E+10  6.8869E+07  1.5844E+27 -1.9090E+24  3.0900E+22 -2.2034E+19
     1.022900
  2.4746E+25  1.5971E+25  1.5678E+26  1.2173E+26 -7.0703E+10 -1.3011E+08  2.0381E+27 -2.4557E+24  3.9849E+22 -2.8433E+19
     1.026760
  3.1832E+25  2.0545E+25  2.0168E+26  1.5659E+26  2.1138E+10  5.3368E+07  2.6217E+27 -3.1590E+24  5.1390E+22 -3.6689E+19
     1.030620
  4.0947E+25  2.6428E+25  2.5943E+26  2.0143E+26 -8.7958E+10 -4.4988E+07  3.3725E+27 -4.0636E+24  6.6274E+22 -4.7343E+19
     1.034480
  5.2673E+25  3.3996E+25  3.3372E+26  2.5912E+26  2.8289E+11  1.2954E+08  4.3382E+27 -5.2272E+24  8.5467E+22 -6.1090E+19
     1.038340
  6.7757E+25  4.3731E+25  4.2928E+26  3.3332E+26  4.2297E+11 -1.3340E+08  5.5806E+27 -6.7241E+24  1.1022E+23 -7.8828E+19
     1.042200
  8.7160E+25  5.6254E+25  5.5222E+26  4.2877E+26  1.0219E+10  3.6799E+08  7.1786E+27 -8.6497E+24  1.4214E+23 -1.0172E+20
     1.046060
  1.1212E+26  7.2363E+25  7.1035E+26  5.5155E+26 -7.9513E+11  4.2656E+08  9.2343E+27 -1.1127E+25  1.8330E+23 -1.3125E+20
     1.049920
  1.4423E+26  9.3085E+25  9.1377E+26  7.0949E+26 -8.1924E+10 -1.3585E+08  1.1879E+28 -1.4313E+25  2.3637E+23 -1.6935E+20
     1.053780
  1.8553E+26  1.1974E+26  1.1754E+27  9.1267E+26  9.2676E+10  4.2630E+08  1.5280E+28 -1.8412E+25  3.0482E+23 -2.1851E+20
     1.057640
  2.3866E+26  1.5403E+26  1.5120E+27  1.1740E+27 -1.1012E+12  3.7345E+08  1.9656E+28 -2.3684E+25  3.9308E+23 -2.8195E+20
     1.061500
  3.0700E+26  1.9814E+26  1.9450E+27  1.5102E+27  1.1276E+12 -1.1524E+08  2.5285E+28 -3.0466E+25  5.0690E+23 -3.6379E+20
     1.065360
  3.9491E+26  2.5488E+26  2.5020E+27  1.9427E+27 -6.3492E+11 -5.4132E+08  3.2526E+28 -3.9191E+25  6.5366E+23 -4.6939E+20
     1.069220
  5.0800E+26  3.2787E+26  3.2185E+27  2.4990E+27 -5.0940E+11 -1.7248E+08  4.1840E+28 -5.0414E+25  8.4292E+23 -6.0563E+20
     1.073080
  6.5348E+26  4.2176E+26  4.1402E+27  3.2146E+27  2.9196E+12 -9.4567E+08  5.3821E+28 -6.4850E+25  1.0870E+24 -7.8142E+20
     1.076940
  8.4061E+26  5.4254E+26  5.3258E+27  4.1352E+27  1.3906E+12  3.3960E+09  6.9234E+28 -8.3421E+25  1.4017E+24 -1.0082E+21
     1.080800
  1.0813E+27  6.9790E+26  6.8509E+27  5.3194E+27  9.3250E+11 -4.9266E+09  8.9060E+28 -1.0731E+26  1.8075E+24 -1.3008E+21
     1.084660
  1.3910E+27  8.9775E+26  8.8128E+27  6.8427E+27 -2.6209E+12  4.4795E+09  1.1456E+29 -1.3804E+26  2.3307E+24 -1.6783E+21
     1.088520
  1.7893E+27  1.1548E+27  1.1336E+28  8.8022E+27  8.3882E+10  1.7798E+09  1.4737E+29 -1.7757E+26  3.0055E+24 -2.1654E+21
     1.092380
  2.3017E+27  1.4855E+27  1.4583E+28  1.1323E+28  3.9782E+12 -9.3817E+09  1.8957E+29 -2.2842E+26  3.8755E+24 -2.7938E+21
     1.096240
  2.9608E+27  1.9109E+27  1.8759E+28  1.4565E+28 -1.8844E+13 -8.9073E+08  2.4386E+29 -2.9383E+26  4.9974E+24 -3.6045E+21
     1.100100
  3.8087E+27  2.4582E+27  2.4131E+28  1.8736E+28 -1.2623E+13 -1.4931E+09  3.1369E+29 -3.7797E+26  6.4440E+24 -4.6504E+21
     1.103960
  4.8994E+27  3.1621E+27  3.1041E+28  2.4102E+28  2.0544E+13 -1.2306E+10  4.0352E+29 -4.8621E+26  8.3093E+24 -5.9997E+21
     1.107820
  6.3024E+27  4.0676E+27  3.9930E+28  3.1003E+28  1.2632E+13 -2.2151E+09  5.1907E+29 -6.2544E+26  1.0715E+25 -7.7405E+21
     1.111680
  8.1072E+27  5.2325E+27  5.1364E+28  3.9882E+28 -1.0151E+13  2.4627E+10  6.6772E+29 -8.0455E+26  1.3816E+25 -9.9863E+21
     1.115540
  1.0429E+28  6.7308E+27  6.6073E+28  5.1302E+28  7.0402E+13 -2.6061E+10  8.5893E+29 -1.0349E+27  1.7815E+25 -1.2884E+22
     1.119400
  1.3415E+28  8.6583E+27  8.4994E+28  6.5993E+28  2.2448E+13  1.1741E+10  1.1049E+30 -1.3313E+27  2.2971E+25 -1.6621E+22
     1.123260
  4.7205E-02  3.0466E-02  2.9907E-01  2.3221E-01  2.9389E-17 -4.4580E-20  3.8879E+00 -4.6846E-03  8.1022E-05 -5.8656E-08
     1.127120
  6.0723E-02  3.9191E-02  3.8472E-01  2.9871E-01  3.3001E-16  3.1006E-19  5.0012E+00 -6.0260E-03  1.0447E-04 -7.5672E-08
     1.130980
  7.8111E-02  5.0414E-02  4.9489E-01  3.8425E-01 -1.0927E-15 -1.3502E-19  6.4334E+00 -7.7517E-03  1.3471E-04 -9.7623E-08
     1.134840
  1.0048E-01  6.4851E-02  6.3660E-01  4.9429E-01  4.6180E-16 -3.9275E-19  8.2756E+00 -9.9715E-03  1.7369E-04 -1.2594E-07
     1.138700
  1.2925E-01  8.3421E-02  8.1890E-01  6.3584E-01 -3.3747E-16  5.7403E-19  1.0645E+01 -1.2827E-02  2.2396E-04 -1.6247E-07
     1.142560
  1.6627E-01  1.0731E-01  1.0534E+00  8.1792E-01  9.4511E-16  4.8943E-19  1.3694E+01 -1.6500E-02  2.8877E-04 -2.0959E-07
     1.146420
  2.1388E-01  1.3804E-01  1.3551E+00  1.0521E+00  1.5648E-16  9.4974E-19  1.7615E+01 -2.1225E-02  3.7233E-04 -2.7038E-07
     1.150280
  2.7513E-01  1.7757E-01  1.7431E+00  1.3534E+00  9.7622E-16 -3.6615E-20  2.2660E+01 -2.7303E-02  4.8008E-04 -3.4880E-07
     1.154140
  3.5391E-01  2.2842E-01  2.2423E+00  1.7410E+00  7.1573E-16 -4.2849E-19  2.9149E+01 -3.5122E-02  6.1900E-04 -4.4996E-07
     1.158000
  4.5526E-01  2.9383E-01  2.8844E+00  2.2396E+00 -2.1170E-15  6.2523E-19  3.7496E+01 -4.5180E-02  7.9812E-04 -5.8046E-07
     1.161860
  5.8563E-01  3.7797E-01  3.7104E+00  2.8809E+00  2.1606E-15  6.7553E-19  4.8234E+01 -5.8118E-02  1.0291E-03 -7.4879E-07
     1.165720
  7.5334E-01  4.8621E-01  4.7729E+00  3.7059E+00  2.0015E-15  2.3069E-18  6.2046E+01 -7.4760E-02  1.3268E-03 -9.6592E-07
     1.169580
  9.6907E-01  6.2544E-01  6.1397E+00  4.7671E+00  2.1598E-15 -4.0202E-18  7.9814E+01 -9.6169E-02  1.7107E-03 -1.2460E-06
     1.173440
  1.2466E+00  8.0455E-01  7.8978E+00  6.1323E+00 -7.4110E-16 -4.4912E-18  1.0267E+02 -1.2371E-01  2.2057E-03 -1.6073E-06
     1.177300
  1.6035E+00  1.0349E+00  1.0160E+01  7.8883E+00 -3.5840E-15 -1.1686E-17  1.3207E+02 -1.5913E-01  2.8439E-03 -2.0734E-06
     1.181160
  2.0627E+00  1.3313E+00  1.3069E+01  1.0147E+01 -3.3499E-15 -2.1772E-18  1.6989E+02 -2.0470E-01  3.6667E-03 -2.6745E-06
     1.185020
  2.6534E+00  1.7126E+00  1.6811E+01  1.3053E+01 -1.7769E-14 -6.4430E-18  2.1854E+02 -2.6332E-01  4.7275E-03 -3.4500E-06
     1.188880
  3.4133E+00  2.2030E+00  2.1625E+01  1.6791E+01 -2.0697E-14 -7.2598E-18  2.8112E+02 -3.3873E-01  6.0952E-03 -4.4502E-06
     1.192740
  4.3907E+00  2.8338E+00  2.7818E+01  2.1599E+01  8.0478E-15  2.0619E-17  3.6163E+02 -4.3573E-01  7.8586E-03 -5.7404E-06
     1.196600
  5.6481E+00  3.6453E+00  3.5784E+01  2.7785E+01 -2.0066E-14 -1.1860E-17  4.6518E+02 -5.6051E-01  1.0132E-02 -7.4046E-06
     1.200460
  7.2655E+00  4.6892E+00  4.6032E+01  3.5741E+01 -2.1255E-14  1.0467E-17  5.9840E+02 -7.2102E-01  1.3063E-02 -9.5512E-06
     1.204320
  9.3461E+00  6.0320E+00  5.9213E+01  4.5976E+01  1.9121E-14  2.4023E-17  7.6976E+02 -9.2749E-01  1.6842E-02 -1.2320E-05
     1.208180
  1.2022E+01  7.7594E+00  7.6170E+01  5.9142E+01 -3.8249E-14 -3.3440E-17  9.9019E+02 -1.1931E+00  2.1714E-02 -1.5891E-05
     1.212040
  1.5465E+01  9.9814E+00  9.7982E+01  7.6078E+01 -3.5581E-14 -3.7789E-17  1.2737E+03 -1.5348E+00  2.7995E-02 -2.0498E-05
     1.215900
  1.9894E+01  1.2840E+01  1.2604E+02  9.7864E+01 -3.8571E-17  6.3029E-17  1.6385E+03 -1.9743E+00  3.6093E-02 -2.6439E-05
     1.219760
  2.5591E+01  1.6517E+01  1.6213E+02  1.2589E+02  2.4591E-14 -7.7683E-17  2.1077E+03 -2.5396E+00  4.6534E-02 -3.4103E-05
     1.223620
  3.2919E+01  2.1246E+01  2.0856E+02  1.6194E+02 -1.0042E-13  2.4561E-18  2.7113E+03 -3.2669E+00  5.9993E-02 -4.3987E-05
     1.227480
  4.2346E+01  2.7331E+01  2.6829E+02  2.0831E+02 -1.5597E-13  2.6463E-17  3.4877E+03 -4.2024E+00  7.7346E-02 -5.6736E-05
     1.231340
  5.4472E+01  3.5157E+01  3.4512E+02  2.6797E+02 -2.9177E-13 -9.5826E-17  4.4864E+03 -5.4058E+00  9.9718E-02 -7.3179E-05
     1.235200
  7.0071E+01  4.5225E+01  4.4395E+02  3.4470E+02  1.0772E-13 -4.1864E-16  5.7712E+03 -6.9538E+00  1.2856E-01 -9.4387E-05
     1.239060
  9.0137E+01  5.8176E+01  5.7108E+02  4.4341E+02 -3.4822E-13  9.9397E-17  7.4238E+03 -8.9451E+00  1.6574E-01 -1.2174E-04
     1.242920
  1.1595E+02  7.4835E+01  7.3462E+02  5.7039E+02  4.4224E-13  1.9322E-17  9.5498E+03 -1.1507E+01  2.1368E-01 -1.5702E-04
     1.246780
  1.4915E+02  9.6265E+01  9.4498E+02  7.3373E+02 -1.2367E-12  4.2920E-16  1.2284E+04 -1.4802E+01  2.7548E-01 -2.0252E-04
     1.250640
  1.9187E+02  1.2383E+02  1.2156E+03  9.4384E+02  5.8519E-13  1.2433E-16  1.5802E+04 -1.9041E+01  3.5514E-01 -2.6121E-04
     1.254500
  2.4681E+02  1.5929E+02  1.5637E+03  1.2141E+03 -1.0052E-12  2.1476E-16  2.0328E+04 -2.4493E+01  4.5785E-01 -3.3690E-04
     1.258360
  3.1749E+02  2.0491E+02  2.0115E+03  1.5618E+03  2.6718E-13  2.6870E-17  2.6149E+04 -3.1507E+01  5.9026E-01 -4.3452E-04
     1.262220
  4.0840E+02  2.6359E+02  2.5875E+03  2.0091E+03 -1.3290E-12 -1.3446E-15  3.3637E+04 -4.0529E+01  7.6096E-01 -5.6042E-04
     1.266080
  5.2535E+02  3.3907E+02  3.3285E+03  2.5844E+03  1.3508E-13 -1.4571E-15  4.3269E+04 -5.2136E+01  9.8101E-01 -7.2280E-04
     1.269940
  6.7580E+02  4.3617E+02  4.2816E+03  3.3244E+03  2.3998E-13  9.9559E-16  5.5660E+04 -6.7065E+01  1.2647E+00 -9.3221E-04
     1.273800
  8.6932E+02  5.6107E+02  5.5077E+03  4.2765E+03 -2.8298E-12  9.3893E-16  7.1599E+04 -8.6271E+01  1.6304E+00 -1.2023E-03
     1.277660
  1.1183E+03  7.2174E+02  7.0849E+03  5.5011E+03  2.7741E-12 -1.3292E-15  9.2102E+04 -1.1098E+02  2.1019E+00 -1.5506E-03
     1.281520
  1.4385E+03  9.2842E+02  9.1138E+03  7.0764E+03  2.2685E-12  3.2500E-16  1.1848E+05 -1.4275E+02  2.7096E+00 -1.9998E-03
     1.285380
  1.8504E+03  1.1943E+03  1.1724E+04  9.1028E+03  7.7800E-12 -9.1846E-15  1.5240E+05 -1.8363E+02  3.4931E+00 -2.5792E-03
     1.289240
  2.3803E+03  1.5363E+03  1.5081E+04  1.1710E+04 -2.6017E-12  6.8818E-15  1.9605E+05 -2.3622E+02  4.5031E+00 -3.3263E-03
     1.293100
  3.0620E+03  1.9762E+03  1.9400E+04  1.5063E+04 -1.4912E-11  4.7358E-16  2.5219E+05 -3.0387E+02  5.8052E+00 -4.2899E-03
     1.296960
  3.9388E+03  2.5421E+03  2.4955E+04  1.9376E+04  1.4333E-11  5.9254E-15  3.2441E+05 -3.9088E+02  7.4836E+00 -5.5326E-03
     1.300820
  5.0667E+03  3.2701E+03  3.2101E+04  2.4925E+04  6.4956E-12 -6.4243E-15  4.1730E+05 -5.0282E+02  9.6473E+00 -7.1352E-03
     1.304680
  6.5177E+03  4.2066E+03  4.1294E+04  3.2062E+04 -1.4265E-11 -5.3220E-15  5.3680E+05 -6.4681E+02  1.2437E+01 -9.2019E-03
     1.308540
  8.3841E+03  5.4112E+03  5.3119E+04  4.1244E+04 -8.1378E-11  5.8065E-15  6.9053E+05 -8.3203E+02  1.6032E+01 -1.1867E-02
     1.312400
  1.0785E+04  6.9607E+03  6.8330E+04  5.3055E+04  5.6950E-11  7.6564E-15  8.8827E+05 -1.0703E+03  2.0667E+01 -1.5304E-02
     1.316260
  1.3873E+04  8.9541E+03  8.7897E+04  6.8248E+04  1.1683E-10  4.3728E-15  1.1426E+06 -1.3768E+03  2.6642E+01 -1.9737E-02
     1.320120
  1.7846E+04  1.1518E+04  1.1307E+05  8.7791E+04  1.0387E-11  1.2565E-14  1.4698E+06 -1.7710E+03  3.4344E+01 -2.5453E-02
     1.323980
  2.2957E+04  1.4817E+04  1.4545E+05  1.1293E+05  2.1982E-11 -8.2105E-14  1.8908E+06 -2.2782E+03  4.4273E+01 -3.2825E-02
     1.327840
  2.9531E+04  1.9060E+04  1.8710E+05  1.4527E+05  1.4072E-10  5.1317E-14  2.4322E+06 -2.9306E+03  5.7072E+01 -4.2331E-02
     1.331700
  3.7987E+04  2.4517E+04  2.4068E+05  1.8687E+05  1.0064E-11 -3.2384E-14  3.1287E+06 -3.7698E+03  7.3570E+01 -5.4590E-02
     1.335560
  4.8866E+04  3.1538E+04  3.0960E+05  2.4038E+05  1.0530E-10  2.7840E-14  4.0246E+06 -4.8494E+03  9.4838E+01 -7.0399E-02
     1.339420
  6.2859E+04  4.0570E+04  3.9825E+05  3.0922E+05  2.6910E-10  6.4115E-14  5.1772E+06 -6.2381E+03  1.2225E+02 -9.0785E-02
     1.343280
  8.0860E+04  5.2188E+04  5.1230E+05  3.9777E+05 -1.0328E-10  4.9774E-13  6.6597E+06 -8.0244E+03  1.5759E+02 -1.1707E-01
     1.347140
  1.0402E+05  6.7132E+04  6.5900E+05  5.1168E+05  6.3170E-10  1.5122E-13  8.5668E+06 -1.0322E+04  2.0314E+02 -1.5097E-01
     1.351000
  1.3380E+05  8.6357E+04  8.4772E+05  6.5821E+05 -8.0765E-10 -5.0541E-13  1.1020E+07 -1.3278E+04  2.6186E+02 -1.9469E-01
     1.354860
  1.7212E+05  1.1109E+05  1.0905E+06  8.4670E+05 -8.6573E-10  2.2116E-13  1.4176E+07 -1.7081E+04  3.3755E+02 -2.5106E-01
     1.358720
  2.2141E+05  1.4290E+05  1.4027E+06  1.0892E+06 -3.0979E-10  7.5403E-13  1.8235E+07 -2.1972E+04  4.3512E+02 -3.2375E-01
     1.362580
  2.8481E+05  1.8382E+05  1.8044E+06  1.4011E+06  1.1375E-09  3.4669E-13  2.3457E+07 -2.8264E+04  5.6089E+02 -4.1749E-01
     1.366440
  3.6637E+05  2.3646E+05  2.3212E+06  1.8023E+06 -2.8376E-10 -7.9211E-13  3.0174E+07 -3.6358E+04  7.2300E+02 -5.3837E-01
     1.370300
  4.7128E+05  3.0417E+05  2.9859E+06  2.3184E+06  2.1910E-10  1.8743E-14  3.8815E+07 -4.6769E+04  9.3196E+02 -6.9423E-01
     1.374160
  6.0624E+05  3.9127E+05  3.8409E+06  2.9823E+06  1.2003E-11 -4.7059E-12  4.9931E+07 -6.0163E+04  1.2013E+03 -8.9522E-01
     1.378020
  7.7984E+05  5.0332E+05  4.9408E+06  3.8363E+06 -1.6266E-09 -4.1154E-13  6.4229E+07 -7.7391E+04  1.5485E+03 -1.1544E+00
     1.381880
  1.0032E+06  6.4745E+05  6.3557E+06  4.9349E+06  4.3036E-09  6.1920E-12  8.2622E+07 -9.9553E+04  1.9960E+03 -1.4886E+00
     1.385740
  1.2904E+06  8.3286E+05  8.1757E+06  6.3480E+06 -6.2208E-10 -2.7368E-12  1.0628E+08 -1.2806E+05  2.5729E+03 -1.9195E+00
     1.389600
  1.6600E+06  1.0714E+06  1.0517E+07  8.1659E+06  2.5967E-09 -2.1592E-12  1.3672E+08 -1.6473E+05  3.3165E+03 -2.4752E+00
     1.393460
  2.1353E+06  1.3782E+06  1.3529E+07  1.0504E+07  5.9172E-09 -3.2157E-12  1.7587E+08 -2.1191E+05  4.2749E+03 -3.1917E+00
     1.397320
  2.7468E+06  1.7728E+06  1.7403E+07  1.3512E+07 -1.0157E-08 -1.1927E-11  2.2623E+08 -2.7259E+05  5.5103E+03 -4.1155E+00
     1.401180
  3.5334E+06  2.2805E+06  2.2386E+07  1.7382E+07  3.9589E-09  7.7444E-12  2.9102E+08 -3.5065E+05  7.1027E+03 -5.3068E+00
     1.405040
  4.5452E+06  2.9335E+06  2.8797E+07  2.2359E+07  4.1898E-08  8.1256E-12  3.7435E+08 -4.5106E+05  9.1552E+03 -6.8429E+00
     1.408900
  5.8468E+06  3.7736E+06  3.7043E+07  2.8762E+07 -2.0244E-08 -5.8313E-12  4.8155E+08 -5.8023E+05  1.1801E+04 -8.8235E+00
     1.412760
  7.5211E+06  4.8542E+06  4.7651E+07  3.6999E+07 -4.0720E-08  9.3423E-12  6.1945E+08 -7.4639E+05  1.5211E+04 -1.1377E+01
     1.416620
  9.6749E+06  6.2443E+06  6.1297E+07  4.7594E+07 -1.6278E-08  2.7535E-11  7.9684E+08 -9.6013E+05  1.9606E+04 -1.4670E+01
     1.420480
  1.2445E+07  8.0324E+06  7.8850E+07  6.1223E+07 -1.1118E-07  4.7006E-11  1.0250E+09 -1.2351E+06  2.5271E+04 -1.8916E+01
     1.424340
  1.6009E+07  1.0333E+07  1.0143E+08  7.8755E+07 -4.1506E-08  4.9255E-11  1.3186E+09 -1.5888E+06  3.2574E+04 -2.4391E+01
     1.428200
  2.0594E+07  1.3292E+07  1.3048E+08  1.0131E+08  3.4814E-08  1.1835E-10  1.6961E+09 -2.0437E+06  4.1986E+04 -3.1449E+01
     1.432060
  2.6491E+07  1.7098E+07  1.6784E+08  1.3032E+08 -3.9165E-08 -5.4419E-11  2.1819E+09 -2.6290E+06  5.4117E+04 -4.0551E+01
     1.435920
  3.4077E+07  2.1994E+07  2.1590E+08  1.6764E+08  1.3059E-07  1.0428E-10  2.8067E+09 -3.3818E+06  6.9753E+04 -5.2286E+01
     1.439780
  4.3836E+07  2.8292E+07  2.7773E+08  2.1564E+08 -6.0277E-08 -1.0254E-11  3.6104E+09 -4.3502E+06  8.9907E+04 -6.7417E+01
     1.443640
  5.6389E+07  3.6394E+07  3.5726E+08  2.7740E+08  1.4550E-07  6.8715E-11  4.6443E+09 -5.5960E+06  1.1588E+05 -8.6926E+01
     1.447500
  7.2537E+07  4.6816E+07  4.5957E+08  3.5683E+08  4.0224E-08 -1.4126E-10  5.9742E+09 -7.1985E+06  1.4936E+05 -1.1208E+02
     1.451360
  9.3309E+07  6.0223E+07  5.9117E+08  4.5901E+08  3.2935E-07  7.6626E-12  7.6851E+09 -9.2599E+06  1.9252E+05 -1.4451E+02
     1.455220
  1.2003E+08  7.7468E+07  7.6046E+08  5.9046E+08 -1.9527E-07 -1.2601E-10  9.8858E+09 -1.1912E+07  2.4814E+05 -1.8633E+02
     1.459080
  1.5440E+08  9.9652E+07  9.7823E+08  7.5955E+08  5.2246E-07  5.3283E-11  1.2717E+10 -1.5323E+07  3.1983E+05 -2.4024E+02
     1.462940
  1.9862E+08  1.2819E+08  1.2584E+09  9.7705E+08  5.1254E-07 -2.5435E-10  1.6358E+10 -1.9711E+07  4.1222E+05 -3.0975E+02
     1.466800
  2.5549E+08  1.6490E+08  1.6187E+09  1.2568E+09 -6.4080E-07 -1.2699E-10  2.1043E+10 -2.5355E+07  5.3131E+05 -3.9937E+02
     1.470660
  3.2866E+08  2.1212E+08  2.0823E+09  1.6168E+09  2.9462E-08  1.1021E-09  2.7069E+10 -3.2616E+07  6.8480E+05 -5.1493E+02
     1.474520
  4.2277E+08  2.7286E+08  2.6785E+09  2.0797E+09 -8.4918E-07  6.0967E-10  3.4820E+10 -4.1956E+07  8.8263E+05 -6.6391E+02
     1.478380
  5.4384E+08  3.5100E+08  3.4456E+09  2.6753E+09 -3.7851E-06  4.2931E-10  4.4791E+10 -5.3970E+07  1.1376E+06 -8.5598E+02
     1.482240
  6.9958E+08  4.5151E+08  4.4323E+09  3.4414E+09  3.1422E-06 -3.0648E-09  5.7618E+10 -6.9425E+07  1.4662E+06 -1.1036E+03
     1.486100
  8.9991E+08  5.8081E+08  5.7015E+09  4.4269E+09  3.8705E-06 -3.0803E-09  7.4118E+10 -8.9306E+07  1.8898E+06 -1.4229E+03
     1.489960
  1.1576E+09  7.4713E+08  7.3342E+09  5.6946E+09 -5.4548E-06 -2.5694E-09  9.5343E+10 -1.1488E+08  2.4357E+06 -1.8346E+03
     1.493820
  1.4891E+09  9.6109E+08  9.4345E+09  7.3254E+09 -2.0138E-06  5.6259E-10  1.2265E+11 -1.4778E+08  3.1392E+06 -2.3653E+03
     1.497680
  1.9155E+09  1.2363E+09  1.2136E+10  9.4231E+09 -1.1278E-06  2.7180E-09  1.5777E+11 -1.9010E+08  4.0460E+06 -3.0495E+03
     1.500000
  2.2286E+09  1.4383E+09  1.4119E+10  1.0963E+10 -2.0740E-08 -3.3991E-10  1.8355E+11 -2.2116E+08  4.7126E+06 -3.5526E+03
