     0.000000
  1.2627E-02  2.6616E-35  1.0969E-09  1.0618E-02  0.0000E+00  0.0000E+00  0.0000E+00  0.0000E+00  0.0000E+00  0.0000E+00
     0.005880
  7.1015E-03  4.1198E-03  1.8197E-01  5.3769E-02 -3.4462E-18 -2.0265E-19  7.5112E-01 -2.5116E-03 -2.1309E-04 -1.1151E-05
     0.011760
  6.2322E-03  1.5513E-02  2.1778E-01  8.6345E-02  6.4515E-19 -2.7552E-20  4.7794E-01 -3.2541E-03  5.8702E-05 -1.4505E-05
     0.017640
  1.0302E-02  3.0272E-02  3.2919E-01  1.5991E-01 -6.9904E-17  1.0269E-18  1.6639E+00 -4.1336E-03  1.7932E-04  5.0187E-06
     0.023520
  1.6575E-02  6.7870E-02  7.5762E-01  3.7416E-01 -6.4287E-17  1.3994E-18  3.8622E+00 -7.6950E-03  1.5085E-04 -4.7945E-06
     0.029400
  3.5910E-02  1.5232E-01  1.6815E+00  8.5514E-01  3.8661E-16 -1.1522E-18  9.2352E+00 -1.4895E-02  2.8773E-04 -3.4733E-06
     0.035280
  8.0797E-02  3.2387E-01  4.1436E+00  1.9737E+00 -2.9227E-16 -1.0166E-17  2.2252E+01 -2.7397E-02  7.1813E-04 -5.0026E-06
     0.041160
  1.8590E-01  6.9113E-01  1.0217E+01  4.5507E+00  5.5420E-16  3.9548E-18  5.2376E+01 -5.1621E-02  1.7234E-03 -1.6148E-05
     0.047040
  4.3048E-01  1.5539E+00  2.4783E+01  1.0681E+01  1.6774E-15  4.0006E-17  1.2457E+02 -1.1246E-01  3.7568E-03 -2.3249E-05
     0.052920
  9.9873E-01  3.7462E+00  5.9504E+01  2.5831E+01 -9.0112E-15 -2.9919E-17  3.0147E+02 -2.8730E-01  8.2314E-03 -4.7872E-05
     0.058800
  2.3471E+00  9.4006E+00  1.4302E+02  6.3825E+01  1.7728E-14  5.0068E-16  7.4074E+02 -7.7442E-01  1.7453E-02 -8.4543E-05
     0.064680
  5.6118E+00  2.3569E+01  3.4765E+02  1.5858E+02  5.4555E-14 -7.9180E-16  1.8311E+03 -2.0190E+00  3.5835E-02 -1.5546E-04
     0.070560
  1.3605E+01  5.7831E+01  8.5495E+02  3.9170E+02 -1.3506E-14 -3.5207E-16  4.5144E+03 -4.9768E+00  7.1338E-02 -2.6381E-04
     0.076440
  3.3178E+01  1.3907E+02  2.1142E+03  9.5948E+02  1.3855E-13  2.8909E-15  1.1069E+04 -1.1795E+01  1.3540E-01 -4.5140E-04
     0.082320
  8.0839E+01  3.3225E+02  5.2231E+03  2.3403E+03 -1.0620E-13  5.4539E-15  2.7044E+04 -2.7734E+01  2.4692E-01 -8.6803E-04
     0.088200
  1.9640E+02  7.9973E+02  1.2854E+04  5.7160E+03  4.0070E-13 -2.8750E-14  6.6108E+04 -6.6442E+01  4.3441E-01 -1.6496E-03
     0.094080
  4.7680E+02  1.9506E+03  3.1540E+04  1.4025E+04 -4.4058E-12 -4.2928E-14  1.6213E+05 -1.6335E+02  7.3043E-01 -3.4446E-03
     0.099960
  1.1607E+03  4.8063E+03  7.7365E+04  3.4567E+04  3.5264E-12  5.8546E-14  3.9910E+05 -4.0778E+02  1.1602E+00 -7.8025E-03
     0.105840
  2.8398E+03  1.1886E+04  1.9014E+05  8.5380E+04 -3.8656E-12  3.3173E-13  9.8490E+05 -1.0187E+03  1.7078E+00 -1.4310E-02
     0.111720
  6.9836E+03  2.9363E+04  4.6851E+05  2.1090E+05  8.6657E-12  1.2877E-13  2.4326E+06 -2.5271E+03  2.2482E+00 -1.1278E-02
     0.117600
  1.7231E+04  7.2411E+04  1.1564E+06  5.2049E+05 -8.5509E-11  8.7053E-13  6.0067E+06 -6.2264E+03  2.6473E+00  6.9529E-02
     0.123480
  4.2568E+04  1.7852E+05  2.8555E+06  1.2837E+06  7.4089E-10 -1.3423E-12  1.4823E+07 -1.5306E+04  3.4794E+00  4.5500E-01
     0.129360
  1.0512E+05  4.4068E+05  7.0475E+06  3.1654E+06  1.9267E-10 -8.6637E-12  3.6563E+07 -3.7687E+04  8.5115E+00  1.7100E+00
     0.135240
  2.5933E+05  1.0891E+06  1.7380E+07  7.8067E+06 -3.8225E-10 -1.4895E-11  9.0155E+07 -9.3012E+04  2.9698E+01  4.7174E+00
     0.141120
  6.3913E+05  2.6912E+06  4.2838E+07  1.9253E+07  1.2844E-09 -3.2525E-10  2.2221E+08 -2.2967E+05  9.7401E+01  9.2411E+00
     0.147000
  1.5740E+06  6.6382E+06  1.0557E+08  4.7462E+07  1.0514E-08  1.1985E-10  5.4747E+08 -5.6617E+05  2.8785E+02  6.8658E+00
     0.152880
  3.8750E+06  1.6335E+07  2.6015E+08  1.1694E+08  3.6381E-08  6.1962E-11  1.3483E+09 -1.3924E+06  8.2630E+02 -4.3264E+01
     0.158760
  9.5392E+06  4.0129E+07  6.4115E+08  2.8799E+08 -1.0448E-08  1.7266E-09  3.3205E+09 -3.4197E+06  2.4606E+03 -2.7857E+02
     0.164640
  2.3489E+07  9.8562E+07  1.5803E+09  7.0925E+08 -2.6328E-07  2.8636E-09  8.1800E+09 -8.4036E+06  7.4475E+03 -1.0570E+03
     0.170520
  5.7872E+07  2.4241E+08  3.8951E+09  1.7476E+09 -3.2122E-07 -2.2485E-08  2.0164E+10 -2.0697E+07  2.1087E+04 -3.0684E+03
     0.176400
  1.4269E+08  5.9755E+08  9.6019E+09  4.3092E+09 -3.5637E-07  9.2680E-09  4.9737E+10 -5.1108E+07  5.0764E+04 -6.9765E+03
     0.182280
  3.5208E+08  1.4761E+09  2.3675E+10  1.0632E+10 -4.8697E-06  9.0880E-09  1.2274E+11 -1.2643E+08  8.9027E+04 -1.1121E+04
     0.188160
  8.6911E+08  3.6504E+09  5.8383E+10  2.6241E+10  9.5790E-07 -3.8522E-09  3.0295E+11 -3.1283E+08  4.2917E+04 -4.0686E+03
     0.194040
  2.1454E+09  9.0273E+09  1.4400E+11  6.4753E+10 -4.6172E-09  2.2017E-07  7.4747E+11 -7.7319E+08 -4.6316E+05  5.2059E+04
     0.199920
  5.2938E+09  2.2299E+10  3.5514E+11  1.5971E+11 -2.4095E-05  1.1660E-06  1.8432E+12 -1.9073E+09 -2.4749E+06  2.4444E+05
     0.205800
  1.3053E+10  5.4992E+10  8.7572E+11  3.9370E+11 -1.6592E-04 -6.1619E-07  4.5424E+12 -4.6957E+09 -8.0940E+06  7.0171E+05
     0.211680
  3.2160E+10  1.3540E+11  2.1589E+12  9.6995E+11  1.3659E-04 -3.3156E-07  1.1189E+13 -1.1546E+10 -1.9672E+07  1.4245E+06
     0.217560
  7.9196E+10  3.3301E+11  5.3210E+12  2.3891E+12  6.3855E-04 -1.5629E-05  2.7557E+13 -2.8379E+10 -3.4075E+07  1.6406E+06
     0.223440
  1.9500E+11  8.1887E+11  1.3113E+13  5.8847E+12 -1.1672E-04  1.2444E-04  6.7881E+13 -6.9801E+10 -2.3874E+07 -1.8189E+06
     0.229320
  4.8028E+11  2.0148E+12  3.2315E+13  1.4500E+13 -2.0943E-03 -7.8817E-05  1.6729E+14 -1.7191E+11  1.0539E+08 -1.7367E+07
     0.235200
  1.1836E+12  4.9633E+12  7.9647E+13  3.5746E+13  7.6398E-03 -5.0351E-05  4.1248E+14 -4.2408E+11  5.7792E+08 -6.0891E+07
     0.241080
  2.9189E+12  1.2243E+13  1.9635E+14  8.8161E+13 -4.7186E-02  4.3282E-04  1.0175E+15 -1.0474E+12  1.7509E+09 -1.4881E+08
     0.246960
  7.2020E+12  3.0235E+13  4.8414E+14  2.1750E+14  2.1556E-02 -2.0037E-03  2.5106E+15 -2.5886E+12  3.7617E+09 -2.5863E+08
     0.252840
  1.7775E+13  7.4700E+13  1.1940E+15  5.3664E+14 -1.2971E-01 -2.9397E-03  6.1944E+15 -6.3961E+12  5.0878E+09 -2.1320E+08
     0.258720
  4.3862E+13  1.8452E+14  2.9445E+15  1.3238E+15 -6.9570E-01 -1.9688E-04  1.5279E+16 -1.5790E+13 -1.2102E+09  5.5223E+08
     0.264600
  1.0819E+14  4.5542E+14  7.2614E+15  3.2645E+15 -2.4230E-01  1.0294E-02  3.7671E+16 -3.8932E+13 -3.4311E+10  3.2517E+09
     0.270480
  2.6674E+14  1.1228E+15  1.7904E+16  8.0467E+15 -1.7210E+00  2.4892E-02  9.2841E+16 -9.5876E+13 -1.3157E+11  9.4452E+09
     0.276360
  6.5726E+14  2.7651E+15  4.4138E+16  1.9828E+16 -8.6230E+00  7.2737E-03  2.2874E+17 -2.3592E+14 -3.3377E+11  1.8276E+10
     0.282240
  1.6190E+15  6.8056E+15  1.0879E+17  4.8851E+16  1.0165E+01 -5.9209E-02  5.6354E+17 -5.8045E+14 -5.9334E+11  1.6996E+10
     0.288120
  3.9880E+15  1.6749E+16  2.6814E+17  1.2037E+17  6.1986E-01  9.9159E-02  1.3886E+18 -1.4289E+15 -4.9463E+11 -4.1658E+10
     0.294000
  9.8257E+15  4.1239E+16  6.6088E+17  2.9664E+17  1.3526E+02  2.5915E-01  3.4226E+18 -3.5207E+15  1.3368E+12 -2.7723E+11
     0.299880
  2.4219E+16  1.0163E+17  1.6290E+18  7.3132E+17  1.1073E+02  5.1102E+00  8.4391E+18 -8.6842E+15  7.9943E+12 -9.0716E+11
     0.305760
  5.9724E+16  2.5067E+17  4.0161E+18  1.8035E+18  7.3933E+02 -1.4385E+01  2.0814E+19 -2.1438E+16  2.3954E+13 -2.1433E+12
     0.311640
  1.4733E+17  6.1875E+17  9.9022E+18  4.4486E+18  3.8047E+03  1.5769E+01  5.1344E+19 -5.2943E+16  4.9390E+13 -3.6553E+12
     0.317520
  3.6348E+17  1.5277E+18  2.4418E+19  1.0973E+19  7.1369E+02  7.7130E+00  1.2665E+20 -1.3072E+17  5.9278E+13 -3.0695E+12
     0.323400
  8.9667E+17  3.7711E+18  6.0212E+19  2.7063E+19 -5.3296E+03  7.7389E+01  3.1233E+20 -3.2253E+17 -4.8007E+13  6.8399E+12
     0.329280
  2.2113E+18  9.3033E+18  1.4847E+20  6.6729E+19  5.3037E+03 -1.0481E+03  7.7001E+20 -7.9511E+17 -5.3826E+14  4.0513E+13
     0.335160
  5.4514E+18  2.2934E+19  3.6606E+20  1.6449E+20 -4.5736E+04 -6.8486E+02  1.8978E+21 -1.9586E+18 -1.9019E+15  1.1229E+14
     0.341040
  1.3434E+19  5.6495E+19  9.0242E+20  4.0537E+20 -1.4462E+05 -3.8924E+03  4.6768E+21 -4.8221E+18 -4.6060E+15  1.9181E+14
     0.346920
  3.3101E+19  1.3912E+20  2.2245E+21  9.9893E+20  2.0360E+05  1.2075E+03  1.1525E+22 -1.1872E+19 -7.7806E+15  6.2613E+13
     0.352800
  8.1560E+19  3.4257E+20  5.4830E+21  2.4618E+21  2.4248E+05 -9.4339E+03  2.8403E+22 -2.9242E+19 -5.4341E+15 -1.0018E+15
     0.358680
  2.0100E+20  8.4389E+20  1.3515E+22  6.0680E+21  9.5484E+05  8.7986E+04  7.0014E+22 -7.2071E+19  2.1077E+16 -4.7606E+15
     0.364560
  4.9548E+20  2.0801E+21  3.3317E+22  1.4960E+22 -1.1146E+06 -3.0134E+04  1.7263E+23 -1.7776E+20  1.1135E+17 -1.4337E+16
     0.370440
  1.2218E+21  5.1304E+21  8.2138E+22  3.6891E+22 -1.8673E+07 -1.3992E+05  4.2574E+23 -4.3867E+20  3.1562E+17 -3.2789E+16
     0.376320
  3.0135E+21  1.2659E+22  2.0252E+23  9.0981E+22  2.9532E+07 -2.6256E+05  1.0500E+24 -1.0827E+21  6.0514E+17 -5.6066E+16
     0.382200
  7.4329E+21  3.1241E+22  4.9935E+23  2.2438E+23 -3.8234E+07 -1.0604E+06  2.5895E+24 -2.6718E+21  5.6875E+17 -5.4370E+16
     0.388080
  1.8332E+22  7.7083E+22  1.2313E+24  5.5330E+23 -2.6740E+08  7.1349E+06  6.3852E+24 -6.5902E+21 -1.2988E+18  5.8919E+16
     0.393960
  4.5203E+22  1.9011E+23  3.0359E+24  1.3642E+24 -1.0154E+08  1.8526E+07  1.5741E+25 -1.6245E+22 -8.7431E+18  4.3723E+17
     0.399840
  1.1143E+23  4.6862E+23  7.4848E+24  3.3627E+24 -8.7752E+08  1.1216E+07  3.8800E+25 -4.0024E+22 -2.8357E+19  1.1440E+18
     0.405720
  2.7465E+23  1.1546E+24  1.8452E+25  8.2882E+24  2.1508E+09  3.7117E+07  9.5627E+25 -9.8584E+22 -6.5699E+19  1.4196E+18
     0.411600
  6.7683E+23  2.8443E+24  4.5485E+25  2.0427E+25 -6.5911E+09 -4.0514E+07  2.3568E+26 -2.4283E+23 -1.0684E+20 -2.4814E+18
     0.417480
  1.6680E+24  7.0067E+24  1.1212E+26  5.0348E+25  3.0359E+10 -3.1591E+07  5.8092E+26 -5.9831E+23 -6.8025E+19 -2.2083E+19
     0.423360
  4.1112E+24  1.7266E+25  2.7639E+26  1.2411E+26 -6.6634E+10 -8.1175E+08  1.4321E+27 -1.4749E+24  2.9749E+20 -8.4358E+19
     0.429240
  1.0135E+25  4.2564E+25  6.8137E+26  3.0599E+26  1.9704E+10  7.5385E+08  3.5310E+27 -3.6374E+24  1.4784E+21 -2.3722E+20
     0.435120
  2.4992E+25  1.0497E+26  1.6798E+27  7.5451E+26  1.7048E+11 -4.3472E+09  8.7072E+27 -8.9737E+24  3.9743E+21 -5.3316E+20
     0.441000
  6.1632E+25  2.5895E+26  4.1417E+27  1.8606E+27  1.0006E+11  8.7985E+09  2.1472E+28 -2.2141E+25  6.8824E+21 -9.4584E+20
     0.446880
  1.5199E+26  6.3883E+26  1.0212E+28  4.5881E+27  2.5522E+12 -1.9440E+09  5.2947E+28 -5.4618E+25  3.4606E+21 -1.1629E+21
     0.452760
  3.7482E+26  1.5758E+27  2.5178E+28  1.1313E+28 -6.7184E+10  1.8724E+09  1.3055E+29 -1.3469E+26 -2.8839E+22 -3.1335E+20
     0.458640
  9.2415E+26  3.8856E+27  6.2078E+28  2.7891E+28  1.9989E+13 -2.7016E+10  3.2184E+29 -3.3201E+26 -1.4370E+23  2.7441E+21
     0.464520
  2.2782E+27  9.5781E+27  1.5305E+29  6.8754E+28 -2.4320E+13  7.6400E+11  7.9332E+29 -8.1813E+26 -4.3245E+23  6.2259E+21
     0.470400
  5.6154E+27  2.3603E+28  3.7730E+29  1.6947E+29  2.4114E+13 -1.7165E+12  1.9554E+30 -2.0157E+27 -9.6797E+23 -6.9336E+21
     0.476280
  3.5967E-02  1.5114E-01  2.4171E+00  1.0856E+00  1.2973E-16 -8.9229E-19  1.2526E+01 -1.2907E-02 -4.0441E-06 -2.6864E-07
     0.482160
  8.8650E-02  3.7243E-01  5.9586E+00  2.6759E+00  1.0530E-15  7.4370E-18  3.0876E+01 -3.1809E-02 -2.8399E-06 -1.2314E-06
     0.488040
  2.1852E-01  9.1790E-01  1.4689E+01  6.5967E+00  3.3537E-15  1.2908E-18  7.6119E+01 -7.8418E-02  9.1399E-06 -4.0433E-06
     0.493920
  5.3874E-01  2.2629E+00  3.6212E+01  1.6264E+01  4.9116E-15  4.8492E-18  1.8768E+02 -1.9338E-01  4.6362E-05 -1.0784E-05
     0.499800
  1.3284E+00  5.5804E+00  8.9278E+01  4.0102E+01  7.6011E-15 -1.9586E-16  4.6276E+02 -4.7699E-01  1.1760E-04 -2.4192E-05
     0.505680
  3.2756E+00  1.3764E+01  2.2011E+02  9.8881E+01 -2.6718E-14 -5.2611E-16  1.1411E+03 -1.1766E+00  1.6759E-04 -4.5639E-05
     0.511560
  8.0772E+00  3.3948E+01  5.4270E+02  2.4381E+02  1.8684E-13  5.1355E-16  2.8136E+03 -2.9018E+00 -9.4427E-05 -7.0637E-05
     0.517440
  1.9916E+01  8.3721E+01  1.3380E+03  6.0114E+02  5.3457E-14 -6.1775E-16  6.9368E+03 -7.1550E+00 -1.5663E-03 -8.7451E-05
     0.523320
  4.9104E+01  2.0642E+02  3.2989E+03  1.4820E+03  3.7657E-13  9.4190E-15  1.7101E+04 -1.7637E+01 -6.3109E-03 -1.0938E-04
     0.529200
  1.2105E+02  5.0884E+02  8.1329E+03  3.6534E+03 -1.1012E-12 -1.1946E-14  4.2156E+04 -4.3467E+01 -1.7795E-02 -3.4231E-04
     0.535080
  2.9839E+02  1.2541E+03  2.0050E+04  9.0059E+03  4.8419E-12 -7.9529E-14  1.0391E+05 -1.0712E+02 -3.8987E-02 -1.7469E-03
     0.540960
  7.3549E+02  3.0906E+03  4.9428E+04  2.2200E+04 -2.1821E-12  4.0296E-14  2.5615E+05 -2.6398E+02 -6.4170E-02 -7.5231E-03
     0.546840
  1.8130E+03  7.6169E+03  1.2185E+05  5.4725E+04 -1.1591E-11  9.9501E-14  6.3145E+05 -6.5066E+02 -5.9004E-02 -2.6326E-02
     0.552720
  4.4692E+03  1.8775E+04  3.0039E+05  1.3491E+05  6.2055E-11 -3.8703E-13  1.5568E+06 -1.6041E+03  6.7876E-02 -7.7877E-02
     0.558600
  1.1018E+04  4.6289E+04  7.4055E+05  3.3262E+05 -8.5097E-11 -2.6206E-12  3.8382E+06 -3.9556E+03  4.5340E-01 -2.0013E-01
     0.564480
  2.7167E+04  1.1414E+05  1.8257E+06  8.2010E+05 -8.3348E-11  1.9905E-12  9.4636E+06 -9.7554E+03  1.0443E+00 -4.5359E-01
     0.570360
  6.6986E+04  2.8149E+05  4.5013E+06  2.0221E+06  2.2213E-10 -1.0297E-12  2.3334E+07 -2.4059E+04  6.4936E-01 -9.1655E-01
     0.576240
  1.6517E+05  6.9417E+05  1.1098E+07  4.9856E+06 -8.2588E-10  2.2220E-11  5.7532E+07 -5.9328E+04 -5.6855E+00 -1.6888E+00
     0.582120
  4.0724E+05  1.7117E+06  2.7361E+07  1.2292E+07  7.8570E-10  1.2539E-10  1.4184E+08 -1.4627E+05 -3.2229E+01 -3.0487E+00
     0.588000
  1.0040E+06  4.2202E+06  6.7457E+07  3.0304E+07 -1.3080E-09 -2.2289E-10  3.4968E+08 -3.6058E+05 -1.1098E+02 -6.3493E+00
     0.593880
  2.4751E+06  1.0403E+07  1.6631E+08  7.4705E+07  5.5049E-08 -1.2136E-10  8.6201E+08 -8.8873E+05 -2.9665E+02 -1.7419E+01
     0.599760
  6.1014E+06  2.5642E+07  4.0999E+08  1.8416E+08 -2.4919E-08 -7.8077E-10  2.1249E+09 -2.1904E+06 -6.4611E+02 -5.6841E+01
     0.605640
  1.5040E+07  6.3200E+07  1.0107E+09  4.5398E+08 -4.2916E-08  3.5559E-10  5.2383E+09 -5.3988E+06 -1.1263E+03 -1.8612E+02
     0.611520
  3.7076E+07  1.5578E+08  2.4917E+09  1.1191E+09  5.2080E-10 -5.6894E-09  1.2914E+10 -1.3308E+07 -1.4091E+03 -5.6500E+02
     0.617400
  9.1401E+07  3.8401E+08  6.1429E+09  2.7591E+09 -3.2891E-07 -7.3970E-10  3.1837E+10 -3.2811E+07 -6.8645E+02 -1.5594E+03
     0.623280
  2.2534E+08  9.4676E+08  1.5144E+10  6.8023E+09 -2.6620E-07  1.7747E-08  7.8494E+10 -8.0904E+07  1.6228E+03 -3.9165E+03
     0.629160
  5.5559E+08  2.3345E+09  3.7336E+10  1.6771E+10  9.1269E-06  1.0271E-08  1.9353E+11 -1.9950E+08  1.3142E+03 -9.0250E+03
     0.635040
  1.3699E+09  5.7565E+09  9.2050E+10  4.1350E+10 -2.0236E-06  3.1603E-07  4.7716E+11 -4.9196E+08 -2.6507E+04 -1.9390E+04
     0.640920
  3.3775E+09  1.4195E+10  2.2694E+11  1.0195E+11  1.8051E-05 -9.7482E-07  1.1764E+12 -1.2130E+09 -1.6934E+05 -4.0129E+04
     0.646800
  8.3273E+09  3.4999E+10  5.5951E+11  2.5135E+11  1.1850E-04  1.2349E-06  2.9004E+12 -2.9907E+09 -6.6510E+05 -8.4903E+04
     0.652680
  2.0530E+10  8.6286E+10  1.3794E+12  6.1966E+11  2.3877E-04 -2.7328E-07  7.1502E+12 -7.3724E+09 -2.0420E+06 -1.9775E+05
     0.658560
  5.0611E+10  2.1271E+11  3.4008E+12  1.5276E+12 -2.4493E-04  2.2794E-06  1.7627E+13 -1.8172E+10 -5.2464E+06 -5.2299E+05
     0.664440
  1.2477E+11  5.2432E+11  8.3839E+12  3.7659E+12 -2.0362E-04  3.9961E-05  4.3454E+13 -4.4792E+10 -1.1530E+07 -1.5014E+06
     0.670320
  3.0756E+11  1.2924E+12  2.0669E+13  9.2837E+12  1.1805E-03 -1.9879E-05  1.0712E+14 -1.1041E+11 -2.1702E+07 -4.3586E+06
     0.676200
  7.5821E+11  3.1858E+12  5.0955E+13  2.2887E+13  7.1066E-03  2.8852E-05  2.6409E+14 -2.7219E+11 -3.4833E+07 -1.2195E+07
     0.682080
  1.8692E+12  7.8538E+12  1.2562E+14  5.6424E+13 -2.7120E-02 -6.7873E-05  6.5108E+14 -6.7106E+11 -4.9967E+07 -3.2201E+07
     0.687960
  4.6083E+12  1.9363E+13  3.0970E+14  1.3911E+14 -1.3632E-02 -3.4953E-04  1.6052E+15 -1.6546E+12 -8.6799E+07 -7.9892E+07
     0.693840
  1.1362E+13  4.7742E+13  7.6352E+14  3.4297E+14 -4.6840E-02  9.5913E-04  3.9576E+15 -4.0798E+12 -2.7467E+08 -1.8738E+08
     0.699720
  2.8013E+13  1.1772E+14  1.8824E+15  8.4558E+14 -2.5991E-01 -7.6204E-03  9.7574E+15 -1.0060E+13 -1.1307E+09 -4.2215E+08
     0.705600
  6.9066E+13  2.9026E+14  4.6409E+15  2.0847E+15 -3.0326E-03 -5.2585E-03  2.4056E+16 -2.4803E+13 -4.2653E+09 -9.3938E+08
     0.711480
  1.7028E+14  7.1564E+14  1.1442E+16  5.1397E+15 -1.4996E+00  5.6630E-03  5.9308E+16 -6.1149E+13 -1.3871E+10 -2.1448E+09
     0.717360
  4.1980E+14  1.7643E+15  2.8208E+16  1.2671E+16 -6.8099E+00 -1.6499E-01  1.4621E+17 -1.5074E+14 -3.9292E+10 -5.1980E+09
     0.723240
  1.0349E+15  4.3493E+15  6.9542E+16  3.1238E+16 -1.1720E+01 -7.1267E-03  3.6045E+17 -3.7159E+14 -9.8400E+10 -1.3469E+10
     0.729120
  2.5513E+15  1.0721E+16  1.7144E+17  7.7009E+16 -1.0022E+01 -4.3118E-01  8.8860E+17 -9.1598E+14 -2.2041E+11 -3.6431E+10
     0.735000
  6.2895E+15  2.6429E+16  4.2266E+17  1.8985E+17 -1.9931E+01  3.0074E-01  2.1906E+18 -2.2580E+15 -4.4780E+11 -9.9224E+10
     0.740880
  1.5505E+16  6.5152E+16  1.0420E+18  4.6803E+17  5.1065E+01 -1.7256E+00  5.4006E+18 -5.5666E+15 -8.5208E+11 -2.6452E+11
     0.746760
  3.8226E+16  1.6062E+17  2.5689E+18  1.1539E+18 -1.1602E+02 -1.3259E+01  1.3315E+19 -1.3724E+16 -1.6466E+12 -6.7977E+11
     0.752640
  9.4242E+16  3.9600E+17  6.3332E+18  2.8447E+18  3.9636E+02 -1.0962E+01  3.2826E+19 -3.3838E+16 -3.6967E+12 -1.6775E+12
     0.758520
  2.3235E+17  9.7635E+17  1.5614E+19  7.0135E+18  4.1604E+03 -1.5289E+01  8.0931E+19 -8.3431E+16 -1.0288E+13 -3.9956E+12
     0.764400
  5.7285E+17  2.4073E+18  3.8494E+19  1.7291E+19  2.1416E+03 -6.6558E+01  1.9953E+20 -2.0571E+17 -3.2214E+13 -9.3089E+12
     0.770280
  1.4123E+18  5.9353E+18  9.4902E+19  4.2631E+19  1.5729E+04 -9.0001E+01  4.9192E+20 -5.0717E+17 -1.0037E+14 -2.1645E+13
     0.776160
  3.4820E+18  1.4633E+19  2.3397E+20  1.0510E+20 -1.9038E+04  1.2264E+03  1.2128E+21 -1.2504E+18 -2.9285E+14 -5.1380E+13
     0.782040
  8.5843E+18  3.6076E+19  5.7682E+20  2.5911E+20  9.3909E+04  1.7158E+03  2.9899E+21 -3.0824E+18 -7.8618E+14 -1.2653E+14
     0.787920
  2.1163E+19  8.8936E+19  1.4221E+21  6.3878E+20 -7.6115E+03  9.0130E+02  7.3709E+21 -7.5986E+18 -1.9416E+15 -3.2350E+14
     0.793800
  5.2172E+19  2.1924E+20  3.5059E+21  1.5748E+21  5.7550E+05  4.2364E+03  1.8171E+22 -1.8731E+19 -4.4482E+15 -8.4662E+14
     0.799680
  1.2862E+20  5.4047E+20  8.6432E+21  3.8823E+21 -2.1413E+06  3.3451E+04  4.4798E+22 -4.6177E+19 -9.6273E+15 -2.2228E+15
     0.805560
  3.1708E+20  1.3324E+21  2.1308E+22  9.5711E+21 -1.3265E+06 -1.3170E+05  1.1044E+23 -1.1384E+20 -2.0386E+16 -5.7559E+15
     0.811440
  7.8171E+20  3.2847E+21  5.2532E+22  2.3596E+22 -3.9035E+05 -1.6401E+05  2.7228E+23 -2.8067E+20 -4.4665E+16 -1.4556E+16
     0.817320
  1.9272E+21  8.0983E+21  1.2951E+23  5.8174E+22  3.9234E+07  5.7203E+04  6.7128E+23 -6.9199E+20 -1.0720E+17 -3.5863E+16
     0.823200
  4.7514E+21  1.9966E+22  3.1929E+23  1.4342E+23  8.1276E+07  1.1225E+06  1.6550E+24 -1.7061E+21 -2.8538E+17 -8.6464E+16
     0.829080
  1.1714E+22  4.9227E+22  7.8718E+23  3.5360E+23 -2.4784E+08 -3.0896E+06  4.0802E+24 -4.2065E+21 -8.0649E+17 -2.0602E+17
     0.834960
  2.8881E+22  1.2137E+23  1.9407E+24  8.7176E+23 -4.3682E+08  4.6706E+06  1.0059E+25 -1.0371E+22 -2.2852E+18 -4.9176E+17
     0.840840
  7.1203E+22  2.9923E+23  4.7845E+24  2.1492E+24  4.2810E+07  8.1195E+05  2.4800E+25 -2.5567E+22 -6.2493E+18 -1.1915E+18
     0.846720
  1.7554E+23  7.3770E+23  1.1796E+25  5.2985E+24 -1.8048E+09  7.7218E+06  6.1140E+25 -6.3030E+22 -1.6216E+19 -2.9533E+18
     0.852600
  4.3276E+23  1.8186E+24  2.9080E+25  1.3063E+25  2.5186E+09 -1.0660E+08  1.5073E+26 -1.5538E+23 -3.9813E+19 -7.4806E+18
     0.858480
  1.0669E+24  4.4833E+24  7.1693E+25  3.2203E+25  2.5526E+09  3.5503E+07  3.7159E+26 -3.8305E+23 -9.3151E+19 -1.9194E+19
     0.864360
  2.6302E+24  1.1052E+25  1.7675E+26  7.9391E+25 -4.9118E+09  3.1489E+08  9.1609E+26 -9.4432E+23 -2.1123E+20 -4.9297E+19
     0.870240
  6.4842E+24  2.7247E+25  4.3574E+26  1.9573E+26  5.6533E+10 -6.4460E+08  2.2585E+27 -2.3281E+24 -4.7709E+20 -1.2544E+20
     0.876120
  1.5986E+25  6.7174E+25  1.0743E+27  4.8254E+26  1.7481E+11 -1.1967E+09  5.5680E+27 -5.7397E+24 -1.1100E+21 -3.1428E+20
     0.882000
  3.9411E+25  1.6561E+26  2.6484E+27  1.1896E+27 -8.0627E+09  6.5062E+09  1.3727E+28 -1.4151E+25 -2.7285E+21 -7.7448E+20
     0.887880
  9.7165E+25  4.0831E+26  6.5293E+27  2.9329E+27 -6.2920E+11  2.8640E+10  3.3843E+28 -3.4889E+25 -7.0902E+21 -1.8838E+21
     0.893760
  2.3955E+26  1.0067E+27  1.6097E+28  7.2308E+27  3.0781E+11 -6.1799E+09  8.3437E+28 -8.6017E+25 -1.9024E+22 -4.5546E+21
     0.899640
  5.9059E+26  2.4819E+27  3.9686E+28  1.7827E+28  6.3634E+12  1.6042E+10  2.0570E+29 -2.1207E+26 -5.1123E+22 -1.1042E+22
     0.905520
  1.4560E+27  6.1188E+27  9.7840E+28  4.3949E+28 -2.6600E+12  1.6403E+11  5.0713E+29 -5.2282E+26 -1.3443E+23 -2.7047E+22
     0.911400
  3.5896E+27  1.5085E+28  2.4121E+29  1.0835E+29  5.7988E+12  4.3565E+11  1.2503E+30 -1.2889E+27 -3.4173E+23 -6.7196E+22
     0.917280
  3.5932E-02  1.5100E-01  2.4146E+00  1.0846E+00  1.4960E-16  1.0922E-17  1.2515E+01 -1.2902E-02 -3.4025E-06 -6.8655E-07
     0.923160
  8.8584E-02  3.7225E-01  5.9527E+00  2.6739E+00  1.7199E-17 -1.1695E-17  3.0854E+01 -3.1806E-02 -8.0982E-06 -1.7399E-06
     0.929040
  2.1839E-01  9.1770E-01  1.4676E+01  6.5920E+00 -5.8743E-16 -3.0205E-18  7.6065E+01 -7.8410E-02 -1.8959E-05 -4.4088E-06
     0.934920
  5.3840E-01  2.2624E+00  3.6180E+01  1.6252E+01  7.6403E-15 -9.7876E-17  1.8753E+02 -1.9331E-01 -4.4496E-05 -1.1100E-05
     0.940800
  1.3273E+00  5.5777E+00  8.9197E+01  4.0066E+01  1.0145E-14  1.0100E-16  4.6232E+02 -4.7659E-01 -1.0673E-04 -2.7664E-05
     0.946680
  3.2724E+00  1.3751E+01  2.1990E+02  9.8778E+01 -6.3179E-15  9.5975E-17  1.1398E+03 -1.1750E+00 -2.6472E-04 -6.8232E-05
     0.952560
  8.0678E+00  3.3903E+01  5.4214E+02  2.4352E+02  2.3054E-14  5.9141E-16  2.8101E+03 -2.8969E+00 -6.7752E-04 -1.6699E-04
     0.958440
  1.9890E+01  8.3585E+01  1.3366E+03  6.0038E+02  5.3364E-14  8.3745E-16  6.9279E+03 -7.1420E+00 -1.7647E-03 -4.0751E-04
     0.964320
  4.9037E+01  2.0607E+02  3.2952E+03  1.4802E+03  3.6540E-13  3.3097E-16  1.7080E+04 -1.7608E+01 -4.5963E-03 -9.9699E-04
     0.970200
  1.2089E+02  5.0804E+02  8.1238E+03  3.6491E+03  1.5313E-12 -9.1198E-15  4.2108E+04 -4.3409E+01 -1.1802E-02 -2.4564E-03
     0.976080
  2.9805E+02  1.2525E+03  2.0028E+04  8.9964E+03  4.7652E-12  2.9597E-14  1.0381E+05 -1.0702E+02 -2.9645E-02 -6.1056E-03
     0.981960
  7.3478E+02  3.0878E+03  4.9376E+04  2.2179E+04 -3.2276E-12 -4.0450E-14  2.5593E+05 -2.6383E+02 -7.2768E-02 -1.5292E-02
     0.987840
  1.8115E+03  7.6123E+03  1.2173E+05  5.4679E+04 -2.8935E-12  6.0441E-14  6.3094E+05 -6.5041E+02 -1.7542E-01 -3.8447E-02
     0.993720
  4.4659E+03  1.8767E+04  3.0010E+05  1.3480E+05  4.9021E-11 -2.0429E-13  1.5555E+06 -1.6035E+03 -4.1941E-01 -9.6605E-02
     0.999600
  1.1010E+04  4.6266E+04  7.3986E+05  3.3234E+05  2.0306E-10  1.7743E-12  3.8348E+06 -3.9531E+03 -1.0068E+00 -2.4165E-01
     1.005480
  2.7144E+04  1.1406E+05  1.8240E+06  8.1933E+05  4.8509E-11  7.1589E-12  9.4543E+06 -9.7460E+03 -2.4537E+00 -6.0051E-01
     1.011360
  6.6919E+04  2.8121E+05  4.4969E+06  2.0199E+06 -5.1934E-10 -8.0961E-14  2.3308E+07 -2.4028E+04 -6.1044E+00 -1.4826E+00
     1.017240
  1.6498E+05  6.9329E+05  1.1086E+07  4.9799E+06  1.1768E-09  9.0214E-12  5.7464E+07 -5.9239E+04 -1.5465E+01 -3.6437E+00
     1.023120
  4.0674E+05  1.7092E+06  2.7332E+07  1.2277E+07  4.2137E-09  1.6961E-10  1.4167E+08 -1.4605E+05 -3.9560E+01 -8.9433E+00
     1.029000
  1.0028E+06  4.2139E+06  6.7384E+07  3.0268E+07  4.3664E-09  1.6780E-11  3.4927E+08 -3.6006E+05 -1.0110E+02 -2.1997E+01
     1.034880
  2.4722E+06  1.0389E+07  1.6612E+08  7.4622E+07  2.9527E-08 -2.5370E-10  8.6107E+08 -8.8767E+05 -2.5588E+02 -5.4360E+01
     1.040760
  6.0948E+06  2.5612E+07  4.0956E+08  1.8397E+08 -3.4003E-08 -3.8489E-10  2.1228E+09 -2.1884E+06 -6.3843E+02 -1.3508E+02
     1.046640
  1.5026E+07  6.3142E+07  1.0097E+09  4.5355E+08 -2.8507E-07  2.2931E-09  5.2335E+09 -5.3951E+06 -1.5699E+03 -3.3717E+02
     1.052520
  3.7044E+07  1.5567E+08  2.4893E+09  1.1181E+09 -2.6715E-08 -1.4973E-08  1.2902E+10 -1.3301E+07 -3.8190E+03 -8.4337E+02
     1.058400
  9.1325E+07  3.8377E+08  6.1369E+09  2.7566E+09  6.0246E-07 -5.0520E-09  3.1809E+10 -3.2790E+07 -9.2540E+03 -2.1079E+03
     1.064280
  2.2515E+08  9.4612E+08  1.5130E+10  6.7961E+09  1.2658E-06  1.5353E-08  7.8420E+10 -8.0840E+07 -2.2512E+04 -5.2521E+03
     1.070160
  5.5507E+08  2.3325E+09  3.7300E+10  1.6755E+10 -5.3040E-06 -4.3615E-08  1.9333E+11 -1.9930E+08 -5.5324E+04 -1.3031E+04
     1.076040
  1.3685E+09  5.7506E+09  9.1958E+10  4.1307E+10 -1.2083E-05  3.5857E-07  4.7664E+11 -4.9136E+08 -1.3771E+05 -3.2198E+04
     1.081920
  3.3738E+09  1.4177E+10  2.2671E+11  1.0184E+11  1.1193E-05  1.0778E-06  1.1751E+12 -1.2114E+09 -3.4645E+05 -7.9350E+04
     1.087800
  8.3176E+09  3.4953E+10  5.5892E+11  2.5106E+11 -2.1172E-05 -7.8171E-07  2.8970E+12 -2.9865E+09 -8.7618E+05 -1.9545E+05
     1.093680
  2.0506E+10  8.6172E+10  1.3779E+12  6.1896E+11 -4.7161E-05 -6.2579E-07  7.1423E+12 -7.3629E+09 -2.2130E+06 -4.8223E+05
     1.099560
  5.0554E+10  2.1244E+11  3.3971E+12  1.5260E+12 -2.0574E-05  2.4353E-06  1.7608E+13 -1.8152E+10 -5.5528E+06 -1.1935E+06
     1.105440
  1.2463E+11  5.2375E+11  8.3752E+12  3.7620E+12  1.8077E-03 -1.7984E-05  4.3410E+13 -4.4751E+10 -1.3803E+07 -2.9640E+06
     1.111320
  3.0727E+11  1.2912E+12  2.0648E+13  9.2747E+12 -8.4516E-04 -3.5179E-05  1.0702E+14 -1.1033E+11 -3.4001E+07 -7.3805E+06
     1.117200
  7.5752E+11  3.1833E+12  5.0904E+13  2.2865E+13 -1.3314E-03  3.9926E-05  2.6385E+14 -2.7199E+11 -8.3229E+07 -1.8398E+07
     1.123080
  1.8675E+12  7.8478E+12  1.2550E+14  5.6371E+13  3.1973E-03  2.9527E-05  6.5047E+14 -6.7055E+11 -2.0339E+08 -4.5828E+07
     1.128960
  4.6041E+12  1.9348E+13  3.0939E+14  1.3898E+14  3.5033E-02 -2.4989E-04  1.6036E+15 -1.6531E+12 -4.9861E+08 -1.1391E+08
     1.134840
  1.1351E+13  4.7699E+13  7.6276E+14  3.4262E+14  2.0083E-02  2.0904E-03  3.9536E+15 -4.0756E+12 -1.2307E+09 -2.8236E+08
     1.140720
  2.7984E+13  1.1760E+14  1.8805E+15  8.4469E+14  4.9192E-01 -6.3165E-04  9.7470E+15 -1.0048E+13 -3.0619E+09 -6.9815E+08
     1.146600
  6.8991E+13  2.8992E+14  4.6361E+15  2.0825E+15  5.8951E-01 -4.6614E-03  2.4030E+16 -2.4772E+13 -7.6660E+09 -1.7236E+09
     1.152480
  1.7009E+14  7.1476E+14  1.1430E+16  5.1341E+15  1.4530E-01 -1.4484E-03  5.9243E+16 -6.1072E+13 -1.9246E+10 -4.2547E+09
     1.158360
  4.1933E+14  1.7621E+15  2.8178E+16  1.2657E+16 -2.1494E+00 -5.8158E-03  1.4605E+17 -1.5057E+14 -4.8256E+10 -1.0515E+10
     1.164240
  1.0338E+15  4.3443E+15  6.9469E+16  3.1205E+16  1.0517E+00  9.7011E-02  3.6008E+17 -3.7120E+14 -1.2045E+11 -2.6042E+10
     1.170120
  2.5487E+15  1.0710E+16  1.7127E+17  7.6931E+16 -1.6670E+01 -1.1764E-01  8.8771E+17 -9.1512E+14 -2.9882E+11 -6.4633E+10
     1.176000
  6.2834E+15  2.6404E+16  4.2223E+17  1.8966E+17 -6.3698E+01 -1.1764E+00  2.1885E+18 -2.2561E+15 -7.3716E+11 -1.6066E+11
     1.181880
  1.5491E+16  6.5096E+16  1.0410E+18  4.6758E+17 -3.4059E+01 -6.0021E-01  5.3955E+18 -5.5620E+15 -1.8119E+12 -3.9958E+11
     1.187760
  3.8190E+16  1.6048E+17  2.5663E+18  1.1528E+18 -2.8366E+02 -2.4869E+00  1.3302E+19 -1.3712E+16 -4.4511E+12 -9.9317E+11
     1.193640
  9.4152E+16  3.9565E+17  6.3269E+18  2.8420E+18  1.9791E+02 -9.0787E+00  3.2794E+19 -3.3806E+16 -1.0961E+13 -2.4649E+12
     1.199520
  2.3212E+17  9.7542E+17  1.5598E+19  7.0065E+18  2.2347E+03  1.4404E+01  8.0848E+19 -8.3344E+16 -2.7114E+13 -6.1068E+12
     1.205400
  5.7226E+17  2.4048E+18  3.8455E+19  1.7273E+19  3.3774E+03  1.0941E+01  1.9932E+20 -2.0547E+17 -6.7402E+13 -1.5106E+13
     1.211280
  1.4108E+18  5.9286E+18  9.4805E+19  4.2585E+19 -2.0561E+04 -3.5257E+02  4.9140E+20 -5.0657E+17 -1.6818E+14 -3.7334E+13
     1.217160
  3.4782E+18  1.4616E+19  2.3373E+20  1.0499E+20  4.3198E+02 -2.9276E+02  1.2115E+21 -1.2489E+18 -4.2021E+14 -9.2277E+13
     1.223040
  8.5750E+18  3.6035E+19  5.7622E+20  2.5883E+20 -2.9930E+04 -3.4673E+03  2.9867E+21 -3.0789E+18 -1.0488E+15 -2.2827E+14
     1.228920
  2.1140E+19  8.8838E+19  1.4206E+21  6.3812E+20 -4.3557E+05 -1.5938E+03  7.3633E+21 -7.5907E+18 -2.6094E+15 -5.6545E+14
     1.234800
  5.2119E+19  2.1902E+20  3.5023E+21  1.5732E+21  1.7410E+05 -4.3181E+02  1.8153E+22 -1.8714E+19 -6.4671E+15 -1.4025E+15
     1.240680
  1.2849E+20  5.3995E+20  8.6344E+21  3.8785E+21  1.5147E+06 -3.2702E+03  4.4754E+22 -4.6136E+19 -1.5972E+16 -3.4820E+15
     1.246560
  3.1677E+20  1.3312E+21  2.1287E+22  9.5618E+21  3.3115E+06  1.1920E+04  1.1033E+23 -1.1374E+20 -3.9364E+16 -8.6467E+15
     1.252440
  7.8096E+20  3.2818E+21  5.2480E+22  2.3573E+22  2.8554E+06  2.8043E+05  2.7201E+23 -2.8041E+20 -9.7008E+16 -2.1461E+16
     1.258320
  1.9253E+21  8.0908E+21  1.2938E+23  5.8116E+22  1.3421E+07  1.1275E+05  6.7061E+23 -6.9131E+20 -2.3950E+17 -5.3213E+16
     1.264200
  4.7467E+21  1.9947E+22  3.1897E+23  1.4328E+23 -4.6215E+07 -1.1619E+05  1.6533E+24 -1.7043E+21 -5.9303E+17 -1.3179E+17
     1.270080
  1.1702E+22  4.9176E+22  7.8637E+23  3.5323E+23 -6.8589E+07 -1.7149E+06  4.0760E+24 -4.2018E+21 -1.4729E+18 -3.2609E+17
     1.275960
  2.8850E+22  1.2124E+23  1.9387E+24  8.7084E+23  1.4167E+08 -6.7337E+06  1.0049E+25 -1.0359E+22 -3.6664E+18 -8.0646E+17
     1.281840
  7.1127E+22  2.9889E+23  4.7796E+24  2.1469E+24  1.4222E+09 -1.8381E+07  2.4774E+25 -2.5539E+22 -9.1322E+18 -1.9947E+18
     1.287720
  1.7535E+23  7.3688E+23  1.1783E+25  5.2930E+24  6.4819E+09 -1.1157E+07  6.1076E+25 -6.2962E+22 -2.2725E+19 -4.9367E+18
     1.293600
  4.3231E+23  1.8167E+24  2.9050E+25  1.3049E+25 -8.7028E+09 -3.1054E+07  1.5057E+26 -1.5522E+23 -5.6433E+19 -1.2228E+19
     1.299480
  1.0658E+24  4.4787E+24  7.1619E+25  3.2171E+25  7.4349E+09 -5.2224E+07  3.7122E+26 -3.8268E+23 -1.3978E+20 -3.0315E+19
     1.305360
  2.6275E+24  1.1042E+25  1.7657E+26  7.9312E+25 -3.2822E+09 -3.2879E+08  9.1519E+26 -9.4344E+23 -3.4550E+20 -7.5194E+19
     1.311240
  6.4778E+24  2.7221E+25  4.3530E+26  1.9553E+26 -1.6535E+10 -8.8966E+08  2.2563E+27 -2.3259E+24 -8.5297E+20 -1.8652E+20
     1.317120
  1.5970E+25  6.7111E+25  1.0732E+27  4.8206E+26 -8.1377E+10  1.0416E+09  5.5625E+27 -5.7342E+24 -2.1061E+21 -4.6251E+20
     1.323000
  3.9372E+25  1.6545E+26  2.6458E+27  1.1884E+27 -4.3052E+11 -2.3904E+09  1.3714E+28 -1.4137E+25 -5.2070E+21 -1.1461E+21
     1.328880
  9.7067E+25  4.0790E+26  6.5227E+27  2.9299E+27  7.8490E+11  5.0315E+10  3.3809E+28 -3.4853E+25 -1.2898E+22 -2.8378E+21
     1.334760
  2.3930E+26  1.0056E+27  1.6081E+28  7.2233E+27  1.8188E+12  2.0873E+10  8.3351E+28 -8.5924E+25 -3.2010E+22 -7.0227E+21
     1.340640
  5.8997E+26  2.4792E+27  3.9645E+28  1.7808E+28 -1.8564E+13 -5.3072E+10  2.0549E+29 -2.1184E+26 -7.9544E+22 -1.7374E+22
     1.346520
  1.4545E+27  6.1122E+27  9.7739E+28  4.3903E+28  4.6426E+12 -5.5141E+10  5.0661E+29 -5.2225E+26 -1.9771E+23 -4.2989E+22
     1.352400
  3.5858E+27  1.5069E+28  2.4096E+29  1.0824E+29  2.6938E+13 -8.8966E+11  1.2490E+30 -1.2875E+27 -4.9108E+23 -1.0641E+23
     1.358280
  3.5898E-02  1.5085E-01  2.4123E+00  1.0836E+00  5.7269E-18  1.0457E-17  1.2503E+01 -1.2890E-02 -4.9460E-06 -1.0702E-06
     1.364160
  8.8501E-02  3.7191E-01  5.9471E+00  2.6714E+00 -2.1353E-16 -3.0903E-19  3.0825E+01 -3.1777E-02 -1.2247E-05 -2.6520E-06
     1.370040
  2.1819E-01  9.1688E-01  1.4662E+01  6.5859E+00 -7.2475E-16  2.5458E-18  7.5995E+01 -7.8342E-02 -3.0287E-05 -6.5736E-06
     1.375920
  5.3791E-01  2.2604E+00  3.6147E+01  1.6237E+01  2.9096E-15 -3.3414E-17  1.8736E+02 -1.9314E-01 -7.4853E-05 -1.6294E-05
     1.381800
  1.3261E+00  5.5728E+00  8.9114E+01  4.0029E+01 -2.3722E-14 -3.5810E-17  4.6190E+02 -4.7616E-01 -1.8503E-04 -4.0377E-05
     1.387680
  3.2694E+00  1.3739E+01  2.1970E+02  9.8686E+01  2.2946E-14  4.6347E-16  1.1387E+03 -1.1739E+00 -4.5778E-04 -1.0001E-04
     1.393560
  8.0602E+00  3.3871E+01  5.4164E+02  2.4330E+02  1.2462E-13 -7.2104E-16  2.8074E+03 -2.8941E+00 -1.1340E-03 -2.4759E-04
     1.399440
  1.9871E+01  8.3505E+01  1.3353E+03  5.9981E+02 -1.5678E-13  2.2548E-16  6.9213E+03 -7.1350E+00 -2.8125E-03 -6.1273E-04
     1.405320
  4.8990E+01  2.0587E+02  3.2921E+03  1.4788E+03 -8.3298E-13 -8.9945E-18  1.7064E+04 -1.7590E+01 -6.9805E-03 -1.5162E-03
     1.411200
  1.2078E+02  5.0754E+02  8.1161E+03  3.6457E+03  8.2865E-13  2.9899E-14  4.2068E+04 -4.3367E+01 -1.7326E-02 -3.7521E-03
     1.417080
  2.9776E+02  1.2513E+03  2.0009E+04  8.9879E+03 -1.7579E-14  4.6536E-14  1.0371E+05 -1.0691E+02 -4.2982E-02 -9.2880E-03
     1.422960
  7.3409E+02  3.0848E+03  4.9330E+04  2.2158E+04 -2.2035E-13  9.4637E-15  2.5569E+05 -2.6358E+02 -1.0653E-01 -2.3000E-02
     1.428840
  1.8098E+03  7.6052E+03  1.2161E+05  5.4628E+04  4.2191E-11 -9.2060E-14  6.3036E+05 -6.4982E+02 -2.6373E-01 -5.6972E-02
     1.434720
  4.4618E+03  1.8750E+04  2.9982E+05  1.3468E+05  3.6561E-11 -4.0066E-13  1.5541E+06 -1.6020E+03 -6.5242E-01 -1.4115E-01
     1.440600
  1.1000E+04  4.6224E+04  7.3917E+05  3.3203E+05  3.3482E-12  1.1933E-12  3.8313E+06 -3.9496E+03 -1.6134E+00 -3.4967E-01
     1.446480
  2.7119E+04  1.1396E+05  1.8223E+06  8.1857E+05  7.5022E-11  6.1327E-12  9.4455E+06 -9.7372E+03 -3.9906E+00 -8.6608E-01
     1.452360
  6.6857E+04  2.8095E+05  4.4927E+06  2.0181E+06 -6.8514E-10  6.5359E-12  2.3287E+07 -2.4006E+04 -9.8766E+00 -2.1445E+00
     1.458240
  1.6483E+05  6.9264E+05  1.1076E+07  4.9753E+06 -2.9509E-10 -1.3851E-11  5.7410E+07 -5.9183E+04 -2.4464E+01 -5.3083E+00
     1.464120
  4.0636E+05  1.7076E+06  2.7307E+07  1.2266E+07  7.2015E-09 -2.3974E-11  1.4154E+08 -1.4591E+05 -6.0640E+01 -1.3137E+01
     1.470000
  1.0018E+06  4.2099E+06  6.7320E+07  3.0240E+07  2.0477E-08  3.6562E-11  3.4894E+08 -3.5971E+05 -1.5037E+02 -3.2508E+01
     1.475880
  2.4698E+06  1.0379E+07  1.6597E+08  7.4551E+07 -1.3592E-09  3.4436E-10  8.6026E+08 -8.8682E+05 -3.7288E+02 -8.0452E+01
     1.481760
  6.0890E+06  2.5588E+07  4.0917E+08  1.8380E+08  4.6845E-08 -1.3298E-09  2.1208E+09 -2.1863E+06 -9.2425E+02 -1.9914E+02
     1.487640
  1.5012E+07  6.3083E+07  1.0088E+09  4.5312E+08  7.9085E-08 -1.5414E-09  5.2286E+09 -5.3901E+06 -2.2895E+03 -4.9304E+02
     1.493520
  3.7009E+07  1.5552E+08  2.4869E+09  1.1171E+09 -1.4751E-07 -4.5547E-09  1.2890E+10 -1.3288E+07 -5.6674E+03 -1.2209E+03
     1.499400
  9.1240E+07  3.8342E+08  6.1312E+09  2.7541E+09 -5.1587E-08 -2.9104E-08  3.1779E+10 -3.2761E+07 -1.4022E+04 -3.0235E+03
     1.500000
  1.0004E+08  4.2039E+08  6.7225E+09  3.0197E+09  3.3910E-07 -5.4836E-09  3.4844E+10 -3.5920E+07 -1.5380E+04 -3.3167E+03
