     0.000000
  5.8948E-02  6.8092E-35  4.9087E-09  1.7437E-02  0.0000E+00  0.0000E+00  0.0000E+00  0.0000E+00  0.0000E+00  0.0000E+00
     0.007600
  4.3808E-02  1.5504E-03  6.8455E-01  3.0682E-01 -1.3626E-17 -8.0181E-20  2.2043E+00 -6.3974E-03 -3.4573E-05  8.0890E-06
     0.015200
  2.9685E-02  1.6652E-02  1.2927E+00  4.9287E-01 -3.1612E-17  4.3190E-20  8.5227E-01 -6.2125E-03  9.1553E-05  3.9376E-05
     0.022800
  3.2929E-02  5.0714E-02  1.1958E+00  4.5015E-01 -2.8418E-18  3.7149E-19  1.0390E+00 -5.4140E-03 -4.2332E-05  2.9821E-05
     0.030400
  3.6311E-02  9.4205E-02  1.4070E+00  7.0237E-01 -2.2185E-17 -2.2515E-19  2.0536E+00 -7.4394E-03  4.3826E-04  6.2486E-05
     0.038000
  4.5663E-02  1.6235E-01  1.6494E+00  9.1418E-01 -3.3448E-18 -4.4856E-19  2.3719E+00 -1.0793E-02  8.2024E-04  1.3013E-04
     0.045600
  6.4564E-02  2.6075E-01  1.9934E+00  1.2180E+00 -7.6136E-17  5.8823E-20  4.4756E+00 -1.5241E-02 -4.2257E-04  6.5387E-05
     0.053200
  9.6480E-02  3.8771E-01  2.8804E+00  1.9521E+00  5.6520E-17  4.4455E-19  7.3850E+00 -1.9811E-02 -1.1228E-04  1.7041E-05
     0.060800
  1.6237E-01  6.0002E-01  4.1669E+00  3.0100E+00  6.1395E-17 -1.7530E-19  1.2050E+01 -2.5665E-02  1.5451E-03  5.6050E-05
     0.068400
  2.7727E-01  9.7996E-01  6.7090E+00  4.8410E+00  1.0155E-16 -3.4957E-18  2.1618E+01 -3.5504E-02  1.3502E-03  6.5627E-05
     0.076000
  4.7214E-01  1.6525E+00  1.1601E+01  8.0888E+00 -4.8940E-16 -5.8738E-18  3.7559E+01 -5.2574E-02 -8.8098E-04  5.4136E-05
     0.083600
  8.2069E-01  2.8731E+00  1.9917E+01  1.3611E+01 -2.1120E-15  9.4746E-18  6.5697E+01 -8.3734E-02 -4.8104E-03 -2.5731E-05
     0.091200
  1.4408E+00  5.0690E+00  3.4707E+01  2.3474E+01 -1.9976E-15 -5.0703E-18  1.1699E+02 -1.3942E-01 -8.4381E-03 -1.3300E-04
     0.098800
  2.5370E+00  9.0398E+00  6.1116E+01  4.1151E+01 -3.9124E-15 -1.4192E-17  2.0820E+02 -2.4440E-01 -1.5533E-02 -2.7923E-04
     0.106400
  4.4829E+00  1.6213E+01  1.0794E+02  7.2640E+01  4.4025E-15 -4.6754E-17  3.7136E+02 -4.4190E-01 -3.1089E-02 -6.6504E-04
     0.114000
  7.9369E+00  2.9051E+01  1.9195E+02  1.2898E+02  1.4456E-14  2.7925E-16  6.6399E+02 -7.9962E-01 -6.1095E-02 -1.5842E-03
     0.121600
  1.4052E+01  5.2109E+01  3.4221E+02  2.2955E+02  5.8711E-14  4.7791E-17  1.1855E+03 -1.4459E+00 -1.2235E-01 -3.7745E-03
     0.129200
  2.4899E+01  9.3321E+01  6.1111E+02  4.0832E+02 -2.4648E-16  7.4273E-16  2.1147E+03 -2.5922E+00 -2.3951E-01 -8.7527E-03
     0.136800
  4.4146E+01  1.6668E+02  1.0935E+03  7.2567E+02 -1.1061E-13 -8.6067E-16  3.7712E+03 -4.6028E+00 -4.6300E-01 -1.9762E-02
     0.144400
  7.8301E+01  2.9725E+02  1.9586E+03  1.2886E+03 -4.4603E-14 -6.7573E-16  6.7218E+03 -8.1242E+00 -8.7568E-01 -4.2814E-02
     0.152000
  1.3895E+02  5.2947E+02  3.5106E+03  2.2869E+03  1.3696E-13  1.9459E-15  1.1979E+04 -1.4285E+01 -1.6368E+00 -8.9495E-02
     0.159600
  2.4665E+02  9.4258E+02  6.2953E+03  4.0580E+03 -5.0382E-13  2.3458E-15  2.1348E+04 -2.5098E+01 -3.0520E+00 -1.8170E-01
     0.167200
  4.3791E+02  1.6779E+03  1.1289E+04  7.2024E+03 -1.1835E-12 -4.5648E-15  3.8046E+04 -4.4148E+01 -5.6719E+00 -3.5823E-01
     0.174800
  7.7755E+02  2.9873E+03  2.0242E+04  1.2789E+04  8.5027E-14  2.6933E-15  6.7811E+04 -7.7844E+01 -1.0501E+01 -6.8661E-01
     0.182400
  1.3807E+03  5.3200E+03  3.6284E+04  2.2724E+04  4.7745E-12  3.4858E-14  1.2087E+05 -1.3765E+02 -1.9331E+01 -1.2793E+00
     0.190000
  2.4522E+03  9.4762E+03  6.5013E+04  4.0399E+04  7.0211E-13 -4.0232E-14  2.1548E+05 -2.4398E+02 -3.5309E+01 -2.3151E+00
     0.197600
  4.3565E+03  1.6880E+04  1.1645E+05  7.1859E+04 -7.7286E-12 -1.5455E-13  3.8419E+05 -4.3321E+02 -6.3906E+01 -4.0660E+00
     0.205200
  7.7430E+03  3.0067E+04  2.0852E+05  1.2788E+05  2.4773E-12 -1.1237E-13  6.8516E+05 -7.6988E+02 -1.1462E+02 -6.9258E+00
     0.212800
  1.3772E+04  5.3553E+04  3.7335E+05  2.2766E+05  3.0853E-11 -9.0602E-14  1.2224E+06 -1.3687E+03 -2.0410E+02 -1.1438E+01
     0.220400
  2.4516E+04  9.5381E+04  6.6847E+05  4.0548E+05 -5.2639E-11  2.7488E-13  2.1821E+06 -2.4333E+03 -3.6180E+02 -1.8314E+01
     0.228000
  4.3692E+04  1.6991E+05  1.1970E+06  7.2262E+05 -7.4953E-11 -4.6610E-13  3.8980E+06 -4.3268E+03 -6.4112E+02 -2.8451E+01
     0.235600
  7.7965E+04  3.0279E+05  2.1442E+06  1.2887E+06 -1.3634E-10 -1.3904E-12  6.9691E+06 -7.6972E+03 -1.1408E+03 -4.2958E+01
     0.243200
  1.3932E+05  5.3994E+05  3.8420E+06  2.3002E+06  2.9264E-10  3.2892E-12  1.2472E+07 -1.3705E+04 -2.0460E+03 -6.3205E+01
     0.250800
  2.4930E+05  9.6372E+05  6.8876E+06  4.1099E+06 -9.4635E-10 -6.6782E-12  2.2345E+07 -2.4436E+04 -3.7091E+03 -9.1043E+01
     0.258400
  4.4673E+05  1.7220E+06  1.2354E+07  7.3513E+06 -2.0372E-09 -9.5581E-12  4.0078E+07 -4.3638E+04 -6.8001E+03 -1.2916E+02
     0.266000
  8.0162E+05  3.0808E+06  2.2172E+07  1.3164E+07 -5.2558E-10  9.8995E-12  7.1960E+07 -7.8065E+04 -1.2588E+04 -1.8161E+02
     0.273600
  1.4403E+06  5.5190E+06  3.9819E+07  2.3601E+07 -2.5727E-09  1.2056E-11  1.2934E+08 -1.3989E+05 -2.3468E+04 -2.5443E+02
     0.281200
  2.5907E+06  9.8998E+06  7.1559E+07  4.2356E+07 -1.5043E-10  3.9998E-11  2.3268E+08 -2.5108E+05 -4.3902E+04 -3.5478E+02
     0.288800
  4.6650E+06  1.7780E+07  1.2869E+08  7.6088E+07 -1.0820E-08 -1.1488E-11  4.1895E+08 -4.5125E+05 -8.2145E+04 -4.8571E+02
     0.296400
  8.4073E+06  3.1969E+07  2.3158E+08  1.3680E+08  4.9119E-10  5.8251E-11  7.5485E+08 -8.1189E+05 -1.5333E+05 -6.2877E+02
     0.304000
  1.5163E+07  5.7540E+07  4.1700E+08  2.4612E+08 -2.3236E-08 -1.3034E-10  1.3608E+09 -1.4620E+06 -2.8503E+05 -6.9667E+02
     0.311600
  2.7366E+07  1.0365E+08  7.5134E+08  4.4306E+08  4.6027E-08  4.4654E-10  2.4545E+09 -2.6344E+06 -5.2721E+05 -4.1944E+02
     0.319200
  4.9416E+07  1.8686E+08  1.3545E+09  7.9795E+08  1.7579E-08  2.2763E-09  4.4288E+09 -4.7490E+06 -9.7015E+05  9.1336E+02
     0.326800
  8.9271E+07  3.3707E+08  2.4430E+09  1.4376E+09  1.4117E-07  1.7192E-09  7.9937E+09 -8.5637E+06 -1.7768E+06  5.0083E+03
     0.334400
  1.6133E+08  6.0831E+08  4.4082E+09  2.5907E+09  1.3721E-07 -6.3261E-10  1.4431E+10 -1.5446E+07 -3.2412E+06  1.5729E+04
     0.342000
  2.9165E+08  1.0982E+09  7.9572E+09  4.6698E+09  9.5621E-07 -1.1583E-09  2.6059E+10 -2.7863E+07 -5.8943E+06  4.1466E+04
     0.349600
  5.2741E+08  1.9834E+09  1.4368E+10  8.4190E+09 -4.7990E-07  4.2329E-09  4.7066E+10 -5.0268E+07 -1.0696E+07  9.9898E+04
     0.357200
  9.5398E+08  3.5828E+09  2.5952E+10  1.5181E+10  8.7019E-07  4.1276E-09  8.5020E+10 -9.0697E+07 -1.9385E+07  2.2743E+05
     0.364800
  1.7260E+09  6.4733E+09  4.6888E+10  2.7378E+10  2.9033E-06  2.3534E-08  1.5361E+11 -1.6366E+08 -3.5113E+07  4.9775E+05
     0.372400
  3.1236E+09  1.1698E+10  8.4729E+10  4.9382E+10 -2.8123E-06  5.1943E-08  2.7758E+11 -2.9534E+08 -6.3604E+07  1.0579E+06
     0.380000
  5.6541E+09  2.1143E+10  1.5314E+11  8.9087E+10 -1.2765E-05  9.0650E-08  5.0170E+11 -5.3306E+08 -1.1526E+08  2.1986E+06
     0.387600
  1.0237E+10  3.8222E+10  2.7685E+11  1.6075E+11 -2.9272E-05  1.1459E-08  9.0695E+11 -9.6226E+08 -2.0901E+08  4.4893E+06
     0.395200
  1.8540E+10  6.9106E+10  5.0058E+11  2.9010E+11 -3.2291E-05 -4.7080E-07  1.6398E+12 -1.7374E+09 -3.7929E+08  9.0379E+06
     0.402800
  3.3583E+10  1.2497E+11  9.0525E+11  5.2363E+11 -2.5738E-05 -4.4150E-07  2.9655E+12 -3.1374E+09 -6.8883E+08  1.7990E+07
     0.410400
  6.0847E+10  2.2601E+11  1.6373E+12  9.4534E+11  3.2483E-06 -1.4386E-06  5.3639E+12 -5.6668E+09 -1.2519E+09  3.5479E+07
     0.418000
  1.1027E+11  4.0883E+11  2.9620E+12  1.7070E+12  1.2109E-04  1.5191E-06  9.7036E+12 -1.0237E+10 -2.2766E+09  6.9441E+07
     0.425600
  1.9987E+11  7.3963E+11  5.3591E+12  3.0828E+12  7.7850E-04  9.7344E-07  1.7558E+13 -1.8498E+10 -4.1423E+09  1.3507E+08
     0.433200
  3.6235E+11  1.3383E+12  9.6979E+12  5.5686E+12 -3.9027E-04  8.1746E-06  3.1773E+13 -3.3429E+10 -7.5400E+09  2.6135E+08
     0.440800
  6.5703E+11  2.4219E+12  1.7552E+13  1.0060E+13 -3.1329E-04  8.1324E-06  5.7509E+13 -6.0422E+10 -1.3728E+10  5.0347E+08
     0.448400
  1.1916E+12  4.3836E+12  3.1772E+13  1.8178E+13  6.7516E-04 -2.6858E-06  1.0410E+14 -1.0923E+11 -2.5000E+10  9.6625E+08
     0.456000
  2.1613E+12  7.9352E+12  5.7522E+13  3.2850E+13 -1.9530E-03  2.6713E-05  1.8848E+14 -1.9749E+11 -4.5533E+10  1.8483E+09
     0.463600
  3.9210E+12  1.4367E+13  1.0416E+14  5.9375E+13 -6.1760E-03 -1.0321E-04  3.4130E+14 -3.5713E+11 -8.2931E+10  3.5255E+09
     0.471200
  7.1143E+12  2.6014E+13  1.8862E+14  1.0733E+14 -8.6216E-03 -5.8386E-05  6.1811E+14 -6.4590E+11 -1.5105E+11  6.7068E+09
     0.478800
  1.2910E+13  4.7112E+13  3.4164E+14  1.9406E+14 -1.1297E-02 -1.5317E-04  1.1196E+15 -1.1683E+12 -2.7509E+11  1.2729E+10
     0.486400
  2.3431E+13  8.5333E+13  6.1888E+14  3.5090E+14  5.9620E-04 -3.1332E-04  2.0282E+15 -2.1137E+12 -5.0098E+11  2.4104E+10
     0.494000
  4.2532E+13  1.5458E+14  1.1213E+15  6.3462E+14 -6.6149E-02 -1.1589E-03  3.6747E+15 -3.8244E+12 -9.1231E+11  4.5551E+10
     0.501600
  7.7215E+13  2.8008E+14  2.0317E+15  1.1479E+15  6.4690E-02  1.4259E-04  6.6588E+15 -6.9209E+12 -1.6612E+12  8.5914E+10
     0.509200
  1.4020E+14  5.0752E+14  3.6821E+15  2.0767E+15  1.1167E-01 -2.9231E-03  1.2068E+16 -1.2526E+13 -3.0248E+12  1.6175E+11
     0.516800
  2.5459E+14  9.1981E+14  6.6738E+15  3.7574E+15 -1.2477E+00  5.3474E-03  2.1875E+16 -2.2676E+13 -5.5073E+12  3.0400E+11
     0.524400
  4.6239E+14  1.6673E+15  1.2098E+16  6.7996E+15 -2.9248E-01 -2.8392E-03  3.9656E+16 -4.1055E+13 -1.0027E+13  5.7046E+11
     0.532000
  8.3991E+14  3.0225E+15  2.1934E+16  1.2307E+16 -2.3154E+00  6.5031E-04  7.1901E+16 -7.4343E+13 -1.8255E+13  1.0689E+12
     0.539600
  1.5258E+15  5.4803E+15  3.9771E+16  2.2278E+16  1.0983E-01 -1.6999E-02  1.3038E+17 -1.3464E+14 -3.3232E+13  1.9999E+12
     0.547200
  2.7723E+15  9.9379E+15  7.2124E+16  4.0334E+16  5.6452E+00  1.8557E-02  2.3646E+17 -2.4388E+14 -6.0497E+13  3.7373E+12
     0.554800
  5.0376E+15  1.8024E+16  1.3081E+17  7.3034E+16 -1.2923E+01 -1.1740E-01  4.2891E+17 -4.4183E+14 -1.1013E+14  6.9758E+12
     0.562400
  9.1549E+15  3.2693E+16  2.3729E+17  1.3226E+17 -1.6289E+01 -7.6681E-02  7.7808E+17 -8.0055E+14 -2.0046E+14  1.3006E+13
     0.570000
  1.6639E+16  5.9310E+16  4.3048E+17  2.3956E+17 -2.2067E+01  6.7284E-02  1.4117E+18 -1.4507E+15 -3.6487E+14  2.4227E+13
     0.577600
  3.0246E+16  1.0761E+17  7.8106E+17  4.3397E+17 -3.0684E+01  2.2924E-01  2.5615E+18 -2.6293E+15 -6.6411E+14  4.5086E+13
     0.585200
  5.4985E+16  1.9526E+17  1.4173E+18  7.8624E+17  1.5989E+02  9.0982E-02  4.6485E+18 -4.7658E+15 -1.2087E+15  8.3834E+13
     0.592800
  9.9968E+16  3.5436E+17  2.5722E+18  1.4246E+18 -2.5840E+02  2.7447E+00  8.4368E+18 -8.6397E+15 -2.1998E+15  1.5576E+14
     0.600400
  1.8177E+17  6.4316E+17  4.6686E+18  2.5817E+18 -3.1911E+01 -1.1722E+00  1.5314E+19 -1.5664E+16 -4.0035E+15  2.8920E+14
     0.608000
  3.3054E+17  1.1675E+18  8.4747E+18  4.6791E+18 -1.1008E+03  2.5072E+00  2.7800E+19 -2.8404E+16 -7.2859E+15  5.3659E+14
     0.615600
  6.0112E+17  2.1194E+18  1.5385E+19  8.4814E+18  3.3237E+02  1.6617E+01  5.0471E+19 -5.1510E+16 -1.3259E+16  9.9500E+14
     0.623200
  1.0933E+18  3.8480E+18  2.7934E+19  1.5375E+19 -2.1556E+03 -1.3601E+01  9.1641E+19 -9.3422E+16 -2.4131E+16  1.8439E+15
     0.630800
  1.9886E+18  6.9870E+18  5.0723E+19  2.7876E+19 -1.5998E+03  4.6516E+00  1.6641E+20 -1.6946E+17 -4.3916E+16  3.4153E+15
     0.638400
  3.6175E+18  1.2688E+19  9.2113E+19  5.0547E+19 -6.4213E+03  2.1861E+01  3.0222E+20 -3.0741E+17 -7.9924E+16  6.3225E+15
     0.646000
  6.5811E+18  2.3043E+19  1.6729E+20  9.1665E+19 -1.5513E+04  1.2707E+02  5.4890E+20 -5.5773E+17 -1.4546E+17  1.1698E+16
     0.653600
  1.1973E+19  4.1854E+19  3.0387E+20  1.6625E+20  2.6833E+04  4.5550E+02  9.9705E+20 -1.0120E+18 -2.6475E+17  2.1635E+16
     0.661200
  2.1786E+19  7.6027E+19  5.5199E+20  3.0156E+20 -6.3754E+04  6.4533E+02  1.8112E+21 -1.8364E+18 -4.8189E+17  3.9995E+16
     0.668800
  3.9643E+19  1.3812E+20  1.0028E+21  5.4705E+20 -4.5800E+04  2.3468E+02  3.2906E+21 -3.3329E+18 -8.7716E+17  7.3901E+16
     0.676400
  7.2141E+19  2.5093E+20  1.8220E+21  9.9249E+20  1.5909E+05  4.3032E+02  5.9790E+21 -6.0493E+18 -1.5968E+18  1.3650E+17
     0.684000
  1.3129E+20  4.5595E+20  3.3106E+21  1.8009E+21 -8.9856E+04 -4.5958E+03  1.0865E+22 -1.0981E+19 -2.9068E+18  2.5201E+17
     0.691600
  2.3896E+20  8.2854E+20  6.0162E+21  3.2680E+21 -5.8851E+05 -3.1618E+03  1.9744E+22 -1.9935E+19 -5.2921E+18  4.6509E+17
     0.699200
  4.3495E+20  1.5057E+21  1.0934E+22  5.9309E+21 -1.5807E+05 -6.4252E+03  3.5884E+22 -3.6195E+19 -9.6352E+18  8.5803E+17
     0.706800
  7.9175E+20  2.7367E+21  1.9872E+22  1.0765E+22  2.1178E+06  2.0060E+02  6.5224E+22 -6.5724E+19 -1.7543E+19  1.5824E+18
     0.714400
  1.4413E+21  4.9744E+21  3.6122E+22  1.9541E+22 -4.5834E+05 -1.1270E+04  1.1856E+23 -1.1936E+20 -3.1945E+19  2.9173E+18
     0.722000
  2.6240E+21  9.0425E+21  6.5665E+22  3.5476E+22 -9.3154E+05 -1.0884E+04  2.1554E+23 -2.1677E+20 -5.8170E+19  5.3765E+18
     0.729600
  4.7775E+21  1.6439E+22  1.1938E+23  6.4412E+22 -2.3623E+07  9.4517E+04  3.9187E+23 -3.9373E+20 -1.0593E+20  9.9058E+18
     0.737200
  8.6988E+21  2.9889E+22  2.1705E+23  1.1696E+23  5.5785E+06  2.0525E+05  7.1251E+23 -7.1523E+20 -1.9292E+20  1.8245E+19
     0.744800
  1.5840E+22  5.4346E+22  3.9467E+23  2.1240E+23  2.7694E+07 -2.8444E+05  1.2956E+24 -1.2994E+21 -3.5134E+20  3.3596E+19
     0.752400
  2.8844E+22  9.8824E+22  7.1769E+23  3.8575E+23  7.9863E+07  4.9765E+05  2.3561E+24 -2.3608E+21 -6.3990E+20  6.1844E+19
     0.760000
  5.2529E+22  1.7972E+23  1.3052E+24  7.0066E+23 -8.1880E+07 -9.5044E+05  4.2851E+24 -4.2897E+21 -1.1655E+21  1.1382E+20
     0.767600
  9.5666E+22  3.2686E+23  2.3738E+24  1.2728E+24 -1.8642E+07 -2.3700E+06  7.7938E+24 -7.7952E+21 -2.1229E+21  2.0941E+20
     0.775200
  1.7424E+23  5.9451E+23  4.3177E+24  2.3122E+24 -2.4022E+08 -4.4105E+06  1.4177E+25 -1.4167E+22 -3.8668E+21  3.8520E+20
     0.782800
  3.1736E+23  1.0814E+24  7.8540E+24  4.2010E+24 -7.7480E+08  1.7226E+06  2.5788E+25 -2.5749E+22 -7.0436E+21  7.0839E+20
     0.790400
  5.7808E+23  1.9672E+24  1.4288E+25  7.6334E+24  3.9857E+08 -1.3401E+07  4.6915E+25 -4.6803E+22 -1.2831E+22  1.3025E+21
     0.798000
  1.0530E+24  3.5789E+24  2.5993E+25  1.3871E+25  3.3900E+08  7.5632E+06  8.5355E+25 -8.5080E+22 -2.3374E+22  2.3942E+21
     0.805600
  1.9183E+24  6.5115E+24  4.7293E+25  2.5209E+25 -1.0020E+09  3.3762E+07  1.5530E+26 -1.5468E+23 -4.2582E+22  4.4002E+21
     0.813200
  3.4948E+24  1.1848E+25  8.6051E+25  4.5818E+25 -1.1517E+10  1.0057E+08  2.8259E+26 -2.8122E+23 -7.7577E+22  8.0854E+21
     0.820800
  6.3671E+24  2.1559E+25  1.5658E+26  8.3281E+25  1.5788E+10  6.6497E+07  5.1424E+26 -5.1134E+23 -1.4134E+23  1.4854E+22
     0.828400
  1.1601E+25  3.9233E+25  2.8495E+26  1.5139E+26  6.4242E+10  1.4281E+08  9.3584E+26 -9.2984E+23 -2.5751E+23  2.7284E+22
     0.836000
  2.1137E+25  7.1399E+25  5.1858E+26  2.7522E+26  3.6444E+10 -4.5961E+07  1.7032E+27 -1.6910E+24 -4.6919E+23  5.0106E+22
     0.843600
  3.8514E+25  1.2995E+26  9.4384E+26  5.0038E+26 -1.2645E+11  6.3524E+07  3.1000E+27 -3.0754E+24 -8.5492E+23  9.2002E+22
     0.851200
  7.0180E+25  2.3652E+26  1.7179E+27  9.0983E+26  2.0338E+11 -2.1045E+09  5.6426E+27 -5.5937E+24 -1.5578E+24  1.6890E+23
     0.858800
  1.2789E+26  4.3053E+26  3.1271E+27  1.6544E+27  1.9217E+11  1.1631E+09  1.0271E+28 -1.0175E+25 -2.8387E+24  3.1003E+23
     0.866400
  2.3306E+26  7.8372E+26  5.6924E+27  3.0087E+27  4.3976E+11  6.3941E+09  1.8698E+28 -1.8509E+25 -5.1729E+24  5.6899E+23
     0.874000
  4.2474E+26  1.4267E+27  1.0363E+28  5.4718E+27  5.4479E+11 -1.4737E+08  3.4041E+28 -3.3673E+25 -9.4270E+24  1.0441E+24
     0.881600
  7.7409E+26  2.5975E+27  1.8867E+28  9.9523E+27  1.1190E+12 -1.2661E+10  6.1977E+28 -6.1264E+25 -1.7180E+25  1.9156E+24
     0.889200
  1.4108E+27  4.7292E+27  3.4350E+28  1.8103E+28 -1.3221E+12  1.7002E+09  1.1284E+29 -1.1147E+26 -3.1311E+25  3.5142E+24
     0.896800
  2.5715E+27  8.6108E+27  6.2545E+28  3.2930E+28  4.9210E+12 -2.0690E+09  2.0547E+29 -2.0283E+26 -5.7066E+25  6.4458E+24
     0.904400
  4.6871E+27  1.5679E+28  1.1389E+29  5.9908E+28 -8.6130E+12  3.1391E+10  3.7415E+29 -3.6911E+26 -1.0401E+26  1.1822E+25
     0.912000
  8.5435E+27  2.8552E+28  2.0739E+29  1.0899E+29  3.2277E+12  1.8915E+11  6.8135E+29 -6.7173E+26 -1.8958E+26  2.1678E+25
     0.919600
  1.5574E+28  5.1995E+28  3.7768E+29  1.9831E+29  5.6302E+12  1.7971E+11  1.2408E+30 -1.2225E+27 -3.4556E+26  3.9748E+25
     0.927200
  7.4974E-02  2.5007E-01  1.8165E+00  9.5296E-01 -9.5306E-17  1.4079E-18  5.9681E+00 -5.8764E-03 -1.6635E-03  1.9244E-04
     0.934800
  1.3668E-01  4.5546E-01  3.3083E+00  1.7341E+00  3.4851E-17  2.2068E-18  1.0870E+01 -1.0696E-02 -3.0323E-03  3.5277E-04
     0.942400
  2.4916E-01  8.2955E-01  6.0257E+00  3.1558E+00 -4.0934E-16  2.6475E-19  1.9799E+01 -1.9471E-02 -5.5277E-03  6.4660E-04
     0.950000
  4.5425E-01  1.5110E+00  1.0976E+01  5.7434E+00  2.0413E-16 -4.8256E-18  3.6064E+01 -3.5445E-02 -1.0077E-02  1.1850E-03
     0.957600
  8.2817E-01  2.7524E+00  1.9993E+01  1.0453E+01 -2.7037E-15  6.2527E-18  6.5694E+01 -6.4529E-02 -1.8371E-02  2.1716E-03
     0.965200
  1.5099E+00  5.0138E+00  3.6419E+01  1.9027E+01 -8.7834E-16 -3.1672E-17  1.1967E+02 -1.1748E-01 -3.3491E-02  3.9791E-03
     0.972800
  2.7530E+00  9.1337E+00  6.6346E+01  3.4635E+01 -5.7137E-15  3.3463E-17  2.1802E+02 -2.1391E-01 -6.1059E-02  7.2904E-03
     0.980400
  5.0196E+00  1.6640E+01  1.2087E+02  6.3050E+01  4.5921E-15  6.9000E-17  3.9720E+02 -3.8950E-01 -1.1132E-01  1.3356E-02
     0.988000
  9.1526E+00  3.0316E+01  2.2021E+02  1.1478E+02  8.6014E-15  9.4066E-17  7.2368E+02 -7.0926E-01 -2.0297E-01  2.4466E-02
     0.995600
  1.6689E+01  5.5235E+01  4.0122E+02  2.0898E+02 -4.6613E-14  1.6286E-16  1.3186E+03 -1.2916E+00 -3.7007E-01  4.4813E-02
     1.003200
  3.0432E+01  1.0064E+02  7.3105E+02  3.8049E+02  3.4000E-14  4.7356E-16  2.4025E+03 -2.3522E+00 -6.7477E-01  8.2074E-02
     1.010800
  5.5494E+01  1.8338E+02  1.3321E+03  6.9281E+02 -1.0689E-13  8.1540E-16  4.3779E+03 -4.2839E+00 -1.2304E+00  1.5031E-01
     1.018400
  1.0120E+02  3.3415E+02  2.4273E+03  1.2615E+03  2.5550E-13  3.1860E-15  7.9775E+03 -7.8024E+00 -2.2435E+00  2.7524E-01
     1.026000
  1.8454E+02  6.0892E+02  4.4232E+03  2.2973E+03 -1.3123E-13 -2.1765E-15  1.4538E+04 -1.4211E+01 -4.0910E+00  5.0398E-01
     1.033600
  3.3655E+02  1.1097E+03  8.0607E+03  4.1837E+03 -9.6636E-14 -1.0134E-14  2.6493E+04 -2.5886E+01 -7.4601E+00  9.2274E-01
     1.041200
  6.1377E+02  2.0223E+03  1.4690E+04  7.6194E+03 -2.7317E-12 -4.5613E-15  4.8283E+04 -4.7155E+01 -1.3604E+01  1.6893E+00
     1.048800
  1.1194E+03  3.6856E+03  2.6773E+04  1.3877E+04 -7.3053E-13 -7.0445E-15  8.7998E+04 -8.5901E+01 -2.4809E+01  3.0926E+00
     1.056400
  2.0415E+03  6.7172E+03  4.8795E+04  2.5276E+04  1.9438E-12  1.1328E-14  1.6038E+05 -1.5649E+02 -4.5243E+01  5.6610E+00
     1.064000
  3.7234E+03  1.2243E+04  8.8935E+04  4.6040E+04  1.2667E-11 -5.1634E-14  2.9233E+05 -2.8510E+02 -8.2510E+01  1.0362E+01
     1.071600
  6.7910E+03  2.2315E+04  1.6210E+05  8.3865E+04  7.6864E-12 -2.0890E-13  5.3284E+05 -5.1944E+02 -1.5048E+02  1.8965E+01
     1.079200
  1.2386E+04  4.0675E+04  2.9547E+05  1.5277E+05 -1.9398E-11  1.0900E-13  9.7125E+05 -9.4643E+02 -2.7444E+02  3.4708E+01
     1.086800
  2.2592E+04  7.4143E+04  5.3859E+05  2.7831E+05 -2.7436E-11  1.1070E-13  1.7705E+06 -1.7245E+03 -5.0054E+02  6.3517E+01
     1.094400
  4.1208E+04  1.3515E+05  9.8179E+05  5.0704E+05 -7.6714E-11 -3.1409E-13  3.2274E+06 -3.1423E+03 -9.1292E+02  1.1623E+02
     1.102000
  7.5164E+04  2.4638E+05  1.7898E+06  9.2378E+05  1.5605E-12 -7.0188E-13  5.8835E+06 -5.7260E+03 -1.6651E+03  2.1268E+02
     1.109600
  1.3711E+05  4.4915E+05  3.2627E+06  1.6831E+06 -2.0922E-11 -6.5044E-13  1.0726E+07 -1.0435E+04 -3.0370E+03  3.8915E+02
     1.117200
  2.5010E+05  8.1883E+05  5.9482E+06  3.0668E+06  3.7888E-10  1.9222E-12  1.9554E+07 -1.9016E+04 -5.5395E+03  7.1199E+02
     1.124800
  4.5621E+05  1.4928E+06  1.0844E+07  5.5881E+06 -4.6394E-12  6.7296E-12  3.5650E+07 -3.4656E+04 -1.0104E+04  1.3026E+03
     1.132400
  8.3221E+05  2.7217E+06  1.9771E+07  1.0183E+07  4.3909E-10  9.9279E-13  6.4998E+07 -6.3161E+04 -1.8431E+04  2.3830E+03
     1.140000
  1.5181E+06  4.9622E+06  3.6047E+07  1.8556E+07 -3.9066E-09 -4.8224E-12  1.1851E+08 -1.1512E+05 -3.3620E+04  4.3592E+03
     1.147600
  2.7695E+06  9.0475E+06  6.5724E+07  3.3816E+07 -6.0241E-09  6.7666E-11  2.1608E+08 -2.0982E+05 -6.1327E+04  7.9739E+03
     1.155200
  5.0523E+06  1.6497E+07  1.1984E+08  6.1627E+07 -7.9019E-09 -8.3913E-11  3.9399E+08 -3.8244E+05 -1.1187E+05  1.4585E+04
     1.162800
  9.2169E+06  3.0080E+07  2.1851E+08  1.1232E+08 -4.1600E-08 -1.0165E-10  7.1841E+08 -6.9711E+05 -2.0407E+05  2.6677E+04
     1.170400
  1.6815E+07  5.4848E+07  3.9844E+08  2.0470E+08  6.8855E-08 -1.3436E-10  1.3100E+09 -1.2707E+06 -3.7228E+05  4.8792E+04
     1.178000
  3.0676E+07  1.0002E+08  7.2655E+08  3.7310E+08 -1.4765E-08  4.2053E-10  2.3888E+09 -2.3164E+06 -6.7913E+05  8.9234E+04
     1.185600
  5.5966E+07  1.8238E+08  1.3249E+09  6.8005E+08  5.4941E-08 -1.6829E-09  4.3561E+09 -4.2228E+06 -1.2389E+06  1.6319E+05
     1.193200
  1.0211E+08  3.3259E+08  2.4160E+09  1.2396E+09 -1.1837E-07  3.4723E-09  7.9438E+09 -7.6982E+06 -2.2602E+06  2.9843E+05
     1.200800
  1.8629E+08  6.0651E+08  4.4060E+09  2.2595E+09 -6.7500E-07 -1.1873E-09  1.4487E+10 -1.4035E+07 -4.1234E+06  5.4573E+05
     1.208400
  3.3988E+08  1.1061E+09  8.0351E+09  4.1189E+09 -5.8834E-07  2.2855E-09  2.6420E+10 -2.5587E+07 -7.5227E+06  9.9790E+05
     1.216000
  6.2012E+08  2.0172E+09  1.4654E+10  7.5086E+09  1.0004E-06  2.1330E-09  4.8183E+10 -4.6650E+07 -1.3725E+07  1.8247E+06
     1.223600
  1.1314E+09  3.6789E+09  2.6725E+10  1.3688E+10 -2.6099E-06 -3.0977E-08  8.7875E+10 -8.5055E+07 -2.5040E+07  3.3363E+06
     1.231200
  2.0644E+09  6.7095E+09  4.8741E+10  2.4955E+10  2.2893E-07 -1.6545E-08  1.6027E+11 -1.5508E+08 -4.5684E+07  6.0999E+06
     1.238800
  3.7666E+09  1.2237E+10  8.8896E+10  4.5496E+10 -1.3598E-05 -2.4594E-08  2.9231E+11 -2.8277E+08 -8.3350E+07  1.1153E+07
     1.246400
  6.8727E+09  2.2319E+10  1.6214E+11  8.2947E+10 -1.4794E-05  2.8709E-08  5.3314E+11 -5.1561E+08 -1.5207E+08  2.0389E+07
     1.254000
  1.2540E+10  4.0708E+10  2.9572E+11  1.5123E+11 -3.8198E-05  3.7355E-07  9.7243E+11 -9.4019E+08 -2.7746E+08  3.7275E+07
     1.261600
  2.2881E+10  7.4250E+10  5.3939E+11  2.7574E+11 -1.2025E-04  2.2405E-07  1.7737E+12 -1.7144E+09 -5.0625E+08  6.8143E+07
     1.269200
  4.1752E+10  1.3543E+11  9.8385E+11  5.0277E+11  1.4796E-04 -3.3537E-07  3.2353E+12 -3.1264E+09 -9.2371E+08  1.2457E+08
     1.276800
  7.6184E+10  2.4703E+11  1.7946E+12  9.1674E+11 -5.8839E-05 -8.8206E-07  5.9013E+12 -5.7013E+09 -1.6854E+09  2.2771E+08
     1.284400
  1.3902E+11  4.5061E+11  3.2735E+12  1.6716E+12 -3.0628E-04 -1.1612E-06  1.0765E+13 -1.0397E+10 -3.0753E+09  4.1624E+08
     1.292000
  2.5367E+11  8.2196E+11  5.9711E+12  3.0482E+12  1.5332E-04  2.9991E-07  1.9636E+13 -1.8961E+10 -5.6113E+09  7.6084E+08
     1.299600
  4.6289E+11  1.4994E+12  1.0892E+13  5.5585E+12 -5.2365E-04  4.5873E-06  3.5819E+13 -3.4580E+10 -1.0239E+10  1.3907E+09
     1.307200
  8.4468E+11  2.7351E+12  1.9869E+13  1.0136E+13 -1.0908E-03  7.5641E-06  6.5342E+13 -6.3066E+10 -1.8683E+10  2.5418E+09
     1.314800
  1.5414E+12  4.9895E+12  3.6246E+13  1.8485E+13  3.6350E-03  1.7862E-05  1.1920E+14 -1.1502E+11 -3.4092E+10  4.6458E+09
     1.322400
  2.8127E+12  9.1020E+12  6.6122E+13  3.3711E+13  4.1788E-03  1.5170E-05  2.1745E+14 -2.0978E+11 -6.2209E+10  8.4910E+09
     1.330000
  5.1328E+12  1.6605E+13  1.2062E+14  6.1480E+13  8.1291E-05 -5.4290E-05  3.9669E+14 -3.8262E+11 -1.1352E+11  1.5518E+10
     1.337600
  9.3668E+12  3.0292E+13  2.2006E+14  1.1212E+14  1.1726E-02 -7.4806E-05  7.2370E+14 -6.9788E+11 -2.0715E+11  2.8361E+10
     1.345200
  1.7093E+13  5.5263E+13  4.0146E+14  2.0449E+14  1.8328E-02 -1.0075E-04  1.3203E+15 -1.2729E+12 -3.7800E+11  5.1830E+10
     1.352800
  3.1194E+13  1.0082E+14  7.3241E+14  3.7297E+14 -1.6347E-02  6.5940E-04  2.4087E+15 -2.3218E+12 -6.8979E+11  9.4719E+10
     1.360400
  5.6926E+13  1.8393E+14  1.3362E+15  6.8025E+14  9.8027E-03 -9.0227E-04  4.3945E+15 -4.2352E+12 -1.2588E+12  1.7309E+11
     1.368000
  1.0389E+14  3.3557E+14  2.4378E+15  1.2407E+15 -2.3165E-01  6.1520E-04  8.0175E+15 -7.7253E+12 -2.2971E+12  3.1631E+11
     1.375600
  1.8959E+14  6.1224E+14  4.4477E+15  2.2630E+15  1.0798E-01  3.4632E-03  1.4628E+16 -1.4092E+13 -4.1919E+12  5.7801E+11
     1.383200
  3.4599E+14  1.1170E+15  8.1147E+15  4.1278E+15  1.0884E-01 -1.2871E-02  2.6688E+16 -2.5706E+13 -7.6499E+12  1.0562E+12
     1.390800
  6.3144E+14  2.0380E+15  1.4805E+16  7.5293E+15  1.4991E-01 -1.3099E-02  4.8693E+16 -4.6893E+13 -1.3960E+13  1.9300E+12
     1.398400
  1.1524E+15  3.7184E+15  2.7013E+16  1.3734E+16  3.1061E-01 -3.2652E-03  8.8843E+16 -8.5543E+13 -2.5477E+13  3.5266E+12
     1.406000
  2.1031E+15  6.7845E+15  4.9287E+16  2.5052E+16  7.2280E+00 -2.7162E-02  1.6210E+17 -1.5605E+14 -4.6494E+13  6.4437E+12
     1.413600
  3.8382E+15  1.2379E+16  8.9928E+16  4.5699E+16 -2.9179E+00 -1.7461E-02  2.9577E+17 -2.8469E+14 -8.4851E+13  1.1774E+13
     1.421200
  7.0050E+15  2.2587E+16  1.6408E+17  8.3364E+16 -2.1248E+00  2.1582E-01  5.3967E+17 -5.1936E+14 -1.5485E+14  2.1512E+13
     1.428800
  1.2785E+16  4.1212E+16  2.9939E+17  1.5207E+17 -2.5437E+00  3.3637E-01  9.8471E+17 -9.4749E+14 -2.8261E+14  3.9305E+13
     1.436400
  2.3333E+16  7.5199E+16  5.4629E+17  2.7742E+17 -2.2777E+01 -1.4530E-01  1.7968E+18 -1.7286E+15 -5.1576E+14  7.1812E+13
     1.444000
  4.2585E+16  1.3721E+17  9.9681E+17  5.0609E+17  5.9978E+01  2.1813E-01  3.2785E+18 -3.1536E+15 -9.4128E+14  1.3120E+14
     1.451600
  7.7721E+16  2.5037E+17  1.8189E+18  9.2327E+17  7.4861E+01  5.7855E-01  5.9824E+18 -5.7536E+15 -1.7179E+15  2.3971E+14
     1.459200
  1.4185E+17  4.5686E+17  3.3190E+18  1.6844E+18  4.4679E+02 -2.0646E+00  1.0916E+19 -1.0497E+16 -3.1352E+15  4.3794E+14
     1.466800
  2.5890E+17  8.3366E+17  6.0563E+18  3.0729E+18 -1.0943E+02 -1.0642E+00  1.9920E+19 -1.9152E+16 -5.7220E+15  8.0008E+14
     1.474400
  4.7252E+17  1.5212E+18  1.1051E+19  5.6062E+18 -2.4632E+02 -3.7590E+00  3.6349E+19 -3.4944E+16 -1.0443E+16  1.4617E+15
     1.482000
  8.6242E+17  2.7759E+18  2.0166E+19  1.0228E+19 -8.4087E+02 -1.4482E+01  6.6330E+19 -6.3756E+16 -1.9060E+16  2.6703E+15
     1.489600
  1.5741E+18  5.0655E+18  3.6799E+19  1.8661E+19 -3.2100E+03 -3.3779E+01  1.2104E+20 -1.1633E+17 -3.4787E+16  4.8782E+15
     1.497200
  2.8730E+18  9.2437E+18  6.7153E+19  3.4046E+19  4.9056E+03  1.8834E+01  2.2088E+20 -2.1225E+17 -6.3490E+16  8.9115E+15
     1.500000
  3.5859E+18  1.1537E+19  8.3812E+19  4.2490E+19 -9.7178E+02  7.2705E+00  2.7567E+20 -2.6490E+17 -7.9245E+16  1.1127E+16
