     0.000000
  1.9806E-02  3.2184E-35  1.7440E-09  1.3635E-02  0.0000E+00  0.0000E+00  0.0000E+00  0.0000E+00  0.0000E+00  0.0000E+00
     0.006480
  1.2915E-02  1.8365E-03  2.8252E-01  8.5475E-02  2.1183E-18 -1.0132E-19  1.0661E+00 -3.0306E-03  2.9588E-04  1.5211E-05
     0.012960
  8.4642E-03  1.4790E-02  3.8125E-01  1.3478E-01 -5.3438E-18 -6.2823E-20  2.9054E-01 -3.3509E-03  2.3665E-04  4.8121E-05
     0.019440
  1.3588E-02  2.8654E-02  2.8469E-01  1.6234E-01 -1.6644E-17  1.7488E-20  9.4218E-01 -3.5923E-03 -5.3194E-04  4.5295E-05
     0.025920
  1.8134E-02  5.4605E-02  5.5171E-01  3.4147E-01 -4.4010E-17 -1.0154E-18  2.3030E+00 -7.7431E-03 -7.8828E-04  6.1906E-05
     0.032400
  3.2007E-02  1.1137E-01  9.1583E-01  6.4018E-01  1.1312E-16 -1.9411E-18  4.2283E+00 -1.5915E-02 -1.9837E-03  2.8445E-05
     0.038880
  6.4160E-02  2.0535E-01  1.8968E+00  1.2079E+00  1.7059E-16 -5.7243E-18  9.7371E+00 -2.8272E-02 -4.4585E-03 -1.3630E-04
     0.045360
  1.3128E-01  3.8941E-01  4.4263E+00  2.3893E+00  2.4683E-16 -2.7352E-18  2.1474E+01 -4.6893E-02 -9.2780E-03 -4.7209E-04
     0.051840
  2.8311E-01  7.9600E-01  1.0131E+01  4.8837E+00 -6.0035E-17 -5.2070E-18  4.7847E+01 -7.9620E-02 -2.0433E-02 -1.0794E-03
     0.058320
  6.2002E-01  1.7455E+00  2.3208E+01  1.0565E+01  1.4368E-15  1.9849E-17  1.0871E+02 -1.5370E-01 -4.4748E-02 -2.2643E-03
     0.064800
  1.3729E+00  4.0293E+00  5.2834E+01  2.3940E+01  4.1671E-15 -4.0739E-17  2.4896E+02 -3.4214E-01 -9.7179E-02 -4.9295E-03
     0.071280
  3.0722E+00  9.4604E+00  1.2032E+02  5.5556E+01  1.1068E-14 -7.1627E-17  5.7445E+02 -8.1124E-01 -2.1018E-01 -1.1781E-02
     0.077760
  6.9262E+00  2.2078E+01  2.7605E+02  1.2973E+02 -6.1159E-16  6.4812E-16  1.3302E+03 -1.9106E+00 -4.5340E-01 -2.9633E-02
     0.084240
  1.5704E+01  5.0825E+01  6.3896E+02  3.0207E+02 -8.6261E-14 -8.0415E-16  3.0833E+03 -4.3583E+00 -9.8833E-01 -7.4479E-02
     0.090720
  3.5737E+01  1.1575E+02  1.4896E+03  7.0038E+02 -1.2735E-13  1.7604E-15  7.1518E+03 -9.6606E+00 -2.1937E+00 -1.8275E-01
     0.097200
  8.1544E+01  2.6282E+02  3.4862E+03  1.6215E+03 -5.0157E-13  1.1852E-15  1.6610E+04 -2.1177E+01 -4.9531E+00 -4.3782E-01
     0.103680
  1.8657E+02  5.9942E+02  8.1703E+03  3.7621E+03  1.0817E-12  1.0791E-14  3.8668E+04 -4.6723E+01 -1.1288E+01 -1.0350E+00
     0.110160
  4.2824E+02  1.3790E+03  1.9153E+04  8.7667E+03  9.7848E-13  2.1879E-14  9.0292E+04 -1.0493E+02 -2.5726E+01 -2.4455E+00
     0.116640
  9.8676E+02  3.2012E+03  4.4913E+04  2.0527E+04 -1.8237E-12  1.1642E-13  2.1148E+05 -2.4038E+02 -5.8196E+01 -5.8239E+00
     0.123120
  2.2830E+03  7.4825E+03  1.0541E+05  4.8243E+04  1.9870E-11 -1.0333E-14  4.9654E+05 -5.5884E+02 -1.3034E+02 -1.4008E+01
     0.129600
  5.3021E+03  1.7560E+04  2.4768E+05  1.1364E+05 -1.3928E-11  4.2646E-13  1.1678E+06 -1.3090E+03 -2.8960E+02 -3.3908E+01
     0.136080
  1.2352E+04  4.1279E+04  5.8276E+05  2.6793E+05 -8.2169E-11 -2.0354E-13  2.7491E+06 -3.0714E+03 -6.4193E+02 -8.2096E+01
     0.142560
  2.8844E+04  9.7076E+04  1.3726E+06  6.3176E+05  9.2762E-11  5.4237E-13  6.4742E+06 -7.1981E+03 -1.4297E+03 -1.9770E+02
     0.149040
  6.7460E+04  2.2827E+05  3.2352E+06  1.4895E+06 -5.9621E-10 -1.9750E-12  1.5249E+07 -1.6841E+04 -3.2206E+03 -4.7193E+02
     0.155520
  1.5795E+05  5.3670E+05  7.6276E+06  3.5113E+06  8.8947E-11 -1.6843E-11  3.5924E+07 -3.9376E+04 -7.3690E+03 -1.1160E+03
     0.162000
  3.7015E+05  1.2620E+06  1.7987E+07  8.2792E+06  2.6616E-09 -2.0718E-12  8.4647E+07 -9.2118E+04 -1.7134E+04 -2.6187E+03
     0.168480
  8.6818E+05  2.9686E+06  4.2420E+07  1.9529E+07 -1.0535E-08 -1.0335E-11  1.9954E+08 -2.1586E+05 -4.0352E+04 -6.1171E+03
     0.174960
  2.0382E+06  6.9870E+06  1.0006E+08  4.6090E+07  3.0328E-09 -2.2491E-10  4.7063E+08 -5.0689E+05 -9.5726E+04 -1.4283E+04
     0.181440
  4.7904E+06  1.6458E+07  2.3612E+08  1.0884E+08  4.5398E-08 -1.1243E-09  1.1108E+09 -1.1929E+06 -2.2732E+05 -3.3458E+04
     0.187920
  1.1272E+07  3.8802E+07  5.5742E+08  2.5716E+08  1.1639E-07  1.0209E-09  2.6233E+09 -2.8121E+06 -5.3752E+05 -7.8846E+04
     0.194400
  2.6553E+07  9.1569E+07  1.3165E+09  6.0789E+08  4.2620E-07 -9.4839E-10  6.1988E+09 -6.6377E+06 -1.2612E+06 -1.8707E+05
     0.200880
  6.2610E+07  2.1629E+08  3.1107E+09  1.4374E+09  5.1909E-07  2.7228E-09  1.4653E+10 -1.5678E+07 -2.9339E+06 -4.4639E+05
     0.207360
  1.4774E+08  5.1123E+08  7.3523E+09  3.3991E+09  9.8212E-07 -4.2406E-08  3.4645E+10 -3.7041E+07 -6.7760E+06 -1.0687E+06
     0.213840
  3.4875E+08  1.2089E+09  1.7381E+10  8.0382E+09 -6.5819E-08  3.5721E-08  8.1909E+10 -8.7504E+07 -1.5591E+07 -2.5591E+06
     0.220320
  8.2340E+08  2.8587E+09  4.1092E+10  1.9006E+10 -6.0065E-06  8.4780E-08  1.9362E+11 -2.0665E+08 -3.5913E+07 -6.1130E+06
     0.226800
  1.9440E+09  6.7585E+09  9.7145E+10  4.4930E+10  1.3281E-05  3.5907E-08  4.5760E+11 -4.8780E+08 -8.3193E+07 -1.4540E+07
     0.233280
  4.5890E+09  1.5971E+10  2.2964E+11  1.0619E+11  4.7196E-05 -7.9600E-07  1.0813E+12 -1.1510E+09 -1.9446E+08 -3.4421E+07
     0.239760
  1.0831E+10  3.7723E+10  5.4281E+11  2.5093E+11  3.7464E-05 -6.6529E-07  2.5545E+12 -2.7150E+09 -4.5902E+08 -8.1145E+07
     0.246240
  2.5563E+10  8.9062E+10  1.2829E+12  5.9291E+11 -2.0329E-04  2.7221E-06  6.0348E+12 -6.4042E+09 -1.0923E+09 -1.9080E+08
     0.252720
  6.0338E+10  2.1024E+11  3.0321E+12  1.4010E+12  3.4306E-04 -7.4218E-07  1.4258E+13 -1.5110E+10 -2.6113E+09 -4.4834E+08
     0.259200
  1.4245E+11  4.9635E+11  7.1664E+12  3.3109E+12 -2.5585E-03 -1.8158E-06  3.3694E+13 -3.5669E+10 -6.2457E+09 -1.0548E+09
     0.265680
  3.3641E+11  1.1723E+12  1.6939E+13  7.8259E+12 -6.0518E-04  1.4009E-06  7.9642E+13 -8.4257E+10 -1.4894E+10 -2.4875E+09
     0.272160
  7.9475E+11  2.7700E+12  4.0042E+13  1.8502E+13  4.4365E-03 -1.3662E-05  1.8830E+14 -1.9917E+11 -3.5338E+10 -5.8828E+09
     0.278640
  1.8782E+12  6.5491E+12  9.4666E+13  4.3753E+13 -1.2864E-02 -2.3213E-05  4.4527E+14 -4.7104E+11 -8.3384E+10 -1.3946E+10
     0.285120
  4.4400E+12  1.5490E+13  2.2383E+14  1.0348E+14  2.5822E-02 -2.1770E-04  1.0531E+15 -1.1144E+12 -1.9586E+11 -3.3105E+10
     0.291600
  1.0498E+13  3.6647E+13  5.2928E+14  2.4474E+14 -4.2280E-02  1.1462E-03  2.4906E+15 -2.6365E+12 -4.5887E+11 -7.8602E+10
     0.298080
  2.4821E+13  8.6702E+13  1.2516E+15  5.7885E+14  1.4522E-02  1.4871E-04  5.8901E+15 -6.2369E+12 -1.0749E+12 -1.8647E+11
     0.304560
  5.8688E+13  2.0509E+14  2.9597E+15  1.3690E+15  1.5439E-01  2.0800E-03  1.3928E+16 -1.4749E+13 -2.5230E+12 -4.4171E+11
     0.311040
  1.3875E+14  4.8501E+14  6.9990E+15  3.2372E+15  7.6023E-01  5.9519E-03  3.2934E+16 -3.4870E+13 -5.9414E+12 -1.0446E+12
     0.317520
  3.2801E+14  1.1467E+15  1.6550E+16  7.6543E+15  6.2952E+00  1.3899E-02  7.7866E+16 -8.2419E+13 -1.4042E+13 -2.4673E+12
     0.324000
  7.7538E+14  2.7106E+15  3.9135E+16  1.8098E+16 -2.3800E+00  6.6268E-02  1.8410E+17 -1.9479E+14 -3.3285E+13 -5.8229E+12
     0.330480
  1.8329E+15  6.4070E+15  9.2536E+16  4.2789E+16  5.4100E+00  7.3898E-02  4.3526E+17 -4.6039E+14 -7.9024E+13 -1.3741E+13
     0.336960
  4.3328E+15  1.5145E+16  2.1880E+17  1.0117E+17  4.4918E+01  5.8949E-01  1.0291E+18 -1.0883E+15 -1.8764E+14 -3.2444E+13
     0.343440
  1.0243E+16  3.5803E+16  5.1737E+17  2.3922E+17  9.7550E+01 -2.8748E-01  2.4334E+18 -2.5731E+15 -4.4507E+14 -7.6666E+13
     0.349920
  2.4219E+16  8.4653E+16  1.2234E+18  5.6570E+17  1.6416E+02 -3.1962E+00  5.7545E+18 -6.0850E+15 -1.0538E+15 -1.8133E+14
     0.356400
  5.7267E+16  2.0019E+17  2.8929E+18  1.3378E+18  3.9934E+02 -1.8856E+00  1.3609E+19 -1.4392E+16 -2.4904E+15 -4.2917E+14
     0.362880
  1.3542E+17  4.7347E+17  6.8411E+18  3.1638E+18  2.6090E+02  1.2685E+01  3.2184E+19 -3.4042E+16 -5.8770E+15 -1.0162E+15
     0.369360
  3.2025E+17  1.1199E+18  1.6178E+19  7.4823E+18  3.4187E+02 -1.8135E+01  7.6112E+19 -8.0519E+16 -1.3859E+16 -2.4061E+15
     0.375840
  7.5733E+17  2.6487E+18  3.8258E+19  1.7695E+19 -1.9147E+02 -3.9469E+00  1.8000E+20 -1.9044E+17 -3.2684E+16 -5.6952E+15
     0.382320
  1.7909E+18  6.2641E+18  9.0474E+19  4.1847E+19  4.0250E+04 -2.4076E+02  4.2566E+20 -4.5035E+17 -7.7137E+16 -1.3474E+16
     0.388800
  4.2350E+18  1.4814E+19  2.1396E+20  9.8957E+19  3.3613E+03 -8.9875E+02  1.0066E+21 -1.0649E+18 -1.8225E+17 -3.1861E+16
     0.395280
  1.0014E+19  3.5029E+19  5.0596E+20  2.3401E+20  2.5066E+04 -1.8075E+02  2.3802E+21 -2.5178E+18 -4.3106E+17 -7.5310E+16
     0.401760
  2.3679E+19  8.2826E+19  1.1965E+21  5.5335E+20  1.8757E+05 -1.3314E+03  5.6283E+21 -5.9531E+18 -1.0204E+18 -1.7797E+17
     0.408240
  5.5991E+19  1.9584E+20  2.8293E+21  1.3085E+21 -5.5105E+04  6.6739E+03  1.3309E+22 -1.4076E+19 -2.4166E+18 -4.2058E+17
     0.414720
  1.3240E+20  4.6307E+20  6.6907E+21  3.0942E+21  9.7800E+04  2.1154E+04  3.1472E+22 -3.3283E+19 -5.7227E+18 -9.9406E+17
     0.421200
  3.1307E+20  1.0950E+21  1.5822E+22  7.3170E+21 -2.3627E+05  5.6676E+04  7.4425E+22 -7.8706E+19 -1.3546E+19 -2.3502E+18
     0.427680
  7.4034E+20  2.5894E+21  3.7415E+22  1.7303E+22  2.7417E+06  1.6206E+05  1.7600E+23 -1.8613E+20 -3.2044E+19 -5.5580E+18
     0.434160
  1.7507E+21  6.1235E+21  8.8478E+22  4.0920E+22  2.4256E+07  7.0166E+04  4.1622E+23 -4.4020E+20 -7.5758E+19 -1.3147E+19
     0.440640
  4.1402E+21  1.4482E+22  2.0923E+23  9.6772E+22  2.2448E+07  1.9286E+05  9.8432E+23 -1.0411E+21 -1.7902E+20 -3.1103E+19
     0.447120
  9.7911E+21  3.4249E+22  4.9480E+23  2.2886E+23  1.0410E+08  1.3694E+05  2.3278E+24 -2.4622E+21 -4.2294E+20 -7.3584E+19
     0.453600
  2.3155E+22  8.0999E+22  1.1701E+24  5.4121E+23 -1.2856E+08 -3.2717E+05  5.5049E+24 -5.8230E+21 -9.9924E+20 -1.7407E+20
     0.460080
  5.4757E+22  1.9155E+23  2.7672E+24  1.2799E+24 -8.1444E+08  7.3003E+06  1.3018E+25 -1.3770E+22 -2.3614E+21 -4.1172E+20
     0.466560
  1.2949E+23  4.5299E+23  6.5439E+24  3.0267E+24 -1.2960E+09  6.8947E+06  3.0785E+25 -3.2564E+22 -5.5824E+21 -9.7366E+20
     0.473040
  3.0622E+23  1.0712E+24  1.5475E+25  7.1575E+24 -2.2685E+08 -9.7139E+07  7.2800E+25 -7.7004E+22 -1.3202E+22 -2.3023E+21
     0.479520
  7.2413E+23  2.5332E+24  3.6596E+25  1.6926E+25 -4.0594E+09 -2.1491E+08  1.7216E+26 -1.8209E+23 -3.1230E+22 -5.4434E+21
     0.486000
  1.7124E+24  5.9902E+24  8.6542E+25  4.0026E+25 -2.8767E+09 -5.9506E+07  4.0711E+26 -4.3058E+23 -7.3888E+22 -1.2870E+22
     0.492480
  4.0494E+24  1.4165E+25  2.0465E+26  9.4651E+25  4.4308E+09 -1.7323E+07  9.6272E+26 -1.0182E+24 -1.7482E+23 -3.0430E+22
     0.498960
  9.5758E+24  3.3497E+25  4.8397E+26  2.2383E+26 -1.3123E+11  4.5237E+08  2.2766E+27 -2.4078E+24 -4.1357E+23 -7.1955E+22
     0.505440
  2.2645E+25  7.9213E+25  1.1445E+27  5.2932E+26  6.5969E+09  5.8751E+08  5.3838E+27 -5.6941E+24 -9.7821E+23 -1.7016E+23
     0.511920
  5.3550E+25  1.8732E+26  2.7065E+27  1.2517E+27  2.7548E+11 -6.6774E+09  1.2732E+28 -1.3466E+25 -2.3133E+24 -4.0240E+23
     0.518400
  1.2664E+26  4.4299E+26  6.4003E+27  2.9602E+27 -1.6983E+12  1.3247E+10  3.0109E+28 -3.1845E+25 -5.4698E+24 -9.5169E+23
     0.524880
  2.9948E+26  1.0476E+27  1.5136E+28  7.0003E+27  6.1376E+12 -1.0474E+10  7.1202E+28 -7.5309E+25 -1.2932E+25 -2.2508E+24
     0.531360
  7.0821E+26  2.4775E+27  3.5793E+28  1.6555E+28 -7.2809E+11 -1.0086E+11  1.6838E+29 -1.7810E+26 -3.0574E+25 -5.3231E+24
     0.537840
  1.6748E+27  5.8589E+27  8.4644E+28  3.9149E+28  2.5875E+13  9.8770E+09  3.9819E+29 -4.2117E+26 -7.2288E+25 -1.2589E+25
     0.544320
  3.9606E+27  1.3855E+28  2.0017E+29  9.2581E+28  2.0537E+13 -2.1470E+11  9.4166E+29 -9.9599E+26 -1.7093E+26 -2.9771E+25
     0.550800
  9.3661E+27  3.2765E+28  4.7336E+29  2.1894E+29 -6.4268E+13  1.2632E+12  2.2268E+30 -2.3553E+27 -4.0419E+26 -7.0401E+25
     0.557280
  2.4648E-02  8.6225E-02  1.2457E+00  5.7615E-01 -7.7872E-17  8.3197E-19  5.8601E+00 -6.1982E-03 -1.0637E-03 -1.8526E-04
     0.563760
  5.8287E-02  2.0390E-01  2.9459E+00  1.3625E+00  4.9375E-16 -2.3776E-18  1.3858E+01 -1.4658E-02 -2.5157E-03 -4.3809E-04
     0.570240
  1.3784E-01  4.8219E-01  6.9664E+00  3.2220E+00 -1.3974E-15  1.9218E-17  3.2772E+01 -3.4662E-02 -5.9497E-03 -1.0360E-03
     0.576720
  3.2596E-01  1.1403E+00  1.6474E+01  7.6195E+00 -5.5781E-16  7.7226E-17  7.7499E+01 -8.1969E-02 -1.4071E-02 -2.4499E-03
     0.583200
  7.7084E-01  2.6966E+00  3.8959E+01  1.8019E+01 -2.2482E-15 -4.3192E-17  1.8327E+02 -1.9384E-01 -3.3277E-02 -5.7935E-03
     0.589680
  1.8229E+00  6.3769E+00  9.2130E+01  4.2611E+01  3.8461E-14  9.7598E-17  4.3341E+02 -4.5840E-01 -7.8695E-02 -1.3701E-02
     0.596160
  4.3108E+00  1.5080E+01  2.1787E+02  1.0077E+02 -2.6368E-14  5.2366E-16  1.0249E+03 -1.0840E+00 -1.8610E-01 -3.2401E-02
     0.602640
  1.0194E+01  3.5662E+01  5.1523E+02  2.3830E+02 -1.2296E-14 -1.6765E-15  2.4238E+03 -2.5636E+00 -4.4007E-01 -7.6623E-02
     0.609120
  2.4108E+01  8.4334E+01  1.2184E+03  5.6353E+02 -2.7330E-14  5.9912E-15  5.7318E+03 -6.0624E+00 -1.0406E+00 -1.8120E-01
     0.615600
  5.7010E+01  1.9944E+02  2.8813E+03  1.3326E+03  3.2279E-13  2.2295E-15  1.3555E+04 -1.4336E+01 -2.4609E+00 -4.2851E-01
     0.622080
  1.3482E+02  4.7163E+02  6.8139E+03  3.1515E+03  2.2372E-13  1.3026E-14  3.2054E+04 -3.3903E+01 -5.8195E+00 -1.0133E+00
     0.628560
  3.1882E+02  1.1153E+03  1.6114E+04  7.4526E+03 -4.0545E-12 -2.4486E-14  7.5802E+04 -8.0175E+01 -1.3762E+01 -2.3963E+00
     0.635040
  7.5396E+02  2.6375E+03  3.8106E+04  1.7624E+04 -4.3363E-12 -2.2065E-13  1.7926E+05 -1.8960E+02 -3.2546E+01 -5.6668E+00
     0.641520
  1.7830E+03  6.2373E+03  9.0113E+04  4.1678E+04 -4.4728E-12 -1.5808E-13  4.2391E+05 -4.4837E+02 -7.6966E+01 -1.3401E+01
     0.648000
  4.2164E+03  1.4750E+04  2.1310E+05  9.8561E+04 -4.3076E-11  1.7788E-13  1.0025E+06 -1.0603E+03 -1.8201E+02 -3.1690E+01
     0.654480
  9.9710E+03  3.4881E+04  5.0394E+05  2.3308E+05  2.4258E-10  1.9696E-12  2.3707E+06 -2.5074E+03 -4.3043E+02 -7.4942E+01
     0.660960
  2.3580E+04  8.2487E+04  1.1917E+06  5.5119E+05  1.7709E-10  2.4144E-12  5.6063E+06 -5.9296E+03 -1.0179E+03 -1.7723E+02
     0.667440
  5.5762E+04  1.9507E+05  2.8182E+06  1.3035E+06  5.5550E-10 -3.6539E-12  1.3258E+07 -1.4023E+04 -2.4071E+03 -4.1911E+02
     0.673920
  1.3187E+05  4.6130E+05  6.6646E+06  3.0825E+06  4.4709E-10  4.8786E-12  3.1352E+07 -3.3161E+04 -5.6922E+03 -9.9114E+02
     0.680400
  3.1184E+05  1.0909E+06  1.5761E+07  7.2894E+06  8.7216E-10 -1.4729E-11  7.4143E+07 -7.8419E+04 -1.3461E+04 -2.3439E+03
     0.686880
  7.3745E+05  2.5798E+06  3.7271E+07  1.7238E+07 -7.4380E-09 -1.5715E-10  1.7533E+08 -1.8545E+05 -3.1832E+04 -5.5429E+03
     0.693360
  1.7439E+06  6.1007E+06  8.8140E+07  4.0765E+07  6.6018E-09  5.4744E-10  4.1463E+08 -4.3855E+05 -7.5276E+04 -1.3108E+04
     0.699840
  4.1241E+06  1.4427E+07  2.0843E+08  9.6402E+07 -3.1520E-08  4.0637E-10  9.8053E+08 -1.0371E+06 -1.7801E+05 -3.0998E+04
     0.706320
  9.7527E+06  3.4117E+07  4.9291E+08  2.2797E+08 -9.2532E-08  4.5420E-10  2.3188E+09 -2.4525E+06 -4.2098E+05 -7.3303E+04
     0.712800
  2.3063E+07  8.0681E+07  1.1656E+09  5.3912E+08 -1.0342E-07  7.4566E-10  5.4835E+09 -5.7998E+06 -9.9556E+05 -1.7335E+05
     0.719280
  5.4541E+07  1.9080E+08  2.7565E+09  1.2749E+09 -5.0284E-07  6.9650E-09  1.2967E+10 -1.3715E+07 -2.3543E+06 -4.0993E+05
     0.725760
  1.2898E+08  4.5120E+08  6.5187E+09  3.0149E+09 -2.0641E-07  5.0228E-08  3.0666E+10 -3.2434E+07 -5.5677E+06 -9.6942E+05
     0.732240
  3.0501E+08  1.0670E+09  1.5416E+10  7.1298E+09  2.5334E-06  2.2275E-08  7.2519E+10 -7.6702E+07 -1.3167E+07 -2.2925E+06
     0.738720
  7.2130E+08  2.5233E+09  3.6455E+10  1.6861E+10 -5.6352E-06  1.8044E-08  1.7149E+11 -1.8139E+08 -3.1137E+07 -5.4213E+06
     0.745200
  1.7057E+09  5.9671E+09  8.6209E+10  3.9873E+10  1.6971E-05  5.0329E-07  4.0555E+11 -4.2894E+08 -7.3632E+07 -1.2821E+07
     0.751680
  4.0338E+09  1.4111E+10  2.0387E+11  9.4291E+10  3.4144E-05 -5.8244E-07  9.5906E+11 -1.0144E+09 -1.7412E+08 -3.0318E+07
     0.758160
  9.5391E+09  3.3370E+10  4.8212E+11  2.2298E+11 -5.9383E-05  5.1317E-07  2.2680E+12 -2.3988E+09 -4.1177E+08 -7.1698E+07
     0.764640
  2.2558E+10  7.8915E+10  1.1401E+12  5.2731E+11 -3.5745E-04 -3.3814E-07  5.3634E+12 -5.6728E+09 -9.7375E+08 -1.6955E+08
     0.771120
  5.3346E+10  1.8662E+11  2.6962E+12  1.2470E+12  4.2280E-04 -1.7932E-06  1.2684E+13 -1.3415E+10 -2.3027E+09 -4.0096E+08
     0.777600
  1.2615E+11  4.4132E+11  6.3760E+12  2.9489E+12 -5.6767E-04 -2.2793E-05  2.9994E+13 -3.1724E+10 -5.4455E+09 -9.4820E+08
     0.784080
  2.9833E+11  1.0436E+12  1.5078E+13  6.9737E+12  2.0638E-03  1.2383E-04  7.0931E+13 -7.5022E+10 -1.2878E+10 -2.2423E+09
     0.790560
  7.0550E+11  2.4680E+12  3.5657E+13  1.6492E+13  7.7336E-03 -2.9196E-05  1.6774E+14 -1.7741E+11 -3.0454E+10 -5.3027E+09
     0.797040
  1.6684E+12  5.8364E+12  8.4322E+13  3.8999E+13 -7.7383E-03 -9.5948E-07  3.9667E+14 -4.1955E+11 -7.2018E+10 -1.2540E+10
     0.803520
  3.9454E+12  1.3802E+13  1.9941E+14  9.2227E+13  6.2531E-02  3.6088E-04  9.3806E+14 -9.9216E+11 -1.7031E+11 -2.9654E+10
     0.810000
  9.3302E+12  3.2639E+13  4.7156E+14  2.1810E+14  6.1777E-02  1.3321E-03  2.2183E+15 -2.3463E+12 -4.0275E+11 -7.0127E+10
     0.816480
  2.2064E+13  7.7186E+13  1.1151E+15  5.1577E+14  1.9870E-01  3.6114E-03  5.2460E+15 -5.5486E+12 -9.5244E+11 -1.6584E+11
     0.822960
  5.2178E+13  1.8253E+14  2.6371E+15  1.2197E+15  7.9958E-01 -7.8688E-03  1.2406E+16 -1.3121E+13 -2.2524E+12 -3.9218E+11
     0.829440
  1.2339E+14  4.3166E+14  6.2363E+15  2.8844E+15  2.1566E+00  4.8129E-03  2.9337E+16 -3.1030E+13 -5.3264E+12 -9.2743E+11
     0.835920
  2.9180E+14  1.0208E+15  1.4748E+16  6.8210E+15 -8.5905E-01  1.7662E-02  6.9378E+16 -7.3379E+13 -1.2596E+13 -2.1932E+12
     0.842400
  6.9005E+14  2.4140E+15  3.4876E+16  1.6130E+16  3.7699E+00 -1.5182E-01  1.6407E+17 -1.7353E+14 -2.9787E+13 -5.1866E+12
     0.848880
  1.6318E+15  5.7086E+15  8.2475E+16  3.8145E+16 -3.7661E+00  2.1053E-01  3.8799E+17 -4.1036E+14 -7.0441E+13 -1.2265E+13
     0.855360
  3.8590E+15  1.3500E+16  1.9504E+17  9.0207E+16  1.3869E+01  1.1060E-01  9.1752E+17 -9.7044E+14 -1.6658E+14 -2.9005E+13
     0.861840
  9.1259E+15  3.1925E+16  4.6123E+17  2.1332E+17  9.1551E+01  4.3240E-01  2.1698E+18 -2.2949E+15 -3.9393E+14 -6.8592E+13
     0.868320
  2.1581E+16  7.5496E+16  1.0907E+18  5.0447E+17 -4.6756E+01  8.7400E+00  5.1311E+18 -5.4271E+15 -9.3158E+14 -1.6221E+14
     0.874800
  5.1035E+16  1.7854E+17  2.5794E+18  1.1930E+18 -7.5343E+02  2.2379E+00  1.2134E+19 -1.2834E+16 -2.2030E+15 -3.8359E+14
     0.881280
  1.2069E+17  4.2220E+17  6.0998E+18  2.8212E+18  6.1324E+02  2.9180E+00  2.8695E+19 -3.0350E+16 -5.2097E+15 -9.0712E+14
     0.887760
  2.8541E+17  9.9843E+17  1.4425E+19  6.6716E+18  8.5729E+02 -2.2096E+01  6.7858E+19 -7.1773E+16 -1.2320E+16 -2.1452E+15
     0.894240
  6.7494E+17  2.3611E+18  3.4112E+19  1.5777E+19  7.6638E+02  8.3372E+01  1.6047E+20 -1.6973E+17 -2.9135E+16 -5.0730E+15
     0.900720
  1.5961E+18  5.5836E+18  8.0669E+19  3.7310E+19  7.7138E+03 -2.1880E+02  3.7949E+20 -4.0138E+17 -6.8899E+16 -1.1997E+16
     0.907200
  3.7745E+18  1.3204E+19  1.9077E+20  8.8232E+19 -4.9630E+04  4.5843E+02  8.9742E+20 -9.4919E+17 -1.6293E+17 -2.8370E+16
     0.913680
  8.9261E+18  3.1226E+19  4.5113E+20  2.0865E+20  5.0484E+04 -1.6852E+02  2.1222E+21 -2.2447E+18 -3.8531E+17 -6.7090E+16
     0.920160
  2.1109E+19  7.3843E+19  1.0668E+21  4.9342E+20 -1.0386E+05 -1.8519E+02  5.0187E+21 -5.3082E+18 -9.1118E+17 -1.5866E+17
     0.926640
  4.9918E+19  1.7463E+20  2.5229E+21  1.1669E+21 -1.3083E+05 -3.5017E+03  1.1868E+22 -1.2553E+19 -2.1548E+18 -3.7519E+17
     0.933120
  1.1805E+20  4.1296E+20  5.9662E+21  2.7594E+21  1.2635E+06  1.3487E+04  2.8067E+22 -2.9686E+19 -5.0957E+18 -8.8726E+17
     0.939600
  2.7916E+20  9.7657E+20  1.4109E+22  6.5255E+21 -3.4991E+06  2.1809E+04  6.6372E+22 -7.0201E+19 -1.2050E+19 -2.0982E+18
     0.946080
  6.6016E+20  2.3094E+21  3.3365E+22  1.5432E+22  5.4631E+06 -5.2302E+04  1.5696E+23 -1.6601E+20 -2.8497E+19 -4.9619E+18
     0.952560
  1.5612E+21  5.4613E+21  7.8903E+22  3.6493E+22 -1.1273E+07  1.5298E+05  3.7118E+23 -3.9259E+20 -6.7390E+19 -1.1734E+19
     0.959040
  3.6919E+21  1.2915E+22  1.8659E+23  8.6300E+22  3.2738E+07  3.6594E+05  8.7777E+23 -9.2840E+20 -1.5937E+20 -2.7749E+19
     0.965520
  8.7306E+21  3.0542E+22  4.4125E+23  2.0408E+23 -2.7925E+07  1.1463E+06  2.0758E+24 -2.1955E+21 -3.7687E+20 -6.5621E+19
     0.972000
  2.0646E+22  7.2226E+22  1.0435E+24  4.8262E+23 -5.3967E+08  2.1544E+06  4.9088E+24 -5.1920E+21 -8.9123E+20 -1.5518E+20
     0.978480
  4.8825E+22  1.7080E+23  2.4677E+24  1.1413E+24  5.3602E+07 -1.6477E+06  1.1608E+25 -1.2278E+22 -2.1076E+21 -3.6698E+20
     0.984960
  1.1546E+23  4.0391E+23  5.8356E+24  2.6990E+24 -1.4485E+09  1.1271E+07  2.7452E+25 -2.9035E+22 -4.9841E+21 -8.6783E+20
     0.991440
  2.7305E+23  9.5519E+23  1.3800E+25  6.3826E+24  4.9358E+08 -1.9615E+07  6.4919E+25 -6.8664E+22 -1.1786E+22 -2.0523E+21
     0.997920
  6.4571E+23  2.2588E+24  3.2635E+25  1.5094E+25 -3.3415E+09  1.0894E+08  1.5352E+26 -1.6238E+23 -2.7873E+22 -4.8532E+21
     1.004400
  1.5270E+24  5.3418E+24  7.7175E+25  3.5694E+25 -2.4650E+08  1.7433E+07  3.6305E+26 -3.8399E+23 -6.5914E+22 -1.1477E+22
     1.010880
  3.6110E+24  1.2632E+25  1.8250E+26  8.4410E+25 -1.1063E+10  4.3748E+08  8.5855E+26 -9.0807E+23 -1.5588E+23 -2.7141E+22
     1.017360
  8.5394E+24  2.9873E+25  4.3159E+26  1.9961E+26 -5.6824E+10  5.6300E+08  2.0303E+27 -2.1474E+24 -3.6862E+23 -6.4184E+22
     1.023840
  2.0194E+25  7.0644E+25  1.0206E+27  4.7205E+26 -7.7221E+10  1.2573E+08  4.8013E+27 -5.0783E+24 -8.7171E+23 -1.5178E+23
     1.030320
  4.7756E+25  1.6706E+26  2.4136E+27  1.1163E+27  3.6462E+11  1.3543E+09  1.1354E+28 -1.2009E+25 -2.0614E+24 -3.5894E+23
     1.036800
  1.1293E+26  3.9507E+26  5.7078E+27  2.6399E+27 -8.9755E+11 -1.2222E+09  2.6851E+28 -2.8400E+25 -4.8749E+24 -8.4883E+23
     1.043280
  2.6707E+26  9.3427E+26  1.3498E+28  6.2429E+27  4.1678E+12  3.1633E+09  6.3497E+28 -6.7160E+25 -1.1528E+25 -2.0073E+24
     1.049760
  6.3157E+26  2.2094E+27  3.1920E+28  1.4763E+28 -2.8292E+12 -9.6909E+10  1.5016E+29 -1.5882E+26 -2.7262E+25 -4.7470E+24
     1.056240
  1.4935E+27  5.2248E+27  7.5485E+28  3.4912E+28  1.6396E+13 -4.6578E+10  3.5510E+29 -3.7558E+26 -6.4471E+25 -1.1226E+25
     1.062720
  3.5320E+27  1.2356E+28  1.7851E+29  8.2561E+28  5.1141E+13 -4.0181E+10  8.3975E+29 -8.8819E+26 -1.5246E+26 -2.6547E+25
     1.069200
  8.3524E+27  2.9219E+28  4.2214E+29  1.9524E+29  1.5113E+14 -2.4094E+11  1.9859E+30 -2.1004E+27 -3.6054E+26 -6.2778E+25
     1.075680
  2.4648E-02  8.6223E-02  1.2457E+00  5.7615E-01 -2.6782E-16 -2.8677E-18  5.8602E+00 -6.1982E-03 -1.0639E-03 -1.8526E-04
     1.082160
  5.8287E-02  2.0390E-01  2.9459E+00  1.3625E+00  8.9631E-17  9.7498E-19  1.3858E+01 -1.4658E-02 -2.5160E-03 -4.3810E-04
     1.088640
  1.3784E-01  4.8219E-01  6.9665E+00  3.2221E+00  7.3823E-16  1.1430E-17  3.2772E+01 -3.4663E-02 -5.9500E-03 -1.0360E-03
     1.095120
  3.2596E-01  1.1403E+00  1.6474E+01  7.6196E+00 -8.9124E-15  7.8111E-18  7.7500E+01 -8.1971E-02 -1.4071E-02 -2.4500E-03
     1.101600
  7.7084E-01  2.6966E+00  3.8959E+01  1.8019E+01 -6.1142E-16 -7.5651E-17  1.8327E+02 -1.9385E-01 -3.3275E-02 -5.7938E-03
     1.108080
  1.8229E+00  6.3770E+00  9.2131E+01  4.2611E+01  4.9250E-15  1.7170E-16  4.3341E+02 -4.5841E-01 -7.8688E-02 -1.3701E-02
     1.114560
  4.3108E+00  1.5080E+01  2.1787E+02  1.0077E+02  3.5805E-14 -7.9341E-17  1.0249E+03 -1.0841E+00 -1.8608E-01 -3.2401E-02
     1.121040
  1.0194E+01  3.5662E+01  5.1523E+02  2.3830E+02 -1.8813E-14 -7.1590E-17  2.4238E+03 -2.5636E+00 -4.4005E-01 -7.6623E-02
     1.127520
  2.4108E+01  8.4335E+01  1.2184E+03  5.6353E+02  1.3322E-13  2.9267E-16  5.7318E+03 -6.0625E+00 -1.0406E+00 -1.8120E-01
     1.134000
  5.7011E+01  1.9944E+02  2.8814E+03  1.3327E+03 -4.7613E-13 -2.8556E-15  1.3555E+04 -1.4337E+01 -2.4609E+00 -4.2850E-01
     1.140480
  1.3482E+02  4.7163E+02  6.8139E+03  3.1515E+03  2.1343E-13  2.2283E-14  3.2055E+04 -3.3903E+01 -5.8197E+00 -1.0133E+00
     1.146960
  3.1883E+02  1.1153E+03  1.6114E+04  7.4527E+03  8.0501E-13 -2.8591E-14  7.5803E+04 -8.0176E+01 -1.3763E+01 -2.3963E+00
     1.153440
  7.5396E+02  2.6376E+03  3.8106E+04  1.7624E+04 -9.0023E-12  1.1181E-13  1.7926E+05 -1.8960E+02 -3.2546E+01 -5.6669E+00
     1.159920
  1.7830E+03  6.2373E+03  9.0114E+04  4.1678E+04  2.3653E-11  5.6281E-14  4.2392E+05 -4.4837E+02 -7.6965E+01 -1.3401E+01
     1.166400
  4.2164E+03  1.4750E+04  2.1310E+05  9.8562E+04 -2.0499E-11  6.5042E-13  1.0025E+06 -1.0603E+03 -1.8201E+02 -3.1692E+01
     1.172880
  9.9711E+03  3.4882E+04  5.0395E+05  2.3308E+05  5.4338E-11  6.9982E-13  2.3707E+06 -2.5075E+03 -4.3042E+02 -7.4945E+01
     1.179360
  2.3580E+04  8.2489E+04  1.1918E+06  5.5119E+05  5.9674E-11 -2.4118E-12  5.6063E+06 -5.9297E+03 -1.0179E+03 -1.7723E+02
     1.185840
  5.5762E+04  1.9507E+05  2.8183E+06  1.3035E+06 -2.8544E-10 -1.9188E-13  1.3258E+07 -1.4023E+04 -2.4071E+03 -4.1912E+02
     1.192320
  1.3187E+05  4.6131E+05  6.6647E+06  3.0825E+06 -5.5998E-10  3.2078E-12  3.1353E+07 -3.3161E+04 -5.6923E+03 -9.9114E+02
     1.198800
  3.1184E+05  1.0909E+06  1.5761E+07  7.2895E+06 -4.1619E-09 -2.7862E-11  7.4143E+07 -7.8420E+04 -1.3461E+04 -2.3439E+03
     1.205280
  7.3745E+05  2.5798E+06  3.7272E+07  1.7238E+07  5.9876E-09  1.8093E-10  1.7534E+08 -1.8545E+05 -3.1833E+04 -5.5428E+03
     1.211760
  1.7439E+06  6.1008E+06  8.8141E+07  4.0766E+07  5.9018E-10 -1.1011E-10  4.1464E+08 -4.3855E+05 -7.5280E+04 -1.3108E+04
     1.218240
  4.1241E+06  1.4427E+07  2.0844E+08  9.6404E+07 -2.7564E-08 -7.5545E-11  9.8054E+08 -1.0371E+06 -1.7802E+05 -3.0998E+04
     1.224720
  9.7528E+06  3.4118E+07  4.9292E+08  2.2798E+08 -8.1918E-09 -2.9591E-10  2.3188E+09 -2.4526E+06 -4.2099E+05 -7.3304E+04
     1.231200
  2.3064E+07  8.0682E+07  1.1657E+09  5.3912E+08 -1.0974E-08  4.0551E-09  5.4836E+09 -5.7999E+06 -9.9557E+05 -1.7335E+05
     1.237680
  5.4541E+07  1.9080E+08  2.7566E+09  1.2749E+09 -3.8719E-08  5.6019E-09  1.2968E+10 -1.3716E+07 -2.3544E+06 -4.0994E+05
     1.244160
  1.2898E+08  4.5121E+08  6.5188E+09  3.0150E+09  2.2257E-06  1.7646E-08  3.0666E+10 -3.2435E+07 -5.5676E+06 -9.6944E+05
     1.250640
  3.0501E+08  1.0670E+09  1.5416E+10  7.1299E+09 -3.5479E-06  1.6002E-08  7.2520E+10 -7.6703E+07 -1.3166E+07 -2.2925E+06
     1.257120
  7.2131E+08  2.5233E+09  3.6455E+10  1.6861E+10  2.6425E-06  1.1121E-07  1.7150E+11 -1.8139E+08 -3.1136E+07 -5.4215E+06
     1.263600
  1.7058E+09  5.9672E+09  8.6211E+10  3.9873E+10  2.0141E-05  2.4005E-07  4.0556E+11 -4.2895E+08 -7.3631E+07 -1.2821E+07
     1.270080
  4.0338E+09  1.4111E+10  2.0387E+11  9.4293E+10  3.9439E-05 -4.8535E-07  9.5907E+11 -1.0144E+09 -1.7413E+08 -3.0319E+07
     1.276560
  9.5392E+09  3.3371E+10  4.8212E+11  2.2298E+11 -2.2433E-05  2.9297E-07  2.2680E+12 -2.3988E+09 -4.1177E+08 -7.1699E+07
     1.283040
  2.2559E+10  7.8915E+10  1.1401E+12  5.2732E+11  3.0326E-04  8.7309E-07  5.3635E+12 -5.6728E+09 -9.7377E+08 -1.6955E+08
     1.289520
  5.3347E+10  1.8662E+11  2.6962E+12  1.2470E+12 -2.4549E-04 -1.0092E-05  1.2684E+13 -1.3415E+10 -2.3028E+09 -4.0096E+08
     1.296000
  1.2616E+11  4.4132E+11  6.3760E+12  2.9490E+12  1.1938E-03  6.0993E-06  2.9995E+13 -3.1725E+10 -5.4457E+09 -9.4821E+08
     1.302480
  2.9834E+11  1.0437E+12  1.5078E+13  6.9738E+12  1.2569E-04 -2.2672E-05  7.0932E+13 -7.5023E+10 -1.2878E+10 -2.2423E+09
     1.308960
  7.0551E+11  2.4681E+12  3.5657E+13  1.6492E+13 -8.8348E-03  6.7681E-06  1.6774E+14 -1.7742E+11 -3.0454E+10 -5.3027E+09
     1.315440
  1.6684E+12  5.8365E+12  8.4323E+13  3.9000E+13 -1.4272E-02  7.1070E-05  3.9668E+14 -4.1956E+11 -7.2019E+10 -1.2540E+10
     1.321920
  3.9455E+12  1.3802E+13  1.9941E+14  9.2228E+13 -2.5038E-02  1.5217E-03  9.3807E+14 -9.9218E+11 -1.7031E+11 -2.9655E+10
     1.328400
  9.3303E+12  3.2640E+13  4.7156E+14  2.1810E+14 -3.3443E-02 -7.3199E-04  2.2184E+15 -2.3463E+12 -4.0276E+11 -7.0128E+10
     1.334880
  2.2065E+13  7.7187E+13  1.1152E+15  5.1577E+14 -5.6296E-02 -1.3201E-03  5.2460E+15 -5.5486E+12 -9.5245E+11 -1.6584E+11
     1.341360
  5.2179E+13  1.8253E+14  2.6372E+15  1.2197E+15  4.4111E-01  1.1660E-03  1.2406E+16 -1.3121E+13 -2.2524E+12 -3.9218E+11
     1.347840
  1.2339E+14  4.3166E+14  6.2364E+15  2.8844E+15 -4.4477E-01  8.4879E-03  2.9338E+16 -3.1030E+13 -5.3264E+12 -9.2745E+11
     1.354320
  2.9180E+14  1.0208E+15  1.4748E+16  6.8211E+15 -8.6974E-01 -3.8655E-02  6.9378E+16 -7.3380E+13 -1.2596E+13 -2.1932E+12
     1.360800
  6.9006E+14  2.4140E+15  3.4876E+16  1.6131E+16 -3.4288E+00 -1.0607E-02  1.6407E+17 -1.7353E+14 -2.9787E+13 -5.1866E+12
     1.367280
  1.6319E+15  5.7087E+15  8.2476E+16  3.8146E+16  1.2817E+00 -1.2712E-02  3.8799E+17 -4.1037E+14 -7.0442E+13 -1.2265E+13
     1.373760
  3.8591E+15  1.3500E+16  1.9504E+17  9.0208E+16 -5.5453E+01  6.1903E-01  9.1753E+17 -9.7045E+14 -1.6658E+14 -2.9006E+13
     1.380240
  9.1260E+15  3.1925E+16  4.6124E+17  2.1333E+17 -1.8233E+01 -1.1691E+00  2.1698E+18 -2.2949E+15 -3.9394E+14 -6.8593E+13
     1.386720
  2.1581E+16  7.5497E+16  1.0907E+18  5.0448E+17  4.0085E+02  1.7993E+00  5.1312E+18 -5.4271E+15 -9.3159E+14 -1.6221E+14
     1.393200
  5.1036E+16  1.7854E+17  2.5794E+18  1.1930E+18 -8.5483E+02  8.3473E+00  1.2134E+19 -1.2834E+16 -2.2030E+15 -3.8360E+14
     1.399680
  1.2069E+17  4.2221E+17  6.0998E+18  2.8212E+18 -9.8863E+02  2.0861E-01  2.8695E+19 -3.0350E+16 -5.2098E+15 -9.0714E+14
     1.406160
  2.8541E+17  9.9845E+17  1.4425E+19  6.6717E+18 -1.1374E+02  3.1728E+00  6.7859E+19 -7.1773E+16 -1.2320E+16 -2.1452E+15
     1.412640
  6.7495E+17  2.3611E+18  3.4113E+19  1.5777E+19 -3.2569E+03  8.2738E+01  1.6047E+20 -1.6973E+17 -2.9135E+16 -5.0730E+15
     1.419120
  1.5961E+18  5.5837E+18  8.0670E+19  3.7311E+19  1.6124E+04 -4.0972E+01  3.7949E+20 -4.0138E+17 -6.8899E+16 -1.1997E+16
     1.425600
  3.7746E+18  1.3204E+19  1.9077E+20  8.8233E+19 -1.4723E+04  3.6072E+01  8.9744E+20 -9.4920E+17 -1.6293E+17 -2.8370E+16
     1.432080
  8.9262E+18  3.1226E+19  4.5114E+20  2.0865E+20  1.0508E+05 -1.2004E+03  2.1223E+21 -2.2447E+18 -3.8531E+17 -6.7091E+16
     1.438560
  2.1109E+19  7.3844E+19  1.0669E+21  4.9343E+20  1.1094E+05  7.4288E+03  5.0188E+21 -5.3083E+18 -9.1119E+17 -1.5866E+17
     1.445040
  4.9919E+19  1.7463E+20  2.5229E+21  1.1669E+21  2.2018E+05 -4.1583E+03  1.1869E+22 -1.2553E+19 -2.1548E+18 -3.7520E+17
     1.451520
  1.1805E+20  4.1296E+20  5.9663E+21  2.7594E+21  2.0136E+06 -9.6010E+02  2.8067E+22 -2.9686E+19 -5.0957E+18 -8.8727E+17
     1.458000
  2.7916E+20  9.7658E+20  1.4109E+22  6.5256E+21 -1.0421E+04  6.1675E+03  6.6373E+22 -7.0202E+19 -1.2050E+19 -2.0982E+18
     1.464480
  6.6017E+20  2.3094E+21  3.3366E+22  1.5432E+22  7.3634E+06  6.9986E+04  1.5696E+23 -1.6601E+20 -2.8497E+19 -4.9620E+18
